 0.000000000000e+00  1.501490489952e+00 
 1.000000000000e-13  1.493059332822e+00 
 2.000000000000e-13  1.487629932209e+00 
 4.000000000000e-13  1.478353768016e+00 
 8.000000000000e-13  1.461646802601e+00 
 1.600000000000e-12  1.428565592219e+00 
 3.200000000000e-12  1.366984627607e+00 
 6.400000000000e-12  1.257824602026e+00 
 1.280000000000e-11  1.083291838740e+00 
 2.280000000000e-11  8.710354931983e-01 
 3.280000000000e-11  7.012548342612e-01 
 4.280000000000e-11  5.692686657539e-01 
 5.280000000000e-11  4.674728734214e-01 
 6.280000000000e-11  3.881336879207e-01 
 7.280000000000e-11  3.259633362701e-01 
 8.280000000000e-11  2.758334023214e-01 
 9.280000000000e-11  2.352724747795e-01 
 1.028000000000e-10  2.014490165507e-01 
 1.128000000000e-10  1.729764887031e-01 
 1.228000000000e-10  1.482579790988e-01 
 1.328000000000e-10  1.268516151810e-01 
 1.428000000000e-10  1.078527366224e-01 
 1.528000000000e-10  9.130497780307e-02 
 1.628000000000e-10  7.664902855206e-02 
 1.728000000000e-10  6.408058136449e-02 
 1.828000000000e-10  5.311114526166e-02 
 1.928000000000e-10  4.391416298544e-02 
 2.028000000000e-10  3.598964843066e-02 
 2.128000000000e-10  2.948572457647e-02 
 2.228000000000e-10  2.391966019122e-02 
 2.328000000000e-10  1.944682229659e-02 
 2.428000000000e-10  1.562242854644e-02 
 2.528000000000e-10  1.262117501377e-02 
 2.628000000000e-10  1.003964957631e-02 
 2.728000000000e-10  8.072285909579e-03 
 2.828000000000e-10  6.353631794527e-03 
 2.928000000000e-10  5.094126301006e-03 
 3.028000000000e-10  3.960774252123e-03 
 3.128000000000e-10  3.175158522702e-03 
 3.228000000000e-10  2.431038392751e-03 
 3.328000000000e-10  1.956458525826e-03 
 3.428000000000e-10  1.466860117281e-03 
 3.528000000000e-10  1.192816155690e-03 
 3.628000000000e-10  8.673101959982e-04 
 3.728000000000e-10  7.204192692291e-04 
 3.828000000000e-10  4.994750120545e-04 
 3.928000000000e-10  4.318861942222e-04 
 4.028000000000e-10  2.769565308169e-04 
 4.128000000000e-10  2.579568886254e-04 
 4.228000000000e-10  1.444337625361e-04 
 4.328000000000e-10  1.545855356601e-04 
 4.428000000000e-10  6.695352871566e-05 
 4.528000000000e-10  9.411428076378e-05 
 4.628000000000e-10  2.269962569268e-05 
 4.728000000000e-10  5.938071020783e-05 
 4.828000000000e-10 -1.786122408753e-06 
 4.928000000000e-10  3.985853511801e-05 
 5.028000000000e-10 -1.470836099826e-05 
 5.128000000000e-10  2.916907092532e-05 
 5.228000000000e-10 -2.100642431524e-05 
 5.328000000000e-10  2.349752400843e-05 
 5.428000000000e-10 -2.361221195224e-05 
 5.528000000000e-10  2.059661099585e-05 
 5.628000000000e-10 -2.423734279522e-05 
 5.728000000000e-10  1.916628093812e-05 
 5.828000000000e-10 -2.386067200999e-05 
 5.928000000000e-10  1.847151578238e-05 
 6.028000000000e-10 -2.302712873670e-05 
 6.128000000000e-10  1.810929381141e-05 
 6.228000000000e-10 -2.202891751879e-05 
 6.328000000000e-10  1.786810534277e-05 
 6.428000000000e-10 -2.101407922339e-05 
 6.528000000000e-10  1.764434272822e-05 
 6.628000000000e-10 -2.005063535315e-05 
 6.728000000000e-10  1.739328754791e-05 
 6.828000000000e-10 -1.916385916301e-05 
 6.928000000000e-10  1.710091054175e-05 
 7.028000000000e-10 -1.835747965595e-05 
 7.128000000000e-10  1.676803280681e-05 
 7.228000000000e-10 -1.762541197881e-05 
 7.328000000000e-10  1.640171764550e-05 
 7.428000000000e-10 -1.695799551626e-05 
 7.528000000000e-10  1.601081233293e-05 
 7.628000000000e-10 -1.634511571857e-05 
 7.728000000000e-10  1.560381375043e-05 
 7.828000000000e-10 -1.577760799520e-05 
 7.928000000000e-10  1.518799157274e-05 
 8.028000000000e-10 -1.524775235184e-05 
 8.128000000000e-10  1.476915897591e-05 
 8.228000000000e-10 -1.474931656797e-05 
 8.328000000000e-10  1.435174987197e-05 
 8.428000000000e-10 -1.427739921545e-05 
 8.528000000000e-10  1.393901916680e-05 
 8.628000000000e-10 -1.382820520168e-05 
 8.728000000000e-10  1.353327195985e-05 
 8.828000000000e-10 -1.339881866980e-05 
 8.928000000000e-10  1.313607799325e-05 
 9.028000000000e-10 -1.298700201535e-05 
 9.128000000000e-10  1.274845373045e-05 
 9.228000000000e-10 -1.259102994633e-05 
 9.328000000000e-10  1.237100900031e-05 
 9.428000000000e-10 -1.220955849468e-05 
 9.528000000000e-10  1.200406044899e-05 
 9.628000000000e-10 -1.184152464995e-05 
 9.728000000000e-10  1.164771719997e-05 
 9.828000000000e-10 -1.148607117096e-05 
 9.928000000000e-10  1.130194420718e-05 
 1.002800000000e-09 -1.114249112399e-05 
 1.012800000000e-09  1.096660837263e-05 
 1.022800000000e-09 -1.081018744209e-05 
 1.032800000000e-09  1.064151162311e-05 
 1.042800000000e-09 -1.048864387188e-05 
 1.052800000000e-09  1.032641430831e-05 
 1.062800000000e-09 -1.017740419751e-05 
 1.072800000000e-09  1.002105167147e-05 
 1.082800000000e-09 -9.876057346259e-06 
 1.092800000000e-09  9.725145261541e-06 
 1.102800000000e-09 -9.584226945858e-06 
 1.112800000000e-09  9.438410707774e-06 
 1.122800000000e-09 -9.301563827502e-06 
 1.132800000000e-09  9.160563030908e-06 
 1.142800000000e-09 -9.027740791145e-06 
 1.152800000000e-09  8.891320125715e-06 
 1.162800000000e-09 -8.762448812982e-06 
 1.172800000000e-09  8.630405064824e-06 
 1.182800000000e-09 -8.505394331504e-06 
 1.192800000000e-09  8.377547491611e-06 
 1.202800000000e-09 -8.256297357567e-06 
 1.212800000000e-09  8.132484513035e-06 
 1.222800000000e-09 -8.014889896324e-06 
 1.232800000000e-09  7.894961171484e-06 
 1.242800000000e-09 -7.780914935585e-06 
 1.252800000000e-09  7.664730634294e-06 
 1.262800000000e-09 -7.554125537435e-06 
 1.272800000000e-09  7.441554215393e-06 
 1.282800000000e-09 -7.334284250926e-06 
 1.292800000000e-09  7.225201268501e-06 
 1.302800000000e-09 -7.121162471257e-06 
 1.312800000000e-09  7.015449091319e-06 
 1.322800000000e-09 -6.914539934288e-06 
 1.332800000000e-09  6.812082669394e-06 
 1.342800000000e-09 -6.714204455416e-06 
 1.352800000000e-09  6.614894461632e-06 
 1.362800000000e-09 -6.519951391781e-06 
 1.372800000000e-09  6.423684174472e-06 
 1.382800000000e-09 -6.331583441765e-06 
 1.392800000000e-09  6.238258495772e-06 
 1.402800000000e-09 -6.148910241865e-06 
 1.412800000000e-09  6.058430853551e-06 
 1.422800000000e-09 -5.971748166966e-06 
 1.432800000000e-09  5.884021181624e-06 
 1.442800000000e-09 -5.799920003269e-06 
 1.452800000000e-09  5.714855647487e-06 
 1.462800000000e-09 -5.633254736237e-06 
 1.472800000000e-09  5.550766467022e-06 
 1.482800000000e-09 -5.471587278483e-06 
 1.492800000000e-09  5.391591650694e-06 
 1.502800000000e-09 -5.314758271147e-06 
 1.512800000000e-09  5.237174787509e-06 
 1.522800000000e-09 -5.162613846865e-06 
 1.532800000000e-09  5.087364853162e-06 
 1.542800000000e-09 -5.015005435038e-06 
 1.552800000000e-09  4.942015990217e-06 
 1.562800000000e-09 -4.871789542116e-06 
 1.572800000000e-09  4.800987341902e-06 
 1.582800000000e-09 -4.732827582177e-06 
 1.592800000000e-09  4.664142846167e-06 
 1.602800000000e-09 -4.597985687416e-06 
 1.612800000000e-09  4.531351042836e-06 
 1.622800000000e-09 -4.467134543940e-06 
 1.632800000000e-09  4.402484940158e-06 
 1.642800000000e-09 -4.340149208248e-06 
 1.652800000000e-09  4.277421828847e-06 
 1.662800000000e-09 -4.216908940147e-06 
 1.672800000000e-09  4.156043125314e-06 
 1.682800000000e-09 -4.097297067740e-06 
 1.692800000000e-09  4.038234226900e-06 
 1.702800000000e-09 -3.981200836667e-06 
 1.712800000000e-09  3.923884363544e-06 
 1.722800000000e-09 -3.868511237570e-06 
 1.732800000000e-09  3.812886476329e-06 
 1.742800000000e-09 -3.759122911395e-06 
 1.752800000000e-09  3.705137014531e-06 
 1.762800000000e-09 -3.652934007503e-06 
 1.772800000000e-09  3.600535924630e-06 
 1.782800000000e-09 -3.549846003148e-06 
 1.792800000000e-09  3.498986428596e-06 
 1.802800000000e-09 -3.449763679053e-06 
 1.812800000000e-09  3.400394904207e-06 
 1.822800000000e-09 -3.352594933781e-06 
 1.832800000000e-09  3.304670882387e-06 
 1.842800000000e-09 -3.258250656057e-06 
 1.852800000000e-09  3.211726785857e-06 
 1.862800000000e-09 -3.166644716113e-06 
 1.872800000000e-09  3.121477931800e-06 
 1.882800000000e-09 -3.077693713549e-06 
 1.892800000000e-09  3.033842391531e-06 
 1.902800000000e-09 -2.991317038625e-06 
 1.912800000000e-09  2.948740905895e-06 
 1.922800000000e-09 -2.907436633337e-06 
 1.932800000000e-09  2.866096736276e-06 
 1.942800000000e-09 -2.825977035048e-06 
 1.952800000000e-09  2.785835670593e-06 
 1.962800000000e-09 -2.746865162440e-06 
 1.972800000000e-09  2.707885854991e-06 
 1.982800000000e-09 -2.670030278207e-06 
 1.992800000000e-09  2.632177803608e-06 
 2.000000000000e-09 -2.576528895126e-06 
