 1.628000000000e-10  2.225826212898e-02 
 1.728000000000e-10  1.309004263690e-02 
 1.828000000000e-10  2.167340822430e-03 
 1.928000000000e-10 -9.289543607948e-03 
 2.028000000000e-10 -1.996307100246e-02 
 2.128000000000e-10 -2.859092740560e-02 
 2.228000000000e-10 -3.411701372205e-02 
 2.328000000000e-10 -3.581950141600e-02 
 2.428000000000e-10 -3.340630572490e-02 
 2.528000000000e-10 -2.705586222705e-02 
 2.628000000000e-10 -1.740845795417e-02 
 2.728000000000e-10 -5.500431677592e-03 
 2.828000000000e-10  7.344867226468e-03 
 2.928000000000e-10  1.966361320134e-02 
 3.028000000000e-10  3.001221630375e-02 
 3.128000000000e-10  3.713928672000e-02 
 3.228000000000e-10  4.013592614099e-02 
 3.328000000000e-10  3.855267474368e-02 
 3.428000000000e-10  3.246038922360e-02 
 3.528000000000e-10  2.245204565007e-02 
 3.628000000000e-10  9.585751223173e-03 
 3.728000000000e-10 -4.720918528847e-03 
 3.828000000000e-10 -1.884637921530e-02 
 3.928000000000e-10 -3.114373792775e-02 
 4.028000000000e-10 -4.013469754767e-02 
 4.128000000000e-10 -4.468899860320e-02 
 4.228000000000e-10 -4.416799357194e-02 
 4.328000000000e-10 -3.850900681667e-02 
 4.428000000000e-10 -2.824521373478e-02 
 4.528000000000e-10 -1.445168024063e-02 
 4.628000000000e-10  1.364290434387e-03 
 4.728000000000e-10  1.742295659446e-02 
 4.828000000000e-10  3.186682053324e-02 
 4.928000000000e-10  4.297542898743e-02 
 5.028000000000e-10  4.937195943650e-02 
 5.128000000000e-10  5.019712883373e-02 
 5.228000000000e-10  4.522115198047e-02 
 5.328000000000e-10  3.488057693041e-02 
 5.428000000000e-10  2.023885114259e-02 
 5.528000000000e-10  2.880964045643e-03 
 5.628000000000e-10 -1.525365872279e-02 
 5.728000000000e-10 -3.207956598737e-02 
 5.828000000000e-10 -4.560383606527e-02 
 5.928000000000e-10 -5.416566125236e-02 
 6.028000000000e-10 -5.664659211938e-02 
 6.128000000000e-10 -5.261421812578e-02 
 6.228000000000e-10 -4.238430884808e-02 
 6.328000000000e-10 -2.699299892596e-02 
 6.428000000000e-10 -8.091039383001e-03 
 6.528000000000e-10  1.222627288965e-02 
 6.628000000000e-10  3.164058173576e-02 
 6.728000000000e-10  4.787027063781e-02 
 6.828000000000e-10  5.894181953912e-02 
 6.928000000000e-10  6.343836538057e-02 
 7.028000000000e-10  6.068192771772e-02 
 7.128000000000e-10  5.082465482727e-02 
 7.228000000000e-10  3.483988167990e-02 
 7.328000000000e-10  1.442329526916e-02 
 7.428000000000e-10 -8.180473050846e-03 
 7.528000000000e-10 -3.040989429273e-02 
 7.628000000000e-10 -4.966809444623e-02 
 7.728000000000e-10 -6.362947787804e-02 
 7.828000000000e-10 -7.053289000423e-02 
 7.928000000000e-10 -6.941021357920e-02 
 8.028000000000e-10 -6.021343206563e-02 
 8.128000000000e-10 -4.382494286819e-02 
 8.228000000000e-10 -2.196479619781e-02 
 8.328000000000e-10  2.984569777417e-03 
 8.428000000000e-10  2.821951721555e-02 
 8.528000000000e-10  5.081463825789e-02 
 8.628000000000e-10  6.806205675159e-02 
 8.728000000000e-10  7.781146038332e-02 
 8.828000000000e-10  7.875134393871e-02 
 8.928000000000e-10  7.058043064979e-02 
 9.028000000000e-10  5.404610932195e-02 
 9.128000000000e-10  3.086218295150e-02 
 9.228000000000e-10  3.532581420006e-03 
 9.328000000000e-10 -2.489684369373e-02 
 9.428000000000e-10 -5.115355683577e-02 
 9.528000000000e-10 -7.211032552171e-02 
 9.628000000000e-10 -8.517693286854e-02 
 9.728000000000e-10 -8.864334386183e-02 
 9.828000000000e-10 -8.190355456829e-02 
 9.928000000000e-10 -6.552823071173e-02 
 1.002800000000e-09 -4.119481575556e-02 
 1.012800000000e-09 -1.150781302937e-02 
 1.022800000000e-09  2.025529264307e-02 
 1.032800000000e-09  5.046981770719e-02 
 1.042800000000e-09  7.556274065913e-02 
 1.052800000000e-09  9.245563942390e-02 
 1.062800000000e-09  9.897618243173e-02 
 1.072800000000e-09  9.414977696438e-02 
 1.082800000000e-09  7.831594457423e-02 
 1.092800000000e-09  5.307367465441e-02 
 1.102800000000e-09  2.110111751347e-02 
 1.112800000000e-09 -1.410507657354e-02 
 1.122800000000e-09 -4.856293310954e-02 
 1.132800000000e-09 -7.822574933359e-02 
 1.142800000000e-09 -9.947621769995e-02 
 1.152800000000e-09 -1.096151992989e-01 
 1.162800000000e-09 -1.072327881725e-01 
 1.172800000000e-09 -9.238074387862e-02 
 1.182800000000e-09 -6.653805751636e-02 
 1.192800000000e-09 -3.242583554963e-02 
 1.202800000000e-09  6.262127591620e-03 
 1.212800000000e-09  4.519577622647e-02 
 1.222800000000e-09  7.984075682017e-02 
 1.232800000000e-09  1.059969495200e-01 
 1.242800000000e-09  1.203695453758e-01 
 1.252800000000e-09  1.210353542313e-01 
 1.262800000000e-09  1.076873570726e-01 
 1.272800000000e-09  8.163129288658e-02 
 1.282800000000e-09  4.559554318440e-02 
 1.292800000000e-09  3.446316496100e-03 
 1.302800000000e-09 -4.015100845942e-02 
 1.312800000000e-09 -8.016529213539e-02 
 1.322800000000e-09 -1.117732798979e-01 
 1.332800000000e-09 -1.310161984409e-01 
 1.342800000000e-09 -1.353768709837e-01 
 1.352800000000e-09 -1.241160249623e-01 
 1.362800000000e-09 -9.831050232174e-02 
 1.372800000000e-09 -6.065639986140e-02 
 1.382800000000e-09 -1.516086042939e-02 
 1.392800000000e-09  3.320173578493e-02 
 1.402800000000e-09  7.891213905835e-02 
 1.412800000000e-09  1.164975186399e-01 
 1.422800000000e-09  1.412697366876e-01 
 1.432800000000e-09  1.500288359686e-01 
 1.442800000000e-09  1.415150344867e-01 
 1.452800000000e-09  1.165076769656e-01 
 1.462800000000e-09  7.762582178923e-02 
 1.472800000000e-09  2.898523022735e-02 
 1.482800000000e-09 -2.416069435801e-02 
 1.492800000000e-09 -7.582337863461e-02 
 1.502800000000e-09 -1.198663390916e-01 
 1.512800000000e-09 -1.508147608029e-01 
 1.522800000000e-09 -1.646982142608e-01 
 1.532800000000e-09 -1.596438272516e-01 
 1.542800000000e-09 -1.360583415854e-01 
 1.552800000000e-09 -9.643420128087e-02 
 1.562800000000e-09 -4.496038542318e-02 
 1.572800000000e-09  1.286912315739e-02 
 1.582800000000e-09  7.063374752873e-02 
 1.592800000000e-09  1.215413256197e-01 
 1.602800000000e-09  1.592868202727e-01 
 1.612800000000e-09  1.790412957874e-01 
 1.622800000000e-09  1.782147423898e-01 
 1.632800000000e-09  1.567515878475e-01 
 1.642800000000e-09  1.169588393701e-01 
 1.652800000000e-09  6.306356709619e-02 
 1.662800000000e-09  7.635701899860e-04 
 1.672800000000e-09 -6.313527484648e-02 
 1.682800000000e-09 -1.212133295271e-01 
 1.692800000000e-09 -1.663114348902e-01 
 1.702800000000e-09 -1.926643187951e-01 
 1.712800000000e-09 -1.968603681538e-01 
 1.722800000000e-09 -1.782824550478e-01 
 1.732800000000e-09 -1.389827993662e-01 
 1.742800000000e-09 -8.318826282386e-02 
 1.752800000000e-09 -1.676351934736e-02 
 1.762800000000e-09  5.315804217845e-02 
 1.772800000000e-09  1.185830038985e-01 
 1.782800000000e-09  1.715005106790e-01 
 1.792800000000e-09  2.051444979004e-01 
 1.802800000000e-09  2.151742907140e-01 
 1.812800000000e-09  2.002993287883e-01 
 1.822800000000e-09  1.622319653632e-01 
 1.832800000000e-09  1.051544894846e-01 
 1.842800000000e-09  3.506898825473e-02 
 1.852800000000e-09 -4.062020124029e-02 
 1.862800000000e-09 -1.134191979329e-01 
 1.872800000000e-09 -1.744982734208e-01 
 1.882800000000e-09 -2.160491266630e-01 
 1.892800000000e-09 -2.327032621168e-01 
 1.902800000000e-09 -2.223803389615e-01 
 1.912800000000e-09 -1.863533377777e-01 
 1.922800000000e-09 -1.287022379509e-01 
 1.932800000000e-09 -5.553924992176e-02 
 1.942800000000e-09  2.551226993063e-02 
 1.952800000000e-09  1.055478984078e-01 
 1.962800000000e-09  1.749847279090e-01 
 1.972800000000e-09  2.249592433997e-01 
 1.982800000000e-09  2.489880856656e-01 
 1.992800000000e-09  2.440794959148e-01 
 2.002800000000e-09  2.109534994020e-01 
 2.012800000000e-09  1.535128888570e-01 
 2.022800000000e-09  7.795250632853e-02 
 2.032800000000e-09 -7.922545627669e-03 
 2.042800000000e-09 -9.489088672196e-02 
 2.052800000000e-09 -1.727138565479e-01 
 2.062800000000e-09 -2.314957257384e-01 
 2.072800000000e-09 -2.635714061260e-01 
 2.082800000000e-09 -2.649201537074e-01 
 2.092800000000e-09 -2.355896600448e-01 
 2.102800000000e-09 -1.792111313592e-01 
 2.112800000000e-09 -1.020220544603e-01 
 2.122800000000e-09 -1.198440546157e-02 
 2.132800000000e-09  8.145120877867e-02 
 2.142800000000e-09  1.675140052041e-01 
 2.152800000000e-09  2.353358327874e-01 
 2.162800000000e-09  2.760300968330e-01 
 2.172800000000e-09  2.844357312153e-01 
 2.182800000000e-09  2.598031069789e-01 
 2.192800000000e-09  2.053851886822e-01 
 2.202800000000e-09  1.274038252987e-01 
 2.212800000000e-09  3.396194940588e-02 
 2.222800000000e-09 -6.532944144166e-02 
 2.232800000000e-09 -1.593057249242e-01 
 2.242800000000e-09 -2.362279192101e-01 
 2.252800000000e-09 -2.859828363290e-01 
 2.262800000000e-09 -3.021705510780e-01 
 2.272800000000e-09 -2.831195429008e-01 
 2.282800000000e-09 -2.315920771085e-01 
 2.292800000000e-09 -1.537134063478e-01 
 2.302800000000e-09 -5.770704875321e-02 
 2.312800000000e-09  4.670205899797e-02 
 2.322800000000e-09  1.480952878506e-01 
 2.332800000000e-09  2.340003721281e-01 
 2.342800000000e-09  2.931120989550e-01 
 2.352800000000e-09  3.177136252223e-01 
 2.362800000000e-09  3.050836805659e-01 
 2.372800000000e-09  2.573808917129e-01 
 2.382800000000e-09  1.805373301957e-01 
 2.392800000000e-09  8.286363273382e-02 
 2.402800000000e-09 -2.582559305975e-02 
 2.412800000000e-09 -1.339828543016e-01 
 2.422800000000e-09 -2.285701194361e-01 
 2.432800000000e-09 -2.971683384438e-01 
 2.442800000000e-09 -3.306986795224e-01 
 2.452800000000e-09 -3.252664497669e-01 
 2.462800000000e-09 -2.823070846875e-01 
 2.472800000000e-09 -2.074534921565e-01 
 2.482800000000e-09 -1.090510902647e-01 
 2.492800000000e-09  3.007977379929e-03 
 2.502800000000e-09  1.171464824106e-01 
 2.512800000000e-09  2.199439548020e-01 
 2.522800000000e-09  2.979901423427e-01 
 2.532800000000e-09  3.408360886474e-01 
 2.542800000000e-09  3.432982667438e-01 
 2.552800000000e-09  3.059614413809e-01 
 2.562800000000e-09  2.340506985806e-01 
 2.572800000000e-09  1.358757141898e-01 
 2.582800000000e-09  2.139831691443e-02 
 2.592800000000e-09 -9.784093998270e-02 
 2.602800000000e-09 -2.082230978184e-01 
 2.612800000000e-09 -2.955069438952e-01 
 2.622800000000e-09 -3.479109520551e-01 
 2.632800000000e-09 -3.588702310607e-01 
 2.642800000000e-09 -3.279817947411e-01 
 2.652800000000e-09 -2.599502492567e-01 
 2.662800000000e-09 -1.629590277023e-01 
 2.672800000000e-09 -4.702912275481e-02 
 2.682800000000e-09  7.637015400690e-02 
 2.692800000000e-09  1.935887937465e-01 
 2.702800000000e-09  2.897427527605e-01 
 2.712800000000e-09  3.518001859416e-01 
 2.722800000000e-09  3.717514313634e-01 
 2.732800000000e-09  3.480692116897e-01 
 2.742800000000e-09  2.848169695051e-01 
 2.752800000000e-09  1.899464227870e-01 
 2.762800000000e-09  7.351969821351e-02 
 2.772800000000e-09 -5.307303021073e-02 
 2.782800000000e-09 -1.762880614129e-01 
 2.792800000000e-09 -2.808037219102e-01 
 2.802800000000e-09 -3.524612373499e-01 
 2.812800000000e-09 -3.817803406741e-01 
 2.822800000000e-09 -3.659843567110e-01 
 2.832800000000e-09 -3.083618372852e-01 
 2.842800000000e-09 -2.165199683866e-01 
 2.852800000000e-09 -1.005268463344e-01 
 2.862800000000e-09  2.829585555921e-02 
 2.872800000000e-09  1.566095781869e-01 
 2.882800000000e-09  2.688619851280e-01 
 2.892800000000e-09  3.499289783306e-01 
 2.902800000000e-09  3.888714136022e-01 
 2.912800000000e-09  3.815497135092e-01 
 2.922800000000e-09  3.303434288801e-01 
 2.932800000000e-09  2.424022291859e-01 
 2.942800000000e-09  1.277353340549e-01 
 2.952800000000e-09 -2.380898219838e-03 
 2.962800000000e-09 -1.348686379362e-01 
 2.972800000000e-09 -2.541425255993e-01 
 2.982800000000e-09 -3.442994666445e-01 
 2.992800000000e-09 -3.929967886034e-01 
 3.002800000000e-09 -3.946392405978e-01 
 3.012800000000e-09 -3.505671483287e-01 
 3.022800000000e-09 -2.673577378170e-01 
 3.032800000000e-09 -1.548672867909e-01 
 3.042800000000e-09 -2.435251534995e-02 
 3.052800000000e-09  1.113854862332e-01 
 3.062800000000e-09  2.369029308273e-01 
 3.072800000000e-09  3.357183499167e-01 
 3.082800000000e-09  3.941823572772e-01 
 3.092800000000e-09  4.051760755801e-01 
 3.102800000000e-09  3.688816128963e-01 
 3.112800000000e-09  2.911838240084e-01 
 3.122800000000e-09  1.816747533871e-01 
 3.132800000000e-09  5.160742243631e-02 
 3.142800000000e-09 -8.647743281068e-02 
 3.152800000000e-09 -2.174190054258e-01 
 3.162800000000e-09 -3.243630778666e-01 
 3.172800000000e-09 -3.924890171890e-01 
 3.182800000000e-09 -4.131186846578e-01 
 3.192800000000e-09 -3.851672022668e-01 
 3.202800000000e-09 -3.137025176160e-01 
 3.212800000000e-09 -2.079387602628e-01 
 3.222800000000e-09 -7.911550250834e-02 
 3.232800000000e-09  6.044713931323e-02 
 3.242800000000e-09  1.959711987271e-01 
 3.252800000000e-09  3.104319801906e-01 
 3.262800000000e-09  3.880022032768e-01 
 3.272800000000e-09  4.184503140771e-01 
 3.282800000000e-09  3.993261965245e-01 
 3.292800000000e-09  3.347561140763e-01 
 3.302800000000e-09  2.334678249669e-01 
 3.312800000000e-09  1.066412642145e-01 
 3.322800000000e-09 -3.357105468101e-02 
 3.332800000000e-09 -1.728291943767e-01 
 3.342800000000e-09 -2.941290733450e-01 
 3.352800000000e-09 -3.808282964959e-01 
 3.362800000000e-09 -4.211860001052e-01 
 3.372800000000e-09 -4.112910087551e-01 
 3.382800000000e-09 -3.542181094029e-01 
 3.392800000000e-09 -2.581039670836e-01 
 3.402800000000e-09 -1.339833848000e-01 
 3.412800000000e-09  6.100857486013e-03 
 3.422800000000e-09  1.482563515062e-01 
 3.432800000000e-09  2.756742646985e-01 
 3.442800000000e-09  3.710978272582e-01 
 3.452800000000e-09  4.213642302198e-01 
 3.462800000000e-09  4.210191176097e-01 
 3.472800000000e-09  3.719868993297e-01 
 3.482800000000e-09  2.817068655826e-01 
 3.492800000000e-09  1.609626174866e-01 
 3.502800000000e-09  2.173517999178e-02 
 3.512800000000e-09 -1.225042470351e-01 
 3.522800000000e-09 -2.552914398310e-01 
 3.532800000000e-09 -3.589573567865e-01 
 3.542800000000e-09 -4.190422014816e-01 
 3.552800000000e-09 -4.284871823771e-01 
 3.562800000000e-09 -3.879777838716e-01 
 3.572800000000e-09 -3.041461394402e-01 
 3.582800000000e-09 -1.874142075571e-01 
 3.592800000000e-09 -4.972545378976e-02 
 3.602800000000e-09  9.581688402358e-02 
 3.612800000000e-09  2.332087716163e-01 
 3.622800000000e-09  3.445652352452e-01 
 3.632800000000e-09  4.142868511920e-01 
 3.642800000000e-09  4.336817681571e-01 
 3.652800000000e-09  4.021129044969e-01 
 3.662800000000e-09  3.252958864200e-01 
 3.672800000000e-09  2.131866887622e-01 
 3.682800000000e-09  7.767836252252e-02 
 3.692800000000e-09 -6.842328747538e-02 
 3.702800000000e-09 -2.096483983220e-01 
 3.712800000000e-09 -3.280824694140e-01 
 3.722800000000e-09 -4.071667504091e-01 
 3.732800000000e-09 -4.365928494824e-01 
 3.742800000000e-09 -4.143198500106e-01 
 3.752800000000e-09 -3.450404982224e-01 
 3.762800000000e-09 -2.381475069817e-01 
 3.772800000000e-09 -1.054303247790e-01 
 3.782800000000e-09  4.052568999234e-02 
 3.792800000000e-09  1.848145839973e-01 
 3.802800000000e-09  3.096645790008e-01 
 3.812800000000e-09  3.977593735207e-01 
 3.822800000000e-09  4.372307156822e-01 
 3.832800000000e-09  4.245461810907e-01 
 3.842800000000e-09  3.632861546290e-01 
 3.852800000000e-09  2.621860053468e-01 
 3.862800000000e-09  1.328416296960e-01 
 3.872800000000e-09 -1.230725108480e-02 
 3.882800000000e-09 -1.589042245371e-01 
 3.892800000000e-09 -2.894770487614e-01 
 3.902800000000e-09 -3.861570732814e-01 
 3.912800000000e-09 -4.356177422246e-01 
 3.922800000000e-09 -4.327542956898e-01 
 3.932800000000e-09 -3.799538744856e-01 
 3.942800000000e-09 -2.851977207021e-01 
 3.952800000000e-09 -1.597839513491e-01 
 3.962800000000e-09 -1.606481194909e-02 
 3.972800000000e-09  1.321057813479e-01 
 3.982800000000e-09  2.676896719229e-01 
 3.992800000000e-09  3.724670226746e-01 
 4.002800000000e-09  4.317902174349e-01 
 4.012800000000e-09  4.389178785150e-01 
 4.022800000000e-09  3.949711965190e-01 
 4.032800000000e-09  3.070773385429e-01 
 4.042800000000e-09  1.861320146239e-01 
 4.052800000000e-09  4.442943390490e-02 
 4.062800000000e-09 -1.046081541347e-01 
 4.072800000000e-09 -2.444812372302e-01 
 4.082800000000e-09 -3.568100074464e-01 
 4.092800000000e-09 -4.257920106729e-01 
 4.102800000000e-09 -4.430159100641e-01 
 4.112800000000e-09 -4.082664144564e-01 
 4.122800000000e-09 -3.277175954329e-01 
 4.132800000000e-09 -2.117654597337e-01 
 4.142800000000e-09 -7.263612802608e-02 
 4.152800000000e-09  7.659458469283e-02 
 4.162800000000e-09  2.200312985570e-01 
 4.172800000000e-09  3.393126355738e-01 
 4.182800000000e-09  4.176672966296e-01 
 4.192800000000e-09  4.450268899180e-01 
 4.202800000000e-09  4.197680941176e-01 
 4.212800000000e-09  3.470156189234e-01 
 4.222800000000e-09  2.365759450215e-01 
 4.232800000000e-09  1.005548296148e-01 
 4.242800000000e-09 -4.822879729301e-02 
 4.252800000000e-09 -1.945053994790e-01 
 4.262800000000e-09 -3.200959039401e-01 
 4.272800000000e-09 -4.074661472081e-01 
 4.282800000000e-09 -4.449458746435e-01 
 4.292800000000e-09 -4.294208783872e-01 
 4.302800000000e-09 -3.648860771791e-01 
 4.312800000000e-09 -2.604695951881e-01 
 4.322800000000e-09 -1.280732824637e-01 
 4.332800000000e-09  1.965823063582e-02 
 4.342800000000e-09  1.680619705668e-01 
 4.352800000000e-09  2.992889142464e-01 
 4.362800000000e-09  3.952499272749e-01 
 4.372800000000e-09  4.427757196610e-01 
 4.382800000000e-09  4.371800607508e-01 
 4.392800000000e-09  3.812545732818e-01 
 4.402800000000e-09  2.833590656936e-01 
 4.412800000000e-09  1.550887706983e-01 
 4.422800000000e-09  8.980856350169e-03 
 4.432800000000e-09 -1.408540427910e-01 
 4.442800000000e-09 -2.770269514076e-01 
 4.452800000000e-09 -3.810965620673e-01 
 4.462800000000e-09 -4.385338700330e-01 
 4.472800000000e-09 -4.430112008243e-01 
 4.482800000000e-09 -3.960507980983e-01 
 4.492800000000e-09 -3.051498091203e-01 
 4.502800000000e-09 -1.814952703214e-01 
 4.512800000000e-09 -3.755379837504e-02 
 4.522800000000e-09  1.130394590824e-01 
 4.532800000000e-09  2.534588232927e-01 
 4.542800000000e-09  3.651019641034e-01 
 4.552800000000e-09  4.322477730395e-01 
 4.562800000000e-09  4.468852800580e-01 
 4.572800000000e-09  4.092033866838e-01 
 4.582800000000e-09  3.257423796743e-01 
 4.592800000000e-09  2.071865189235e-01 
 4.602800000000e-09  6.592948961450e-02 
 4.612800000000e-09 -8.477799145076e-02 
 4.622800000000e-09 -2.287408749298e-01 
 4.632800000000e-09 -3.473728589051e-01 
 4.642800000000e-09 -4.239472576997e-01 
 4.652800000000e-09 -4.487727623006e-01 
 4.662800000000e-09 -4.206393460994e-01 
 4.672800000000e-09 -3.450380861730e-01 
 4.682800000000e-09 -2.320634827329e-01 
 4.692800000000e-09 -9.399131728198e-02 
 4.702800000000e-09  5.621666592038e-02 
 4.712800000000e-09  2.030209044146e-01 
 4.722800000000e-09  3.280129510482e-01 
 4.732800000000e-09  4.136672758274e-01 
 4.742800000000e-09  4.486585428309e-01 
 4.752800000000e-09  4.302989238294e-01 
 4.762800000000e-09  3.629527251963e-01 
 4.772800000000e-09  2.560391236076e-01 
 4.782800000000e-09  1.216381941440e-01 
 4.792800000000e-09 -2.748849668508e-02 
 4.802800000000e-09 -1.764404239025e-01 
 4.812800000000e-09 -3.071330924367e-01 
 4.822800000000e-09 -4.014517152324e-01 
 4.832800000000e-09 -4.465333584035e-01 
 4.842800000000e-09 -4.381314283728e-01 
 4.852800000000e-09 -3.794121106379e-01 
 4.862800000000e-09 -2.790330523566e-01 
 4.872800000000e-09 -1.487788015159e-01 
 4.882800000000e-09 -1.284764915186e-03 
 4.892800000000e-09  1.491347327838e-01 
 4.902800000000e-09  2.848493287367e-01 
 4.912800000000e-09  3.873602779189e-01 
 4.922800000000e-09  4.424023948148e-01 
 4.932800000000e-09  4.440963535975e-01 
 4.942800000000e-09  3.943463083062e-01 
 4.952800000000e-09  3.009571943033e-01 
 4.962800000000e-09  1.753174338453e-01 
 4.972800000000e-09  2.998182875431e-02 
 4.982800000000e-09 -1.212448085951e-01 
 4.992800000000e-09 -2.612928195930e-01 
 5.002800000000e-09 -3.714731180194e-01 
 5.012800000000e-09 -4.362829827183e-01 
 5.022800000000e-09 -4.481595748974e-01 
 5.032800000000e-09 -4.076841057674e-01 
 5.042800000000e-09 -3.217165593463e-01 
 5.052800000000e-09 -2.011547748285e-01 
 5.062800000000e-09 -5.848057984644e-02 
 5.072800000000e-09  9.291852300057e-02 
 5.082800000000e-09  2.366074266517e-01 
 5.092800000000e-09  3.538857601964e-01 
 5.102800000000e-09  4.281974017192e-01 
 5.112800000000e-09  4.502870448960e-01 
 5.122800000000e-09  4.193512621156e-01 
 5.132800000000e-09  3.412136563791e-01 
 5.142800000000e-09  2.261949131649e-01 
 5.152800000000e-09  8.666866415762e-02 
 5.162800000000e-09 -6.429674974466e-02 
 5.172800000000e-09 -2.109337204121e-01 
 5.182800000000e-09 -3.346939214705e-01 
 5.192800000000e-09 -4.181731604245e-01 
 5.202800000000e-09 -4.504578324270e-01 
 5.212800000000e-09 -4.292845843841e-01 
 5.222800000000e-09 -3.593630065470e-01 
 5.232800000000e-09 -2.503524263331e-01 
 5.242800000000e-09 -1.144478749648e-01 
 5.252800000000e-09  3.550827676544e-02 
 5.262800000000e-09  1.844070868581e-01 
 5.272800000000e-09  3.139999288448e-01 
 5.282800000000e-09  4.062446510368e-01 
 5.292800000000e-09  4.486553826342e-01 
 5.302800000000e-09  4.374288533314e-01 
 5.312800000000e-09  3.760890080421e-01 
 5.322800000000e-09  2.735499715708e-01 
 5.332800000000e-09  1.417316395238e-01 
 5.342800000000e-09 -6.669168033521e-03 
 5.352800000000e-09 -1.571548587177e-01 
 5.362800000000e-09 -2.919092982548e-01 
 5.372800000000e-09 -3.924601009694e-01 
 5.382800000000e-09 -4.448769592825e-01 
 5.392800000000e-09 -4.437393577879e-01 
 5.402800000000e-09 -3.913216648975e-01 
 5.412800000000e-09 -2.957037292138e-01 
 5.422800000000e-09 -1.684300293469e-01 
 5.432800000000e-09 -2.210610749060e-02 
 5.442800000000e-09  1.293085876113e-01 
 5.452800000000e-09  2.685420708159e-01 
 5.462800000000e-09  3.768887036168e-01 
 5.472800000000e-09  4.391330886806e-01 
 5.482800000000e-09  4.481785683849e-01 
 5.492800000000e-09  4.049901535360e-01 
 5.502800000000e-09  3.167220494372e-01 
 5.512800000000e-09  1.944477599714e-01 
 5.522800000000e-09  5.069997992292e-02 
 5.532800000000e-09 -1.010092649847e-01 
 5.542800000000e-09 -2.440342059015e-01 
 5.552800000000e-09 -3.596182312020e-01 
 5.562800000000e-09 -4.314436484863e-01 
 5.572800000000e-09 -4.507137366911e-01 
 5.582800000000e-09 -4.170223656078e-01 
 5.592800000000e-09 -3.365096032933e-01 
 5.602800000000e-09 -2.196900988956e-01 
 5.612800000000e-09 -7.899976202215e-02 
 5.622800000000e-09  7.239785774689e-02 
 5.632800000000e-09  2.185262354850e-01 
 5.642800000000e-09  3.407445939530e-01 
 5.652800000000e-09  4.218298477913e-01 
 5.662800000000e-09  4.513118632039e-01 
 5.672800000000e-09  4.273468138726e-01 
 5.682800000000e-09  3.549752257573e-01 
 5.692800000000e-09  2.440697927810e-01 
 5.702800000000e-09  1.069077566995e-01 
 5.712800000000e-09 -4.359964398982e-02 
 5.722800000000e-09 -1.921464812413e-01 
 5.732800000000e-09 -3.203584766824e-01 
 5.742800000000e-09 -4.103195684541e-01 
 5.752800000000e-09 -4.499568056568e-01 
 5.762800000000e-09 -4.359075859478e-01 
 5.772800000000e-09 -3.720429656226e-01 
 5.782800000000e-09 -2.675108420172e-01 
 5.792800000000e-09 -1.343376191052e-01 
 5.802800000000e-09  1.473182282929e-02 
 5.812800000000e-09  1.650226958741e-01 
 5.822800000000e-09  2.985636213975e-01 
 5.832800000000e-09  3.969551889667e-01 
 5.842800000000e-09  4.466397905642e-01 
 5.852800000000e-09  4.426544208959e-01 
 5.862800000000e-09  3.876413522063e-01 
 5.872800000000e-09  2.899345170303e-01 
 5.882800000000e-09  1.612047169144e-01 
 5.892800000000e-09  1.409645183547e-02 
 5.902800000000e-09 -1.372792952438e-01 
 5.912800000000e-09 -2.754711616349e-01 
 5.922800000000e-09 -3.817968312818e-01 
 5.932800000000e-09 -4.413663051545e-01 
 5.942800000000e-09 -4.475547157364e-01 
 5.952800000000e-09 -4.017041796489e-01 
 5.962800000000e-09 -3.112475247430e-01 
 5.972800000000e-09 -1.874129097888e-01 
 5.982800000000e-09 -4.276670986325e-02 
 5.992800000000e-09  1.090554321275e-01 
 6.002800000000e-09  2.512128332932e-01 
 6.012800000000e-09  3.649266027877e-01 
 6.022800000000e-09  4.341520388116e-01 
 6.032800000000e-09  4.505651082798e-01 
 6.042800000000e-09  4.141535702701e-01 
 6.052800000000e-09  3.313580174181e-01 
 6.062800000000e-09  2.128694715138e-01 
 6.072800000000e-09  7.116743006800e-02 
 6.082800000000e-09 -8.048991963173e-02 
 6.092800000000e-09 -2.259264496094e-01 
 6.102800000000e-09 -3.464374514130e-01 
 6.112800000000e-09 -4.250168060209e-01 
 6.122800000000e-09 -4.516540466810e-01 
 6.132800000000e-09 -4.249187968752e-01 
 6.142800000000e-09 -3.501724919858e-01 
 6.152800000000e-09 -2.374859553378e-01 
 6.162800000000e-09 -9.919811434805e-02 
 6.172800000000e-09  5.171129894694e-02 
 6.182800000000e-09  1.997423153600e-01 
 6.192800000000e-09  3.264193967605e-01 
 6.202800000000e-09  4.139858860026e-01 
 6.212800000000e-09  4.508020551216e-01 
 6.222800000000e-09  4.339406669706e-01 
 6.232800000000e-09  3.676119903453e-01 
 6.242800000000e-09  2.611833802528e-01 
 6.252800000000e-09  1.267703266266e-01 
 6.262800000000e-09 -2.283704540943e-02 
 6.272800000000e-09 -1.727867486612e-01 
 6.282800000000e-09 -3.049716341242e-01 
 6.292800000000e-09 -4.010951424732e-01 
 6.302800000000e-09 -4.479953616401e-01 
 6.312800000000e-09 -4.411678751422e-01 
 6.322800000000e-09 -3.836049655239e-01 
 6.332800000000e-09 -2.838853962023e-01 
 6.342800000000e-09 -1.538008396085e-01 
 6.352800000000e-09 -6.022675107872e-03 
 6.362800000000e-09  1.451831362672e-01 
 6.372800000000e-09  2.822009611635e-01 
 6.382800000000e-09  3.863981540165e-01 
 6.392800000000e-09  4.432348171329e-01 
 6.402800000000e-09  4.465564332943e-01 
 6.412800000000e-09  3.980821618250e-01 
 6.422800000000e-09  3.055092412623e-01 
 6.432800000000e-09  1.802022981289e-01 
 6.442800000000e-09  3.475759097984e-02 
 6.452800000000e-09 -1.170620445853e-01 
 6.462800000000e-09 -2.582310596728e-01 
 6.472800000000e-09 -3.699710625281e-01 
 6.482800000000e-09 -4.365354673427e-01 
 6.492800000000e-09 -4.500773224973e-01 
 6.502800000000e-09 -4.109726548175e-01 
 6.512800000000e-09 -3.259530791893e-01 
 6.522800000000e-09 -2.058742624496e-01 
 6.532800000000e-09 -6.324895251521e-02 
 6.542800000000e-09  8.856563249339e-02 
 6.552800000000e-09  2.331989744833e-01 
 6.562800000000e-09  3.519021243887e-01 
 6.572800000000e-09  4.279109986244e-01 
 6.582800000000e-09  4.516838148412e-01 
 6.592800000000e-09  4.221976550766e-01 
 6.602800000000e-09  3.451269034184e-01 
 6.612800000000e-09  2.307292620802e-01 
 6.622800000000e-09  9.139511354494e-02 
 6.632800000000e-09 -5.982438810644e-02 
 6.642800000000e-09 -2.072370571311e-01 
 6.652800000000e-09 -3.322824274776e-01 
 6.662800000000e-09 -4.173873527341e-01 
 6.672800000000e-09 -4.513584375740e-01 
 6.682800000000e-09 -4.316977944310e-01 
 6.692800000000e-09 -3.629482214411e-01 
 6.702800000000e-09 -2.546864765537e-01 
 6.712800000000e-09 -1.191049171733e-01 
 6.722800000000e-09  3.095874663398e-02 
 6.732800000000e-09  1.804729961529e-01 
 6.742800000000e-09  3.112091816825e-01 
 6.752800000000e-09  4.049961033821e-01 
 6.762800000000e-09  4.490835873632e-01 
 6.772800000000e-09  4.394186510418e-01 
 6.782800000000e-09  3.793436341497e-01 
 6.792800000000e-09  2.776706813668e-01 
 6.802800000000e-09  1.462959067535e-01 
 6.812800000000e-09 -2.078889166439e-03 
 6.822800000000e-09 -1.530286091928e-01 
 6.832800000000e-09 -2.887846467065e-01 
 6.842800000000e-09 -3.907843575861e-01 
 6.852800000000e-09 -4.448558346806e-01 
 6.862800000000e-09 -4.453154875866e-01 
 6.872800000000e-09 -3.942433765401e-01 
 6.882800000000e-09 -2.995980755050e-01 
 6.892800000000e-09 -1.728800397716e-01 
 6.902800000000e-09 -2.670429550724e-02 
 6.912800000000e-09  1.250322582146e-01 
 6.922800000000e-09  2.651272323452e-01 
 6.932800000000e-09  3.748210803453e-01 
 6.942800000000e-09  4.386849624803e-01 
 6.952800000000e-09  4.493502849701e-01 
 6.962800000000e-09  4.075760806997e-01 
 6.972800000000e-09  3.203768561174e-01 
 6.982800000000e-09  1.987637793467e-01 
 6.992800000000e-09  5.527664363798e-02 
 7.002800000000e-09 -9.662193277477e-02 
 7.012800000000e-09 -2.403709273962e-01 
 7.022800000000e-09 -3.571931071600e-01 
 7.032800000000e-09 -4.305895653519e-01 
 7.042800000000e-09 -4.514897528873e-01 
 7.052800000000e-09 -4.192696266062e-01 
 7.062800000000e-09 -3.399128609300e-01 
 7.072800000000e-09 -2.238551705541e-01 
 7.082800000000e-09 -8.353000121271e-02 
 7.092800000000e-09  6.793406985109e-02 
 7.102800000000e-09  2.146525384166e-01 
 7.112800000000e-09  3.379940719707e-01 
 7.122800000000e-09  4.205891842618e-01 
 7.132800000000e-09  4.517005070609e-01 
 7.142800000000e-09  4.292533806767e-01 
 7.152800000000e-09  3.581171817695e-01 
 7.162800000000e-09  2.480699595819e-01 
 7.172800000000e-09  1.113713313922e-01 
 7.182800000000e-09 -3.908868615172e-02 
 7.192800000000e-09 -1.880958248642e-01 
 7.202800000000e-09 -3.173121279824e-01 
 7.212800000000e-09 -4.087110218567e-01 
 7.222800000000e-09 -4.499669971587e-01 
 7.232800000000e-09 -4.374728873356e-01 
 7.242800000000e-09 -3.749159488971e-01 
 7.252800000000e-09 -2.713335626756e-01 
 7.262800000000e-09 -1.387168111085e-01 
 7.272800000000e-09  1.019949791144e-02 
 7.282800000000e-09  1.608257154358e-01 
 7.292800000000e-09  2.952502923081e-01 
 7.302800000000e-09  3.949984001275e-01 
 7.312800000000e-09  4.462813064160e-01 
 7.322800000000e-09  4.438809917501e-01 
 7.332800000000e-09  3.902391295542e-01 
 7.342800000000e-09  2.935646680920e-01 
 7.352800000000e-09  1.654804316731e-01 
 7.362800000000e-09  1.862398092930e-02 
 7.372800000000e-09 -1.329674068133e-01 
 7.382800000000e-09 -2.719215570309e-01 
 7.392800000000e-09 -3.795137881817e-01 
 7.402800000000e-09 -4.406495799084e-01 
 7.412800000000e-09 -4.484379582587e-01 
 7.422800000000e-09 -4.040160160853e-01 
 7.432800000000e-09 -3.146737369837e-01 
 7.442800000000e-09 -1.915700017994e-01 
 7.452800000000e-09 -4.726807391070e-02 
 7.462800000000e-09  1.046566563601e-01 
 7.472800000000e-09  2.474562659570e-01 
 7.482800000000e-09  3.623398630926e-01 
 7.492800000000e-09  4.330884573283e-01 
 7.502800000000e-09  4.511092056688e-01 
 7.512800000000e-09  4.161742324832e-01 
 7.522800000000e-09  3.345662785125e-01 
 7.532800000000e-09  2.168922368717e-01 
 7.542800000000e-09  7.562191742570e-02 
 7.552800000000e-09 -7.603166990511e-02 
 7.562800000000e-09 -2.219918048584e-01 
 7.572800000000e-09 -3.435693593428e-01 
 7.582800000000e-09 -4.236167487682e-01 
 7.592800000000e-09 -4.518599918884e-01 
 7.602800000000e-09 -4.266413117435e-01 
 7.612800000000e-09 -3.531507137283e-01 
 7.622800000000e-09 -2.413608323606e-01 
 7.632800000000e-09 -1.035884395977e-01 
 7.642800000000e-09  4.721736466660e-02 
 7.652800000000e-09  1.956555599885e-01 
 7.662800000000e-09  3.232910496665e-01 
 7.672800000000e-09  4.122598223157e-01 
 7.682800000000e-09  4.506718851879e-01 
 7.692800000000e-09  4.353596308489e-01 
 7.702800000000e-09  3.703500600086e-01 
 7.712800000000e-09  2.648981880102e-01 
 7.722800000000e-09  1.310814036627e-01 
 7.732800000000e-09 -1.832850360079e-02 
 7.742800000000e-09 -1.685719171208e-01 
 7.752800000000e-09 -3.016042020156e-01 
 7.762800000000e-09 -3.990551386198e-01 
 7.772800000000e-09 -4.475326152294e-01 
 7.782800000000e-09 -4.422792738610e-01 
 7.792800000000e-09 -3.860936784732e-01 
 7.802800000000e-09 -2.874274616139e-01 
 7.812800000000e-09 -1.580176440824e-01 
 7.822800000000e-09 -1.052554583088e-02 
 7.832800000000e-09  1.408642575871e-01 
 7.842800000000e-09  2.786172510571e-01 
 7.852800000000e-09  3.840590386002e-01 
 7.862800000000e-09  4.424446889562e-01 
 7.872800000000e-09  4.473586671342e-01 
 7.882800000000e-09  4.003113467524e-01 
 7.892800000000e-09  3.088608009728e-01 
 7.902800000000e-09  1.843061964899e-01 
 7.912800000000e-09  3.923215491407e-02 
 7.922800000000e-09 -1.126654852849e-01 
 7.932800000000e-09 -2.544561441816e-01 
 7.942800000000e-09 -3.673492597578e-01 
 7.952800000000e-09 -4.354223634633e-01 
 7.962800000000e-09 -4.505619204205e-01 
 7.972800000000e-09 -4.129308353098e-01 
 7.982800000000e-09 -3.291041830872e-01 
 7.992800000000e-09 -2.098531276034e-01 
 8.002800000000e-09 -6.767855315645e-02 
 8.012800000000e-09  8.411448160835e-02 
 8.022800000000e-09  2.292577336476e-01 
 8.032800000000e-09  3.490169074406e-01 
 8.042800000000e-09  4.264836686093e-01 
 8.052800000000e-09  4.518531545124e-01 
 8.062800000000e-09  4.238783373580e-01 
 8.072800000000e-09  3.480638562494e-01 
 8.082800000000e-09  2.345695541965e-01 
 8.092800000000e-09  9.576347804547e-02 
 8.102800000000e-09 -5.534029494167e-02 
 8.112800000000e-09 -2.031523132882e-01 
 8.122800000000e-09 -3.291510700294e-01 
 8.132800000000e-09 -4.156523995791e-01 
 8.142800000000e-09 -4.512112527690e-01 
 8.152800000000e-09 -4.330931999901e-01 
 8.162800000000e-09 -3.656596300744e-01 
 8.172800000000e-09 -2.583761183847e-01 
 8.182800000000e-09 -1.233980119821e-01 
 8.192800000000e-09  2.646084185558e-02 
 8.202800000000e-09  1.762658861432e-01 
 8.212800000000e-09  3.078492027163e-01 
 8.222800000000e-09  4.029617708615e-01 
 8.232800000000e-09  4.486202814821e-01 
 8.242800000000e-09  4.405225821691e-01 
 8.252800000000e-09  3.818192791566e-01 
 8.262800000000e-09  2.811973356330e-01 
 8.272800000000e-09  1.504998735486e-01 
 8.282800000000e-09  2.414490824036e-03 
 8.292800000000e-09 -1.487202670882e-01 
 8.302800000000e-09 -2.852152915728e-01 
 8.312800000000e-09 -3.884618391118e-01 
 8.322800000000e-09 -4.440787789412e-01 
 8.332800000000e-09 -4.461228660088e-01 
 8.342800000000e-09 -3.964729917478e-01 
 8.352800000000e-09 -3.029480663047e-01 
 8.362800000000e-09 -1.769801254942e-01 
 8.372800000000e-09 -3.117439564698e-02 
 8.382800000000e-09  1.206452030715e-01 
 8.392800000000e-09  2.613702957089e-01 
 8.402800000000e-09  3.722246711216e-01 
 8.412800000000e-09  4.375981235634e-01 
 8.422800000000e-09  4.498567599898e-01 
 8.432800000000e-09  4.095490214643e-01 
 8.442800000000e-09  3.235355649018e-01 
 8.452800000000e-09  2.027449862336e-01 
 8.462800000000e-09  5.970512227564e-02 
 8.472800000000e-09 -9.217910367477e-02 
 8.482800000000e-09 -2.364493561161e-01 
 8.492800000000e-09 -3.543388838873e-01 
 8.502800000000e-09 -4.291953367808e-01 
 8.512800000000e-09 -4.516873793954e-01 
 8.522800000000e-09 -4.209727160048e-01 
 8.532800000000e-09 -3.428645466521e-01 
 8.542800000000e-09 -2.277032646865e-01 
 8.552800000000e-09 -8.790148482834e-02 
 8.562800000000e-09  6.345457084778e-02 
 8.572800000000e-09  2.105851332418e-01 
 8.582800000000e-09  3.348937321790e-01 
 8.592800000000e-09  4.188930538811e-01 
 8.602800000000e-09  4.515912721327e-01 
 8.612800000000e-09  4.306806507397e-01 
 8.622800000000e-09  3.608515687231e-01 
 8.632800000000e-09  2.517732736316e-01 
 8.642800000000e-09  1.156711037351e-01 
 8.652800000000e-09 -3.459331598154e-02 
 8.662800000000e-09 -1.839059323563e-01 
 8.672800000000e-09 -3.139856471201e-01 
 8.682800000000e-09 -4.067211203416e-01 
 8.692800000000e-09 -4.495491884396e-01 
 8.702800000000e-09 -4.386169556468e-01 
 8.712800000000e-09 -3.774222218734e-01 
 8.722800000000e-09 -2.748800450876e-01 
 8.732800000000e-09 -1.429316444567e-01 
 8.742800000000e-09  5.705689096987e-03 
 8.752800000000e-09  1.565330122667e-01 
 8.762800000000e-09  2.917149168797e-01 
 8.772800000000e-09  3.927237312423e-01 
 8.782800000000e-09  4.455556702994e-01 
 8.792800000000e-09  4.447357420366e-01 
 8.802800000000e-09  3.925067054366e-01 
 8.812800000000e-09  2.969410259111e-01 
 8.822800000000e-09  1.695961836269e-01 
 8.832800000000e-09  2.309831703393e-02 
 8.842800000000e-09 -1.285930021646e-01 
 8.852800000000e-09 -2.681972713505e-01 
 8.862800000000e-09 -3.769667744260e-01 
 8.872800000000e-09 -4.396187699235e-01 
 8.882800000000e-09 -4.489981613729e-01 
 8.892800000000e-09 -4.060339268003e-01 
 8.902800000000e-09 -3.178654141354e-01 
 8.912800000000e-09 -1.955718375720e-01 
 8.922800000000e-09 -5.170486110644e-02 
 8.932800000000e-09  1.002227679910e-01 
 8.942800000000e-09  2.435649742677e-01 
 8.952800000000e-09  3.595351661188e-01 
 8.962800000000e-09  4.317561396753e-01 
 8.972800000000e-09  4.513702839398e-01 
 8.982800000000e-09  4.179315881801e-01 
 8.992800000000e-09  3.375588493798e-01 
 9.002800000000e-09  2.207660778704e-01 
 9.012800000000e-09  8.000463471777e-02 
 9.022800000000e-09 -7.155949410354e-02 
 9.032800000000e-09 -2.179550542379e-01 
 9.042800000000e-09 -3.405220756390e-01 
 9.052800000000e-09 -4.219868772595e-01 
 9.062800000000e-09 -4.518180202123e-01 
 9.072800000000e-09 -4.281281639413e-01 
 9.082800000000e-09 -3.559312146236e-01 
 9.092800000000e-09 -2.450935363325e-01 
 9.102800000000e-09 -1.079028740216e-01 
 9.112800000000e-09  4.272498244003e-02 
 9.122800000000e-09  1.914924591800e-01 
 9.132800000000e-09  3.200155134180e-01 
 9.142800000000e-09  4.103369788362e-01 
 9.152800000000e-09  4.503243020662e-01 
 9.162800000000e-09  4.365677291451e-01 
 9.172800000000e-09  3.729073747787e-01 
 9.182800000000e-09  2.684794422619e-01 
 9.192800000000e-09  1.353153194056e-01 
 9.202800000000e-09 -1.383369573947e-02 
 9.212800000000e-09 -1.643021781974e-01 
 9.222800000000e-09 -2.981170656951e-01 
 9.232800000000e-09 -3.968473237900e-01 
 9.242800000000e-09 -4.468793980723e-01 
 9.252800000000e-09 -4.432019315714e-01 
 9.262800000000e-09 -3.884169893924e-01 
 9.272800000000e-09 -2.908434502004e-01 
 9.282800000000e-09 -1.621567650243e-01 
 9.292800000000e-09 -1.500537575955e-02 
 9.302800000000e-09  1.365080840200e-01 
 9.312800000000e-09  2.749372860054e-01 
 9.322800000000e-09  3.815773516319e-01 
 9.332800000000e-09  4.414876740596e-01 
 9.342800000000e-09  4.479901843592e-01 
 9.352800000000e-09  4.023896415527e-01 
 9.362800000000e-09  3.120971976297e-01 
 9.372800000000e-09  1.883358484020e-01 
 9.382800000000e-09  4.367904451274e-02 
 9.392800000000e-09 -1.082446359603e-01 
 9.402800000000e-09 -2.506045438730e-01 
 9.412800000000e-09 -3.646075530100e-01 
 9.422800000000e-09 -4.341647083015e-01 
 9.432800000000e-09 -4.508972975556e-01 
 9.442800000000e-09 -4.147529701836e-01 
 9.452800000000e-09 -3.321463226858e-01 
 9.462800000000e-09 -2.137589477707e-01 
 9.472800000000e-09 -7.207555187209e-02 
 9.482800000000e-09  7.965040680902e-02 
 9.492800000000e-09  2.252560590465e-01 
 9.502800000000e-09  3.460299770883e-01 
 9.512800000000e-09  4.249289362624e-01 
 9.522800000000e-09  4.518879751898e-01 
 9.532800000000e-09  4.254338417835e-01 
 9.542800000000e-09  3.508982186198e-01 
 9.552800000000e-09  2.383386185009e-01 
 9.562800000000e-09  1.000959906844e-01 
 9.572800000000e-09 -5.085214627805e-02 
 9.582800000000e-09 -1.990204957327e-01 
 9.592800000000e-09 -3.259334766433e-01 
 9.602800000000e-09 -4.138049113076e-01 
 9.612800000000e-09 -4.509425106699e-01 
 9.622800000000e-09 -4.343732479343e-01 
 9.632800000000e-09 -3.682745011952e-01 
 9.642800000000e-09 -2.619965864772e-01 
 9.652800000000e-09 -1.276530797257e-01 
 9.662800000000e-09  2.196587680385e-02 
 9.672800000000e-09  1.720228059167e-01 
 9.682800000000e-09  3.044163540877e-01 
 9.692800000000e-09  4.008280459641e-01 
 9.702800000000e-09  4.480469293639e-01 
 9.712800000000e-09  4.415199689144e-01 
 9.722800000000e-09  3.842039008178e-01 
 9.732800000000e-09  2.846567282298e-01 
 9.742800000000e-09  1.546641844174e-01 
 9.752800000000e-09  6.899177314496e-03 
 9.762800000000e-09 -1.443854997612e-01 
 9.772800000000e-09 -2.815849191589e-01 
 9.782800000000e-09 -3.860517896534e-01 
 9.792800000000e-09 -4.432019445254e-01 
 9.802800000000e-09 -4.468315313763e-01 
 9.812800000000e-09 -3.986164204329e-01 
 9.822800000000e-09 -3.062324192964e-01 
 9.832800000000e-09 -1.810392592560e-01 
 9.842800000000e-09 -3.563099836389e-02 
 9.852800000000e-09  1.162400458349e-01 
 9.862800000000e-09  2.575629032107e-01 
 9.872800000000e-09  3.695513906276e-01 
 9.882800000000e-09  4.364205629719e-01 
 9.892800000000e-09  4.502714209445e-01 
 9.902800000000e-09  4.114400118871e-01 
 9.912800000000e-09  3.266301224537e-01 
 9.922800000000e-09  2.066843596855e-01 
 9.932800000000e-09  6.411629081674e-02 
 9.942800000000e-09 -8.772522088680e-02 
 9.952800000000e-09 -2.324865076459e-01 
 9.962800000000e-09 -3.514169289554e-01 
 9.972800000000e-09 -4.277203819016e-01 
 9.982800000000e-09 -4.518032860611e-01 
 9.992800000000e-09 -4.226004250480e-01 
 1.000000000000e-08 -3.712035171981e-01 
