 1.628000000000e-10  8.466139813281e-03 
 1.728000000000e-10 -6.989764545659e-03 
 1.828000000000e-10 -2.211384336732e-02 
 1.928000000000e-10 -3.476199246532e-02 
 2.028000000000e-10 -4.304137789423e-02 
 2.128000000000e-10 -4.559970872536e-02 
 2.228000000000e-10 -4.184348474317e-02 
 2.328000000000e-10 -3.204685309230e-02 
 2.428000000000e-10 -1.733723205359e-02 
 2.528000000000e-10  4.303944679001e-04 
 2.628000000000e-10  1.889333321150e-02 
 2.728000000000e-10  3.547830745135e-02 
 2.828000000000e-10  4.775513119003e-02 
 2.928000000000e-10  5.380112818944e-02 
 3.028000000000e-10  5.250953109055e-02 
 3.128000000000e-10  4.377624879079e-02 
 3.228000000000e-10  2.853565001972e-02 
 3.328000000000e-10  8.655457124701e-03 
 3.428000000000e-10 -1.327969731390e-02 
 3.528000000000e-10 -3.427735200553e-02 
 3.628000000000e-10 -5.132690805428e-02 
 3.728000000000e-10 -6.183800886884e-02 
 3.828000000000e-10 -6.405258370227e-02 
 3.928000000000e-10 -5.733769961496e-02 
 4.028000000000e-10 -4.229750097009e-02 
 4.128000000000e-10 -2.069916677186e-02 
 4.228000000000e-10  4.711284927244e-03 
 4.328000000000e-10  3.053386013499e-02 
 4.428000000000e-10  5.314690810909e-02 
 4.528000000000e-10  6.918917963706e-02 
 4.628000000000e-10  7.609939053052e-02 
 4.728000000000e-10  7.255015258785e-02 
 4.828000000000e-10  5.866649319868e-02 
 4.928000000000e-10  3.600881759450e-02 
 5.028000000000e-10  7.376234974360e-03 
 5.128000000000e-10 -2.350373526854e-02 
 5.228000000000e-10 -5.239138589359e-02 
 5.328000000000e-10 -7.508361413268e-02 
 5.428000000000e-10 -8.806281423303e-02 
 5.528000000000e-10 -8.910158685146e-02 
 5.628000000000e-10 -7.764249945860e-02 
 5.728000000000e-10 -5.486688582529e-02 
 5.828000000000e-10 -2.351209371065e-02 
 5.928000000000e-10  1.245191353546e-02 
 6.028000000000e-10  4.818680767638e-02 
 6.128000000000e-10  7.860335472597e-02 
 6.228000000000e-10  9.912261037183e-02 
 6.328000000000e-10  1.063880526397e-01 
 6.428000000000e-10  9.891116957064e-02 
 6.528000000000e-10  7.730282696693e-02 
 6.628000000000e-10  4.409533474648e-02 
 6.728000000000e-10  3.372731748617e-03 
 6.828000000000e-10 -3.954512314514e-02 
 6.928000000000e-10 -7.865333197230e-02 
 7.028000000000e-10 -1.081937317105e-01 
 7.128000000000e-10 -1.235163259529e-01 
 7.228000000000e-10 -1.219048436906e-01 
 7.328000000000e-10 -1.031190792809e-01 
 7.428000000000e-10 -6.931095685739e-02 
 7.528000000000e-10 -2.453879442552e-02 
 7.628000000000e-10  2.552929073878e-02 
 7.728000000000e-10  7.407148496566e-02 
 7.828000000000e-10  1.140358860996e-01 
 7.928000000000e-10  1.392792795912e-01 
 8.028000000000e-10  1.456389048407e-01 
 8.128000000000e-10  1.316857938071e-01 
 8.228000000000e-10  9.894433759840e-02 
 8.328000000000e-10  5.131248576438e-02 
 8.428000000000e-10 -5.358847182358e-03 
 8.528000000000e-10 -6.360439334866e-02 
 8.628000000000e-10 -1.151693300349e-01 
 8.728000000000e-10 -1.521976935050e-01 
 8.828000000000e-10 -1.687585975713e-01 
 8.928000000000e-10 -1.619616918764e-01 
 9.028000000000e-10 -1.323664149588e-01 
 9.128000000000e-10 -8.352936591316e-02 
 9.228000000000e-10 -2.135282415635e-02 
 9.328000000000e-10  4.628086258091e-02 
 9.428000000000e-10  1.100989443702e-01 
 9.528000000000e-10  1.605478047932e-01 
 9.628000000000e-10  1.896462439022e-01 
 9.728000000000e-10  1.925702503435e-01 
 9.828000000000e-10  1.685263276057e-01 
 9.928000000000e-10  1.205488998475e-01 
 1.002800000000e-09  5.449574894671e-02 
 1.012800000000e-09 -2.155796518874e-02 
 1.022800000000e-09 -9.762801796944e-02 
 1.032800000000e-09 -1.626265512103e-01 
 1.042800000000e-09 -2.062702568864e-01 
 1.052800000000e-09 -2.214542197751e-01 
 1.062800000000e-09 -2.056913513097e-01 
 1.072800000000e-09 -1.611050525126e-01 
 1.082800000000e-09 -9.336703872960e-02 
 1.092800000000e-09 -1.061720602167e-02 
 1.102800000000e-09  7.681080719045e-02 
 1.112800000000e-09  1.566723821773e-01 
 1.122800000000e-09  2.164982231637e-01 
 1.132800000000e-09  2.465448999219e-01 
 1.142800000000e-09  2.420026709856e-01 
 1.152800000000e-09  2.036160440623e-01 
 1.162800000000e-09  1.367299362288e-01 
 1.172800000000e-09  4.953318443322e-02 
 1.182800000000e-09 -4.757680257609e-02 
 1.192800000000e-09 -1.417261588456e-01 
 1.202800000000e-09 -2.185923016247e-01 
 1.212800000000e-09 -2.655522626421e-01 
 1.222800000000e-09 -2.750103865102e-01 
 1.232800000000e-09 -2.458943395528e-01 
 1.242800000000e-09 -1.828059434038e-01 
 1.252800000000e-09 -9.389402413971e-02 
 1.262800000000e-09  1.045751031354e-02 
 1.272800000000e-09  1.172736856871e-01 
 1.282800000000e-09  2.110056930002e-01 
 1.292800000000e-09  2.763578111714e-01 
 1.302800000000e-09  3.025386031491e-01 
 1.312800000000e-09  2.858704579490e-01 
 1.322800000000e-09  2.296325291216e-01 
 1.332800000000e-09  1.419074289003e-01 
 1.342800000000e-09  3.316992042996e-02 
 1.352800000000e-09 -8.388044866594e-02 
 1.362800000000e-09 -1.932562695278e-01 
 1.372800000000e-09 -2.774871132733e-01 
 1.382800000000e-09 -3.223780566377e-01 
 1.392800000000e-09 -3.210388786384e-01 
 1.402800000000e-09 -2.748900041793e-01 
 1.412800000000e-09 -1.914986746518e-01 
 1.422800000000e-09 -8.149991087132e-02 
 1.432800000000e-09  4.270361021547e-02 
 1.442800000000e-09  1.654373376733e-01 
 1.452800000000e-09  2.678894497884e-01 
 1.462800000000e-09  3.327285903944e-01 
 1.472800000000e-09  3.493769879675e-01 
 1.482800000000e-09  3.166274602608e-01 
 1.492800000000e-09  2.408120410241e-01 
 1.502800000000e-09  1.326694748108e-01 
 1.512800000000e-09  4.559994348878e-03 
 1.522800000000e-09 -1.285808451591e-01 
 1.532800000000e-09 -2.476156377919e-01 
 1.542800000000e-09 -3.326770493974e-01 
 1.552800000000e-09 -3.692677257118e-01 
 1.562800000000e-09 -3.527790337499e-01 
 1.572800000000e-09 -2.877386960688e-01 
 1.582800000000e-09 -1.845642103220e-01 
 1.592800000000e-09 -5.585498905107e-02 
 1.602800000000e-09  8.423770813709e-02 
 1.612800000000e-09  2.172230888270e-01 
 1.622800000000e-09  3.216305140931e-01 
 1.632800000000e-09  3.793200081802e-01 
 1.642800000000e-09  3.816575817800e-01 
 1.652800000000e-09  3.306744528029e-01 
 1.662800000000e-09  2.356167608227e-01 
 1.672800000000e-09  1.093849130849e-01 
 1.682800000000e-09 -3.424811960076e-02 
 1.692800000000e-09 -1.780292689347e-01 
 1.702800000000e-09 -3.000094283801e-01 
 1.712800000000e-09 -3.790547845963e-01 
 1.722800000000e-09 -4.021625609396e-01 
 1.732800000000e-09 -3.680613987977e-01 
 1.742800000000e-09 -2.841630955072e-01 
 1.752800000000e-09 -1.632830293937e-01 
 1.762800000000e-09 -1.937509270899e-02 
 1.772800000000e-09  1.316812223705e-01 
 1.782800000000e-09  2.686010377709e-01 
 1.792800000000e-09  3.682172692356e-01 
 1.802800000000e-09  4.132987677366e-01 
 1.812800000000e-09  3.985512450192e-01 
 1.822800000000e-09  3.289587064993e-01 
 1.832800000000e-09  2.163065908104e-01 
 1.842800000000e-09  7.502947693205e-02 
 1.852800000000e-09 -7.990405891176e-02 
 1.862800000000e-09 -2.287060480024e-01 
 1.872800000000e-09 -3.473140267261e-01 
 1.882800000000e-09 -4.147306069316e-01 
 1.892800000000e-09 -4.210768315507e-01 
 1.902800000000e-09 -3.684083344392e-01 
 1.912800000000e-09 -2.667937231796e-01 
 1.922800000000e-09 -1.308757715911e-01 
 1.932800000000e-09  2.458718836221e-02 
 1.942800000000e-09  1.816993375366e-01 
 1.952800000000e-09  3.167355318502e-01 
 1.962800000000e-09  4.059791159530e-01 
 1.972800000000e-09  4.347218061084e-01 
 1.982800000000e-09  4.013744125492e-01 
 1.992800000000e-09  3.137217430464e-01 
 2.002800000000e-09  1.856967600763e-01 
 2.012800000000e-09  3.258994811424e-02 
 2.022800000000e-09 -1.293338004401e-01 
 2.032800000000e-09 -2.777513251262e-01 
 2.042800000000e-09 -3.874198526342e-01 
 2.052800000000e-09 -4.391252423722e-01 
 2.062800000000e-09 -4.269341888354e-01 
 2.072800000000e-09 -3.559124884989e-01 
 2.082800000000e-09 -2.384361755452e-01 
 2.092800000000e-09 -9.026491116929e-02 
 2.102800000000e-09  7.316848133263e-02 
 2.112800000000e-09  2.316131160024e-01 
 2.122800000000e-09  3.595637305914e-01 
 2.132800000000e-09  4.341431816789e-01 
 2.142800000000e-09  4.444691258232e-01 
 2.152800000000e-09  3.923194864196e-01 
 2.162800000000e-09  2.880130541319e-01 
 2.172800000000e-09  1.471074503876e-01 
 2.182800000000e-09 -1.486480588783e-02 
 2.192800000000e-09 -1.798385967885e-01 
 2.202800000000e-09 -3.232377500798e-01 
 2.212800000000e-09 -4.197337742534e-01 
 2.222800000000e-09 -4.533447559595e-01 
 2.232800000000e-09 -4.219933380368e-01 
 2.242800000000e-09 -3.335147840305e-01 
 2.252800000000e-09 -2.022524095992e-01 
 2.262800000000e-09 -4.431159067596e-02 
 2.272800000000e-09  1.238405564056e-01 
 2.282800000000e-09  2.794809180090e-01 
 2.292800000000e-09  3.961695871126e-01 
 2.302800000000e-09  4.533549186274e-01 
 2.312800000000e-09  4.443648364834e-01 
 2.322800000000e-09  3.739215677310e-01 
 2.332800000000e-09  2.545997632806e-01 
 2.342800000000e-09  1.029721003714e-01 
 2.352800000000e-09 -6.519899449660e-02 
 2.362800000000e-09 -2.296000110886e-01 
 2.372800000000e-09 -3.639811575946e-01 
 2.382800000000e-09 -4.441864068486e-01 
 2.392800000000e-09 -4.584115852263e-01 
 2.402800000000e-09 -4.080160649881e-01 
 2.412800000000e-09 -3.032676948905e-01 
 2.422800000000e-09 -1.601412790287e-01 
 2.432800000000e-09  5.251962647070e-03 
 2.442800000000e-09  1.749031095667e-01 
 2.452800000000e-09  3.239080249012e-01 
 2.462800000000e-09  4.259246070814e-01 
 2.472800000000e-09  4.639146984263e-01 
 2.482800000000e-09  4.352261783008e-01 
 2.492800000000e-09  3.474474807024e-01 
 2.502800000000e-09  2.150578918144e-01 
 2.512800000000e-09  5.480659346694e-02 
 2.522800000000e-09 -1.168253653713e-01 
 2.532800000000e-09 -2.771009760445e-01 
 2.542800000000e-09 -3.989201473997e-01 
 2.552800000000e-09 -4.606923726105e-01 
 2.562800000000e-09 -4.550120427969e-01 
 2.572800000000e-09 -3.862269692702e-01 
 2.582800000000e-09 -2.668535894327e-01 
 2.592800000000e-09 -1.138588993645e-01 
 2.602800000000e-09  5.675441709919e-02 
 2.612800000000e-09  2.248204631245e-01 
 2.622800000000e-09  3.637734406674e-01 
 2.632800000000e-09  4.485709877066e-01 
 2.642800000000e-09  4.665412537078e-01 
 2.652800000000e-09  4.185581580288e-01 
 2.662800000000e-09  3.146773534459e-01 
 2.672800000000e-09  1.710002474767e-01 
 2.682800000000e-09  4.047806431911e-03 
 2.692800000000e-09 -1.683320588814e-01 
 2.702800000000e-09 -3.212083323793e-01 
 2.712800000000e-09 -4.276118799342e-01 
 2.722800000000e-09 -4.695916842881e-01 
 2.732800000000e-09 -4.438832211121e-01 
 2.742800000000e-09 -3.577318472782e-01 
 2.752800000000e-09 -2.255571298340e-01 
 2.762800000000e-09 -6.449380898860e-02 
 2.772800000000e-09  1.090045938277e-01 
 2.782800000000e-09  2.723763322301e-01 
 2.792800000000e-09  3.981848781019e-01 
 2.802800000000e-09  4.640164290864e-01 
 2.812800000000e-09  4.617186627229e-01 
 2.822800000000e-09  3.951987540894e-01 
 2.832800000000e-09  2.767861972705e-01 
 2.842800000000e-09  1.236178604329e-01 
 2.852800000000e-09 -4.812460673356e-02 
 2.862800000000e-09 -2.185275826952e-01 
 2.872800000000e-09 -3.609548753329e-01 
 2.882800000000e-09 -4.497203671813e-01 
 2.892800000000e-09 -4.713174550646e-01 
 2.902800000000e-09 -4.260983579490e-01 
 2.912800000000e-09 -3.239291873884e-01 
 2.922800000000e-09 -1.807853621366e-01 
 2.932800000000e-09 -1.331311632464e-02 
 2.942800000000e-09  1.607455013966e-01 
 2.952800000000e-09  3.165719656035e-01 
 2.962800000000e-09  4.267896770044e-01 
 2.972800000000e-09  4.726057617794e-01 
 2.982800000000e-09  4.501063281125e-01 
 2.992800000000e-09  3.661315040334e-01 
 3.002800000000e-09  2.349343767898e-01 
 3.012800000000e-09  7.388416317363e-02 
 3.022800000000e-09 -1.006048354405e-01 
 3.032800000000e-09 -2.662518120143e-01 
 3.042800000000e-09 -3.954651858861e-01 
 3.052800000000e-09 -4.651286367795e-01 
 3.062800000000e-09 -4.663150363018e-01 
 3.072800000000e-09 -4.024431617829e-01 
 3.082800000000e-09 -2.855793986349e-01 
 3.092800000000e-09 -1.329052805520e-01 
 3.102800000000e-09  3.924852498505e-02 
 3.112800000000e-09  2.112734009248e-01 
 3.122800000000e-09  3.566043651540e-01 
 3.132800000000e-09  4.490491589415e-01 
 3.142800000000e-09  4.742713548499e-01 
 3.152800000000e-09  4.320662315472e-01 
 3.162800000000e-09  3.319308732453e-01 
 3.172800000000e-09  1.897206912989e-01 
 3.182800000000e-09  2.233835206423e-02 
 3.192800000000e-09 -1.527028002678e-01 
 3.202800000000e-09 -3.108294934257e-01 
 3.212800000000e-09 -4.244095105846e-01 
 3.222800000000e-09 -4.738811249070e-01 
 3.232800000000e-09 -4.546636813110e-01 
 3.242800000000e-09 -3.731627809949e-01 
 3.252800000000e-09 -2.434006859041e-01 
 3.262800000000e-09 -8.287741968620e-02 
 3.272800000000e-09  9.203264769820e-02 
 3.282800000000e-09  2.593829531702e-01 
 3.292800000000e-09  3.915509066387e-01 
 3.302800000000e-09  4.648190271045e-01 
 3.312800000000e-09  4.694814285780e-01 
 3.322800000000e-09  4.084421898143e-01 
 3.332800000000e-09  2.934641035178e-01 
 3.342800000000e-09  1.416907367557e-01 
 3.352800000000e-09 -3.041662304953e-02 
 3.362800000000e-09 -2.035739552230e-01 
 3.372800000000e-09 -3.513753389878e-01 
 3.382800000000e-09 -4.472322356084e-01 
 3.392800000000e-09 -4.760009502568e-01 
 3.402800000000e-09 -4.369057561626e-01 
 3.412800000000e-09 -3.390494381695e-01 
 3.422800000000e-09 -1.981098690341e-01 
 3.432800000000e-09 -3.118481118686e-02 
 3.442800000000e-09  1.444303124880e-01 
 3.452800000000e-09  3.044629268034e-01 
 3.462800000000e-09  4.211216195391e-01 
 3.472800000000e-09  4.741093252734e-01 
 3.482800000000e-09  4.581799324185e-01 
 3.492800000000e-09  3.793231058788e-01 
 3.502800000000e-09  2.512793480195e-01 
 3.512800000000e-09  9.159667092448e-02 
 3.522800000000e-09 -8.338002993402e-02 
 3.532800000000e-09 -2.520675535008e-01 
 3.542800000000e-09 -3.868931258099e-01 
 3.552800000000e-09 -4.636148800139e-01 
 3.562800000000e-09 -4.717487403617e-01 
 3.572800000000e-09 -4.136495415778e-01 
 3.582800000000e-09 -3.007557096774e-01 
 3.592800000000e-09 -1.501336050779e-01 
 3.602800000000e-09  2.164393821353e-02 
 3.612800000000e-09  1.956193556041e-01 
 3.622800000000e-09  3.456026192388e-01 
 3.632800000000e-09  4.446878243236e-01 
 3.642800000000e-09  4.769450424446e-01 
 3.652800000000e-09  4.410145727453e-01 
 3.662800000000e-09  3.455888713646e-01 
 3.672800000000e-09  2.061314283902e-01 
 3.682800000000e-09  3.989194098810e-02 
 3.692800000000e-09 -1.360347924181e-01 
 3.702800000000e-09 -2.977106506364e-01 
 3.712800000000e-09 -4.172525563496e-01 
 3.722800000000e-09 -4.737163678312e-01 
 3.732800000000e-09 -4.611466549167e-01 
 3.742800000000e-09 -3.850298251877e-01 
 3.752800000000e-09 -2.588319704610e-01 
 3.762800000000e-09 -1.001326809535e-01 
 3.772800000000e-09  7.473812872456e-02 
 3.782800000000e-09  2.445685035633e-01 
 3.792800000000e-09  3.818810515302e-01 
 3.802800000000e-09  4.618495653957e-01 
 3.812800000000e-09  4.732758813551e-01 
 3.822800000000e-09  4.181821540208e-01 
 3.832800000000e-09  3.075886005861e-01 
 3.842800000000e-09  1.583398974582e-01 
 3.852800000000e-09 -1.286142282471e-02 
 3.862800000000e-09 -1.873875968758e-01 
 3.872800000000e-09 -3.393146053252e-01 
 3.882800000000e-09 -4.414880224909e-01 
 3.892800000000e-09 -4.772098699021e-01 
 3.902800000000e-09 -4.445167108017e-01 
 3.912800000000e-09 -3.516731171757e-01 
 3.922800000000e-09 -2.138950579203e-01 
 3.932800000000e-09 -4.854479614916e-02 
 3.942800000000e-09  1.274676899439e-01 
 3.952800000000e-09  2.905682944747e-01 
 3.962800000000e-09  4.128420511818e-01 
 3.972800000000e-09  4.727154592925e-01 
 3.982800000000e-09  4.635204705676e-01 
 3.992800000000e-09  3.902597564221e-01 
 4.002800000000e-09  2.660889177422e-01 
 4.012800000000e-09  1.085604808584e-01 
 4.022800000000e-09 -6.599659067800e-02 
 4.032800000000e-09 -2.367554728026e-01 
 4.042800000000e-09 -3.763851225831e-01 
 4.052800000000e-09 -4.596223108533e-01 
 4.062800000000e-09 -4.744860630735e-01 
 4.072800000000e-09 -4.224705146052e-01 
 4.082800000000e-09 -3.142241002925e-01 
 4.092800000000e-09 -1.664201078870e-01 
 4.102800000000e-09  4.125050196604e-03 
 4.112800000000e-09  1.790956973465e-01 
 4.122800000000e-09  3.328549591598e-01 
 4.132800000000e-09  4.380405475599e-01 
 4.142800000000e-09  4.772041503683e-01 
 4.152800000000e-09  4.477655978477e-01 
 4.162800000000e-09  3.575540779602e-01 
 4.172800000000e-09  2.215245610049e-01 
 4.182800000000e-09  5.713048588454e-02 
 4.192800000000e-09 -1.188774093695e-01 
 4.202800000000e-09 -2.832993216563e-01 
 4.212800000000e-09 -4.082210019730e-01 
 4.222800000000e-09 -4.714715088490e-01 
 4.232800000000e-09 -4.656574935981e-01 
 4.242800000000e-09 -3.952892180809e-01 
 4.252800000000e-09 -2.732031958405e-01 
 4.262800000000e-09 -1.169006230139e-01 
 4.272800000000e-09  5.726993253490e-02 
 4.282800000000e-09  2.288629049265e-01 
 4.292800000000e-09  3.707198117450e-01 
 4.302800000000e-09  4.571768783684e-01 
 4.312800000000e-09  4.754695944616e-01 
 4.322800000000e-09  4.265553603994e-01 
 4.332800000000e-09  3.208219159626e-01 
 4.342800000000e-09  1.746542471985e-01 
 4.352800000000e-09  4.802120491453e-03 
 4.362800000000e-09 -1.706074385717e-01 
 4.372800000000e-09 -3.262108806455e-01 
 4.382800000000e-09 -4.344581267006e-01 
 4.392800000000e-09 -4.771451680179e-01 
 4.402800000000e-09 -4.510480969579e-01 
 4.412800000000e-09 -3.635440038363e-01 
 4.422800000000e-09 -2.293171442324e-01 
 4.432800000000e-09 -6.590084671060e-02 
 4.442800000000e-09  1.100845607683e-01 
 4.452800000000e-09  2.758258588351e-01 
 4.462800000000e-09  4.034269243422e-01 
 4.472800000000e-09  4.701302614641e-01 
 4.482800000000e-09  4.677855971396e-01 
 4.492800000000e-09  4.003923821780e-01 
 4.502800000000e-09  2.804556477047e-01 
 4.512800000000e-09  1.254099469775e-01 
 4.522800000000e-09 -4.835166565077e-02 
 4.532800000000e-09 -2.207626993988e-01 
 4.542800000000e-09 -3.648587246302e-01 
 4.552800000000e-09 -4.545918482823e-01 
 4.562800000000e-09 -4.763955506546e-01 
 4.572800000000e-09 -4.306676311464e-01 
 4.582800000000e-09 -3.273876605705e-01 
 4.592800000000e-09 -1.827434539072e-01 
 4.602800000000e-09 -1.363788571183e-02 
 4.612800000000e-09  1.620927189989e-01 
 4.622800000000e-09  3.194111211813e-01 
 4.632800000000e-09  4.306209628650e-01 
 4.642800000000e-09  4.767900742715e-01 
 4.652800000000e-09  4.540375318351e-01 
 4.662800000000e-09  3.692834881328e-01 
 4.672800000000e-09  2.369280875123e-01 
 4.682800000000e-09  7.455966942198e-02 
 4.692800000000e-09 -1.013073815294e-01 
 4.702800000000e-09 -2.682509253906e-01 
 4.712800000000e-09 -3.984278421240e-01 
 4.722800000000e-09 -4.685316943221e-01 
 4.732800000000e-09 -4.696479350674e-01 
 4.742800000000e-09 -4.052549028970e-01 
 4.752800000000e-09 -2.875196588931e-01 
 4.762800000000e-09 -1.337856747938e-01 
 4.772800000000e-09  3.949190623007e-02 
 4.782800000000e-09  2.126175683181e-01 
 4.792800000000e-09  3.588446454857e-01 
 4.802800000000e-09  4.517831117713e-01 
 4.812800000000e-09  4.770713907739e-01 
 4.822800000000e-09  4.345401996538e-01 
 4.832800000000e-09  3.337555060048e-01 
 4.842800000000e-09  1.906913623554e-01 
 4.852800000000e-09  2.239234812563e-02 
 4.862800000000e-09 -1.535704079346e-01 
 4.872800000000e-09 -3.125002392849e-01 
 4.882800000000e-09 -4.265897124990e-01 
 4.892800000000e-09 -4.762059300145e-01 
 4.902800000000e-09 -4.567984003440e-01 
 4.912800000000e-09 -3.748249224706e-01 
 4.922800000000e-09 -2.443925187766e-01 
 4.932800000000e-09 -8.312115009279e-02 
 4.942800000000e-09  9.255474633840e-02 
 4.952800000000e-09  2.606058933135e-01 
 4.962800000000e-09  3.932708694081e-01 
 4.972800000000e-09  4.667308932729e-01 
 4.982800000000e-09  4.712999521588e-01 
 4.992800000000e-09  4.099249449583e-01 
 5.002800000000e-09  2.944294131219e-01 
 5.012800000000e-09  1.420463159023e-01 
 5.022800000000e-09 -3.069156734397e-02 
 5.032800000000e-09 -2.044477886824e-01 
 5.042800000000e-09 -3.527136062233e-01 
 5.052800000000e-09 -4.487944534799e-01 
 5.062800000000e-09 -4.775434288295e-01 
 5.072800000000e-09 -4.382152742605e-01 
 5.082800000000e-09 -3.399581636226e-01 
 5.092800000000e-09 -1.985184857668e-01 
 5.102800000000e-09 -3.107120244630e-02 
 5.112800000000e-09  1.450515767239e-01 
 5.122800000000e-09  3.055043067152e-01 
 5.132800000000e-09  4.223999342451e-01 
 5.142800000000e-09  4.754109291761e-01 
 5.152800000000e-09  4.593204972538e-01 
 5.162800000000e-09  3.801546889978e-01 
 5.172800000000e-09  2.517057137598e-01 
 5.182800000000e-09  9.158801302288e-02 
 5.192800000000e-09 -8.381782429183e-02 
 5.202800000000e-09 -2.528769742020e-01 
 5.212800000000e-09 -3.879385101571e-01 
 5.222800000000e-09 -4.647100111230e-01 
 5.232800000000e-09 -4.727322188525e-01 
 5.242800000000e-09 -4.143942994523e-01 
 5.252800000000e-09 -3.011741752533e-01 
 5.262800000000e-09 -1.501891252250e-01 
 5.272800000000e-09  2.194829564387e-02 
 5.282800000000e-09  1.962463034630e-01 
 5.292800000000e-09  3.464541297304e-01 
 5.302800000000e-09  4.456107218955e-01 
 5.312800000000e-09  4.777964949045e-01 
 5.322800000000e-09  4.416800288519e-01 
 5.332800000000e-09  3.459867236821e-01 
 5.342800000000e-09  2.062219802151e-01 
 5.352800000000e-09  3.967660151705e-02 
 5.362800000000e-09 -1.365304243349e-01 
 5.372800000000e-09 -2.984146410073e-01 
 5.382800000000e-09 -4.180406497682e-01 
 5.392800000000e-09 -4.744567271422e-01 
 5.402800000000e-09 -4.617371116238e-01 
 5.412800000000e-09 -3.853979400223e-01 
 5.422800000000e-09 -2.589392772755e-01 
 5.432800000000e-09 -9.997734755721e-02 
 5.442800000000e-09  7.513706514530e-02 
 5.452800000000e-09  2.451570094540e-01 
 5.462800000000e-09  3.825595621222e-01 
 5.472800000000e-09  4.624984168790e-01 
 5.482800000000e-09  4.738027946703e-01 
 5.492800000000e-09  4.185212724050e-01 
 5.502800000000e-09  3.077030632442e-01 
 5.512800000000e-09  1.582251826603e-01 
 5.522800000000e-09 -1.318905683130e-02 
 5.532800000000e-09 -1.878874450171e-01 
 5.542800000000e-09 -3.399072841509e-01 
 5.552800000000e-09 -4.420666737440e-01 
 5.562800000000e-09 -4.776861298338e-01 
 5.572800000000e-09 -4.448297850357e-01 
 5.582800000000e-09 -3.517887326296e-01 
 5.592800000000e-09 -2.138069264691e-01 
 5.602800000000e-09 -4.826804758512e-02 
 5.612800000000e-09  1.279013082332e-01 
 5.622800000000e-09  2.910946044861e-01 
 5.632800000000e-09  4.133676515129e-01 
 5.642800000000e-09  4.731526340500e-01 
 5.652800000000e-09  4.638117913056e-01 
 5.662800000000e-09  3.903737011205e-01 
 5.672800000000e-09  2.660187194754e-01 
 5.682800000000e-09  1.083206557956e-01 
 5.692800000000e-09 -6.637982070480e-02 
 5.702800000000e-09 -2.372296346853e-01 
 5.712800000000e-09 -3.768692624037e-01 
 5.722800000000e-09 -4.600308904011e-01 
 5.732800000000e-09 -4.747632431584e-01 
 5.742800000000e-09 -4.225853728223e-01 
 5.752800000000e-09 -3.141689661470e-01 
 5.762800000000e-09 -1.662088197856e-01 
 5.772800000000e-09  4.468820534739e-03 
 5.782800000000e-09  1.795294267627e-01 
 5.792800000000e-09  3.333090355624e-01 
 5.802800000000e-09  4.384328096013e-01 
 5.812800000000e-09  4.774757046058e-01 
 5.822800000000e-09  4.478850790557e-01 
 5.832800000000e-09  3.575133073738e-01 
 5.842800000000e-09  2.213360225655e-01 
 5.852800000000e-09  5.681743531266e-02 
 5.862800000000e-09 -1.192799823371e-01 
 5.872800000000e-09 -2.837313282314e-01 
 5.882800000000e-09 -4.086053505701e-01 
 5.892800000000e-09 -4.717441117828e-01 
 5.902800000000e-09 -4.657852498154e-01 
 5.912800000000e-09 -3.952630762155e-01 
 5.922800000000e-09 -2.730340302392e-01 
 5.932800000000e-09 -1.166125913657e-01 
 5.942800000000e-09  5.764676738204e-02 
 5.952800000000e-09  2.292770271142e-01 
 5.962800000000e-09  3.711000896944e-01 
 5.972800000000e-09  4.574558876103e-01 
 5.982800000000e-09  4.756110983940e-01 
 5.992800000000e-09  4.265474821653e-01 
 6.002800000000e-09  3.206735475821e-01 
 6.012800000000e-09  1.743898497004e-01 
 6.022800000000e-09  4.448916495284e-03 
 6.032800000000e-09 -1.710064114035e-01 
 6.042800000000e-09 -3.265913626529e-01 
 6.052800000000e-09 -4.347509898032e-01 
 6.062800000000e-09 -4.773070591371e-01 
 6.072800000000e-09 -4.510634346157e-01 
 6.082800000000e-09 -3.634186898935e-01 
 6.092800000000e-09 -2.290739559560e-01 
 6.102800000000e-09 -6.556783475358e-02 
 6.112800000000e-09  1.104709710745e-01 
 6.122800000000e-09  2.762080312971e-01 
 6.132800000000e-09  4.037363976918e-01 
 6.142800000000e-09  4.703152504397e-01 
 6.152800000000e-09  4.678259027024e-01 
 6.162800000000e-09  4.002910459757e-01 
 6.172800000000e-09  2.802331290686e-01 
 6.182800000000e-09  1.250960204723e-01 
 6.192800000000e-09 -4.872509513330e-02 
 6.202800000000e-09 -2.211450503980e-01 
 6.212800000000e-09 -3.651842217790e-01 
 6.222800000000e-09 -4.548024644098e-01 
 6.232800000000e-09 -4.764652454278e-01 
 6.242800000000e-09 -4.305946177071e-01 
 6.252800000000e-09 -3.271894874756e-01 
 6.262800000000e-09 -1.824504834953e-01 
 6.272800000000e-09 -1.327957858398e-02 
 6.282800000000e-09  1.624734377411e-01 
 6.292800000000e-09  3.197530518999e-01 
 6.302800000000e-09  4.308617720119e-01 
 6.312800000000e-09  4.768943044729e-01 
 6.322800000000e-09  4.539978905406e-01 
 6.332800000000e-09  3.691133505818e-01 
 6.342800000000e-09  2.366557828440e-01 
 6.352800000000e-09  7.421615083896e-02 
 6.362800000000e-09 -1.016852396175e-01 
 6.372800000000e-09 -2.686071210684e-01 
 6.382800000000e-09 -3.986984802544e-01 
 6.392800000000e-09 -4.686710957586e-01 
 6.402800000000e-09 -4.696425267464e-01 
 6.412800000000e-09 -4.051141216648e-01 
 6.422800000000e-09 -2.872691059898e-01 
 6.432800000000e-09 -1.334584184196e-01 
 6.442800000000e-09  3.986316666406e-02 
 6.452800000000e-09  2.129832070319e-01 
 6.462800000000e-09  3.591419067989e-01 
 6.472800000000e-09  4.519586678999e-01 
 6.482800000000e-09  4.771042276463e-01 
 6.492800000000e-09  4.344337029007e-01 
 6.502800000000e-09  3.335316931897e-01 
 6.512800000000e-09  1.903838056088e-01 
 6.522800000000e-09  2.203183607239e-02 
 6.532800000000e-09 -1.539414341544e-01 
 6.542800000000e-09 -3.128224877672e-01 
 6.552800000000e-09 -4.268043088633e-01 
 6.562800000000e-09 -4.762811039202e-01 
 6.572800000000e-09 -4.567310023978e-01 
 6.582800000000e-09 -3.746321381175e-01 
 6.592800000000e-09 -2.441055516640e-01 
 6.602800000000e-09 -8.277276232595e-02 
 6.612800000000e-09  9.292777843216e-02 
 6.622800000000e-09  2.609488265046e-01 
 6.632800000000e-09  3.935222457883e-01 
 6.642800000000e-09  4.668477501341e-01 
 6.652800000000e-09  4.712718639172e-01 
 6.662800000000e-09  4.097646013994e-01 
 6.672800000000e-09  2.941650805410e-01 
 6.682800000000e-09  1.417129879197e-01 
 6.692800000000e-09 -3.106095135121e-02 
 6.702800000000e-09 -2.048046118807e-01 
 6.712800000000e-09 -3.529969421755e-01 
 6.722800000000e-09 -4.489531583373e-01 
 6.732800000000e-09 -4.775586503813e-01 
 6.742800000000e-09 -4.380928484099e-01 
 6.752800000000e-09 -3.397222487125e-01 
 6.762800000000e-09 -1.982043110850e-01 
 6.772800000000e-09 -3.071038608933e-02 
 6.782800000000e-09  1.454172910401e-01 
 6.792800000000e-09  3.058169614656e-01 
 6.802800000000e-09  4.226023559295e-01 
 6.812800000000e-09  4.754729369498e-01 
 6.822800000000e-09  4.592408245965e-01 
 6.832800000000e-09  3.799520144133e-01 
 6.842800000000e-09  2.514124911435e-01 
 6.852800000000e-09  9.123816606780e-02 
 6.862800000000e-09 -8.418791592585e-02 
 6.872800000000e-09 -2.532136521619e-01 
 6.882800000000e-09 -3.881816102369e-01 
 6.892800000000e-09 -4.648173688835e-01 
 6.902800000000e-09 -4.726945652972e-01 
 6.912800000000e-09 -4.142257944163e-01 
 6.922800000000e-09 -3.009043159731e-01 
 6.932800000000e-09 -1.498539895535e-01 
 6.942800000000e-09  2.231580510653e-02 
 6.952800000000e-09  1.965986180983e-01 
 6.962800000000e-09  3.467315287455e-01 
 6.972800000000e-09  4.457628617478e-01 
 6.982800000000e-09  4.778050372802e-01 
 6.992800000000e-09  4.415517018843e-01 
 7.002800000000e-09  3.457464972810e-01 
 7.012800000000e-09  2.059058157726e-01 
 7.022800000000e-09  3.931667260562e-02 
 7.032800000000e-09 -1.368931822235e-01 
 7.042800000000e-09 -2.987233040295e-01 
 7.052800000000e-09 -4.182387909151e-01 
 7.062800000000e-09 -4.745140282773e-01 
 7.072800000000e-09 -4.616528300485e-01 
 7.082800000000e-09 -3.851916756618e-01 
 7.092800000000e-09 -2.586441056718e-01 
 7.102800000000e-09 -9.962798039289e-02 
 7.112800000000e-09  7.550478869186e-02 
 7.122800000000e-09  2.454904850621e-01 
 7.132800000000e-09  3.827994434709e-01 
 7.142800000000e-09  4.626034017598e-01 
 7.152800000000e-09  4.737641733398e-01 
 7.162800000000e-09  4.183524109322e-01 
 7.172800000000e-09  3.074331171173e-01 
 7.182800000000e-09  1.578908395540e-01 
 7.192800000000e-09 -1.355506726436e-02 
 7.202800000000e-09 -1.882385727441e-01 
 7.212800000000e-09 -3.401845445382e-01 
 7.222800000000e-09 -4.422195373183e-01 
 7.232800000000e-09 -4.776955714157e-01 
 7.242800000000e-09 -4.447023493229e-01 
 7.252800000000e-09 -3.515493106693e-01 
 7.262800000000e-09 -2.134915967458e-01 
 7.272800000000e-09 -4.790939384141e-02 
 7.282800000000e-09  1.282631642340e-01 
 7.292800000000e-09  2.914035117419e-01 
 7.302800000000e-09  4.135672232197e-01 
 7.312800000000e-09  4.732116550678e-01 
 7.322800000000e-09  4.637291481889e-01 
 7.332800000000e-09  3.901688625588e-01 
 7.342800000000e-09  2.657247114821e-01 
 7.352800000000e-09  1.079727319265e-01 
 7.362800000000e-09 -6.674639374277e-02 
 7.372800000000e-09 -2.375631806078e-01 
 7.382800000000e-09 -3.771107558748e-01 
 7.392800000000e-09 -4.601382593739e-01 
 7.402800000000e-09 -4.747271420590e-01 
 7.412800000000e-09 -4.224188163652e-01 
 7.422800000000e-09 -3.139009311784e-01 
 7.432800000000e-09 -1.658762698801e-01 
 7.442800000000e-09  4.833309578885e-03 
 7.452800000000e-09  1.798803203711e-01 
 7.462800000000e-09  3.335879669447e-01 
 7.472800000000e-09  4.385887870407e-01 
 7.482800000000e-09  4.774886068971e-01 
 7.492800000000e-09  4.477608938283e-01 
 7.502800000000e-09  3.572765392054e-01 
 7.512800000000e-09  2.210226207004e-01 
 7.522800000000e-09  5.646035718960e-02 
 7.532800000000e-09 -1.196414289430e-01 
 7.542800000000e-09 -2.840417111951e-01 
 7.552800000000e-09 -4.088081431133e-01 
 7.562800000000e-09 -4.718068979663e-01 
 7.572800000000e-09 -4.657062253992e-01 
 7.582800000000e-09 -3.950613186004e-01 
 7.592800000000e-09 -2.727423241357e-01 
 7.602800000000e-09 -1.162666205891e-01 
 7.612800000000e-09  5.801230408684e-02 
 7.622800000000e-09  2.296113885285e-01 
 7.632800000000e-09  3.713444859235e-01 
 7.642800000000e-09  4.575672834577e-01 
 7.652800000000e-09  4.755792178117e-01 
 7.662800000000e-09  4.263847442086e-01 
 7.672800000000e-09  3.204092041404e-01 
 7.682800000000e-09  1.740612329676e-01 
 7.692800000000e-09  4.087529447633e-03 
 7.702800000000e-09 -1.713564811843e-01 
 7.712800000000e-09 -3.268725058010e-01 
 7.722800000000e-09 -4.349117012973e-01 
 7.732800000000e-09 -4.773258039171e-01 
 7.742800000000e-09 -4.509452717666e-01 
 7.752800000000e-09 -3.631873316682e-01 
 7.762800000000e-09 -2.287648515919e-01 
 7.772800000000e-09 -6.521414107185e-02 
 7.782800000000e-09  1.108309277049e-01 
 7.792800000000e-09  2.765197523038e-01 
 7.802800000000e-09  4.039432789773e-01 
 7.812800000000e-09  4.703835108704e-01 
 7.822800000000e-09  4.677527296412e-01 
 7.832800000000e-09  4.000948080107e-01 
 7.842800000000e-09  2.799460485425e-01 
 7.852800000000e-09  1.247539657070e-01 
 7.862800000000e-09 -4.908814413594e-02 
 7.872800000000e-09 -2.214795187659e-01 
 7.882800000000e-09 -3.654317407213e-01 
 7.892800000000e-09 -4.549190199048e-01 
 7.902800000000e-09 -4.764393812900e-01 
 7.912800000000e-09 -4.304378595616e-01 
 7.922800000000e-09 -3.269302969602e-01 
 7.932800000000e-09 -1.821259556416e-01 
 7.942800000000e-09 -1.292114756043e-02 
 7.952800000000e-09  1.628228259918e-01 
 7.962800000000e-09  3.200365272311e-01 
 7.972800000000e-09  4.310273494098e-01 
 7.982800000000e-09  4.769190023559e-01 
 7.992800000000e-09  4.538858106705e-01 
 8.002800000000e-09  3.688874206665e-01 
 8.012800000000e-09  2.363509181399e-01 
 8.022800000000e-09  7.386574101904e-02 
 8.032800000000e-09 -1.020437968742e-01 
 8.042800000000e-09 -2.689202457647e-01 
 8.052800000000e-09 -3.989095216433e-01 
 8.062800000000e-09 -4.687448904292e-01 
 8.072800000000e-09 -4.695752181126e-01 
 8.082800000000e-09 -4.049233786267e-01 
 8.092800000000e-09 -2.869866137251e-01 
 8.102800000000e-09 -1.331201891712e-01 
 8.112800000000e-09  4.022378807470e-02 
 8.122800000000e-09  2.133178050622e-01 
 8.132800000000e-09  3.593925596107e-01 
 8.142800000000e-09  4.520804335776e-01 
 8.152800000000e-09  4.770844101920e-01 
 8.162800000000e-09  4.342829256391e-01 
 8.172800000000e-09  3.332776278686e-01 
 8.182800000000e-09  1.900632657547e-01 
 8.192800000000e-09  2.167625561845e-02 
 8.202800000000e-09 -1.542901972038e-01 
 8.212800000000e-09 -3.131082983987e-01 
 8.222800000000e-09 -4.269747426681e-01 
 8.232800000000e-09 -4.763117303201e-01 
 8.242800000000e-09 -4.566249614477e-01 
 8.252800000000e-09 -3.744115867695e-01 
 8.262800000000e-09 -2.438048584907e-01 
 8.272800000000e-09 -8.242556976629e-02 
 8.282800000000e-09  9.328494803521e-02 
 8.292800000000e-09  2.612633157747e-01 
 8.302800000000e-09  3.937374002606e-01 
 8.312800000000e-09  4.669270315582e-01 
 8.322800000000e-09  4.712103424563e-01 
 8.332800000000e-09  4.095792714058e-01 
 8.342800000000e-09  2.938871193716e-01 
 8.352800000000e-09  1.413785114537e-01 
 8.362800000000e-09 -3.141915349499e-02 
 8.372800000000e-09 -2.051392760943e-01 
 8.382800000000e-09 -3.532506346727e-01 
 8.392800000000e-09 -4.490800779400e-01 
 8.402800000000e-09 -4.775448225675e-01 
 8.412800000000e-09 -4.379479927183e-01 
 8.422800000000e-09 -3.394732583322e-01 
 8.432800000000e-09 -1.978876772335e-01 
 8.442800000000e-09 -3.035760356900e-02 
 8.452800000000e-09  1.457654073660e-01 
 8.462800000000e-09  3.061050144214e-01 
 8.472800000000e-09  4.227775370985e-01 
 8.482800000000e-09  4.755095795536e-01 
 8.492800000000e-09  4.591411330509e-01 
 8.502800000000e-09  3.797371241634e-01 
 8.512800000000e-09  2.511161183446e-01 
 8.522800000000e-09  9.089420700446e-02 
 8.532800000000e-09 -8.454376699584e-02 
 8.542800000000e-09 -2.535296621263e-01 
 8.552800000000e-09 -3.884011306165e-01 
 8.562800000000e-09 -4.649024424250e-01 
 8.572800000000e-09 -4.726391089479e-01 
 8.582800000000e-09 -4.140461093665e-01 
 8.592800000000e-09 -3.006310459559e-01 
 8.602800000000e-09 -1.495232861055e-01 
 8.612800000000e-09  2.267163010241e-02 
 8.622800000000e-09  1.969334355376e-01 
 8.632800000000e-09  3.469884101696e-01 
 8.642800000000e-09  4.458951716816e-01 
 8.652800000000e-09  4.777974404816e-01 
 8.662800000000e-09  4.414129699938e-01 
 8.672800000000e-09  3.455027239087e-01 
 8.682800000000e-09  2.055931104810e-01 
 8.692800000000e-09  3.896663892322e-02 
 8.702800000000e-09 -1.372407278582e-01 
 8.712800000000e-09 -2.990136907898e-01 
 8.722800000000e-09 -4.184188484211e-01 
 8.732800000000e-09 -4.745564410371e-01 
 8.742800000000e-09 -4.615587968332e-01 
 8.752800000000e-09 -3.849818381229e-01 
 8.762800000000e-09 -2.583517201231e-01 
 8.772800000000e-09 -9.928720090371e-02 
 8.782800000000e-09  7.585904367114e-02 
 8.792800000000e-09  2.458074515076e-01 
 8.802800000000e-09  3.830226046355e-01 
 8.812800000000e-09  4.628050478379e-01 
 8.822800000000e-09  4.739728452864e-01 
 8.832800000000e-09  4.184216115660e-01 
 8.842800000000e-09  3.073025172154e-01 
 8.852800000000e-09  1.575938724208e-01 
 8.862800000000e-09 -1.398846935306e-02 
 8.872800000000e-09 -1.887539587450e-01 
 8.882800000000e-09 -3.406974227048e-01 
 8.892800000000e-09 -4.426373277054e-01 
 8.902800000000e-09 -4.779573597295e-01 
 8.912800000000e-09 -4.447804051675e-01 
 8.922800000000e-09 -3.514425476255e-01 
 8.932800000000e-09 -2.132222649805e-01 
 8.942800000000e-09 -4.750832545391e-02 
 8.952800000000e-09  1.287504010348e-01 
 8.962800000000e-09  2.919031380023e-01 
 8.972800000000e-09  4.139892297159e-01 
 8.982800000000e-09  4.734873559923e-01 
 8.992800000000e-09  4.638268668189e-01 
 9.002800000000e-09  3.900856165077e-01 
 9.012800000000e-09  2.654799744929e-01 
 9.022800000000e-09  1.075992374467e-01 
 9.032800000000e-09 -6.720992097725e-02 
 9.042800000000e-09 -2.380520230427e-01 
 9.052800000000e-09 -3.775400924440e-01 
 9.062800000000e-09 -4.604325740844e-01 
 9.072800000000e-09 -4.748501059603e-01 
 9.082800000000e-09 -4.223629300938e-01 
 9.092800000000e-09 -3.136825974274e-01 
 9.102800000000e-09 -1.655288161755e-01 
 9.112800000000e-09  5.274154259911e-03 
 9.122800000000e-09  1.803597510211e-01 
 9.132800000000e-09  3.340274269736e-01 
 9.142800000000e-09  4.389084877726e-01 
 9.152800000000e-09  4.776428671288e-01 
 9.162800000000e-09  4.477372695807e-01 
 9.172800000000e-09  3.570878442505e-01 
 9.182800000000e-09  2.207009388304e-01 
 9.192800000000e-09  5.604123558010e-02 
 9.202800000000e-09 -1.201114629703e-01 
 9.212800000000e-09 -2.844914830667e-01 
 9.222800000000e-09 -4.091565006999e-01 
 9.232800000000e-09 -4.719968581872e-01 
 9.242800000000e-09 -4.657187870050e-01 
 9.252800000000e-09 -3.949051284963e-01 
 9.262800000000e-09 -2.724462438573e-01 
 9.272800000000e-09 -1.158687332266e-01 
 9.282800000000e-09  5.847148828296e-02 
 9.292800000000e-09  2.300684373752e-01 
 9.302800000000e-09  3.717199460025e-01 
 9.312800000000e-09  4.577947893551e-01 
 9.322800000000e-09  4.756322624723e-01 
 9.332800000000e-09  4.262657158391e-01 
 9.342800000000e-09  3.201435262257e-01 
 9.352800000000e-09  1.736882382543e-01 
 9.362800000000e-09  3.643987745280e-03 
 9.372800000000e-09 -1.718164715270e-01 
 9.382800000000e-09 -3.272739075652e-01 
 9.392800000000e-09 -4.351813143953e-01 
 9.402800000000e-09 -4.774253440387e-01 
 9.412800000000e-09 -4.508700329503e-01 
 9.422800000000e-09 -3.629571698706e-01 
 9.432800000000e-09 -2.284169523119e-01 
 9.442800000000e-09 -6.478681117818e-02 
 9.452800000000e-09  1.112911320778e-01 
 9.462800000000e-09  2.769435886212e-01 
 9.472800000000e-09  4.042542422606e-01 
 9.482800000000e-09  4.705302405925e-01 
 9.492800000000e-09  4.677224843076e-01 
 9.502800000000e-09  3.999021973771e-01 
 9.512800000000e-09  2.796247021249e-01 
 9.522800000000e-09  1.243450566914e-01 
 9.532800000000e-09 -4.954361349523e-02 
 9.542800000000e-09 -2.219194937138e-01 
 9.552800000000e-09 -3.657799234791e-01 
 9.562800000000e-09 -4.551134354832e-01 
 9.572800000000e-09 -4.764581287035e-01 
 9.582800000000e-09 -4.302881341125e-01 
 9.592800000000e-09 -3.266415720306e-01 
 9.602800000000e-09 -1.817405837256e-01 
 9.612800000000e-09 -1.247702258650e-02 
 9.622800000000e-09  1.632724462293e-01 
 9.632800000000e-09  3.204188068831e-01 
 9.642800000000e-09  4.312723940243e-01 
 9.652800000000e-09  4.769917704314e-01 
 9.662800000000e-09  4.537853612118e-01 
 9.672800000000e-09  3.686370799474e-01 
 9.682800000000e-09  2.359904520170e-01 
 9.692800000000e-09  7.343517218228e-02 
 9.702800000000e-09 -1.024983544980e-01 
 9.712800000000e-09 -2.693310663391e-01 
 9.722800000000e-09 -3.992025434055e-01 
 9.732800000000e-09 -4.688710407827e-01 
 9.742800000000e-09 -4.695245899526e-01 
 9.752800000000e-09 -4.047134989319e-01 
 9.762800000000e-09 -2.866535001364e-01 
 9.772800000000e-09 -1.327068665847e-01 
 9.782800000000e-09  4.067632729910e-02 
 9.792800000000e-09  2.137488509904e-01 
 9.802800000000e-09  3.597277481363e-01 
 9.812800000000e-09  4.522596730338e-01 
 9.822800000000e-09  4.770876261574e-01 
 9.832800000000e-09  4.341194617068e-01 
 9.842800000000e-09  3.329787897831e-01 
 9.852800000000e-09  1.896729293557e-01 
 9.862800000000e-09  2.123300606654e-02 
 9.872800000000e-09 -1.547341279349e-01 
 9.882800000000e-09 -3.134816302210e-01 
 9.892800000000e-09 -4.272091226288e-01 
 9.902800000000e-09 -4.763730816394e-01 
 9.912800000000e-09 -4.565138795470e-01 
 9.922800000000e-09 -3.741529043819e-01 
 9.932800000000e-09 -2.434394900180e-01 
 9.942800000000e-09 -8.199468845222e-02 
 9.952800000000e-09  9.373590569495e-02 
 9.962800000000e-09  2.616679459920e-01 
 9.972800000000e-09  3.940229568870e-01 
 9.982800000000e-09  4.670449336712e-01 
 9.992800000000e-09  4.711516240493e-01 
 1.000000000000e-08  4.323406262949e-01 
