 1.628000000000e-10  8.699409817991e-03 
 1.728000000000e-10 -6.225932271211e-03 
 1.828000000000e-10 -2.085787611275e-02 
 1.928000000000e-10 -3.313577591785e-02 
 2.028000000000e-10 -4.124412572692e-02 
 2.128000000000e-10 -4.388530014676e-02 
 2.228000000000e-10 -4.048552617985e-02 
 2.328000000000e-10 -3.129799845317e-02 
 2.428000000000e-10 -1.738829414221e-02 
 2.528000000000e-10 -5.134631785217e-04 
 2.628000000000e-10  1.708874906502e-02 
 2.728000000000e-10  3.298199767260e-02 
 2.828000000000e-10  4.486396653935e-02 
 2.928000000000e-10  5.090665592111e-02 
 3.028000000000e-10  5.004464939369e-02 
 3.128000000000e-10  4.215155995174e-02 
 3.228000000000e-10  2.807403525056e-02 
 3.328000000000e-10  9.543934533460e-03 
 3.428000000000e-10 -1.102983896202e-02 
 3.528000000000e-10 -3.085995366210e-02 
 3.628000000000e-10 -4.713305705695e-02 
 3.728000000000e-10 -5.741535678686e-02 
 3.828000000000e-10 -6.003322693874e-02 
 3.928000000000e-10 -5.434636532939e-02 
 4.028000000000e-10 -4.085933883676e-02 
 4.128000000000e-10 -2.116713305405e-02 
 4.228000000000e-10  2.235928000341e-03 
 4.328000000000e-10  2.623499896617e-02 
 4.428000000000e-10  4.748713584136e-02 
 4.528000000000e-10  6.288731007722e-02 
 4.628000000000e-10  7.003186606160e-02 
 4.728000000000e-10  6.762163288298e-02 
 4.828000000000e-10  5.567566686327e-02 
 4.928000000000e-10  3.553328889665e-02 
 5.028000000000e-10  9.685320705844e-03 
 5.128000000000e-10 -1.851168391678e-02 
 5.228000000000e-10 -4.521897631784e-02 
 5.328000000000e-10 -6.660824248778e-02 
 5.428000000000e-10 -7.943321630732e-02 
 5.528000000000e-10 -8.156843876066e-02 
 5.628000000000e-10 -7.236611876915e-02 
 5.728000000000e-10 -5.275071672035e-02 
 5.828000000000e-10 -2.508063679294e-02 
 5.928000000000e-10  7.134353605307e-03 
 6.028000000000e-10  3.961151205863e-02 
 6.128000000000e-10  6.777577928939e-02 
 6.228000000000e-10  8.745051435522e-02 
 6.328000000000e-10  9.553939209094e-02 
 6.428000000000e-10  9.051604405504e-02 
 6.528000000000e-10  7.269524015255e-02 
 6.628000000000e-10  4.415476870290e-02 
 6.728000000000e-10  8.432382227542e-03 
 6.828000000000e-10 -2.984827293417e-02 
 6.928000000000e-10 -6.545270654403e-02 
 7.028000000000e-10 -9.319796918677e-02 
 7.128000000000e-10 -1.087873374699e-01 
 7.228000000000e-10 -1.095936064854e-01 
 7.328000000000e-10 -9.510545609562e-02 
 7.428000000000e-10 -6.693398595868e-02 
 7.528000000000e-10 -2.850969986832e-02 
 7.628000000000e-10  1.532216877232e-02 
 7.728000000000e-10  5.874389926222e-02 
 7.828000000000e-10  9.558444192992e-02 
 7.928000000000e-10  1.202404083697e-01 
 8.028000000000e-10  1.287207002390e-01 
 8.128000000000e-10  1.193995071941e-01 
 8.228000000000e-10  9.319831931552e-02 
 8.328000000000e-10  5.328231354369e-02 
 8.428000000000e-10  4.541055386469e-03 
 8.528000000000e-10 -4.671203009049e-02 
 8.628000000000e-10 -9.336504547561e-02 
 8.728000000000e-10 -1.284992822403e-01 
 8.828000000000e-10 -1.465688415878e-01 
 8.928000000000e-10 -1.445423889361e-01 
 9.028000000000e-10 -1.223213637756e-01 
 9.128000000000e-10 -8.257976748785e-02 
 9.228000000000e-10 -3.012279072767e-02 
 9.328000000000e-10  2.847647430247e-02 
 9.428000000000e-10  8.528490414717e-02 
 9.528000000000e-10  1.321410710920e-01 
 9.628000000000e-10  1.618270324302e-01 
 9.728000000000e-10  1.694174731012e-01 
 9.828000000000e-10  1.534258699044e-01 
 9.928000000000e-10  1.158421030845e-01 
 1.002800000000e-09  6.124082894650e-02 
 1.012800000000e-09 -3.709797390663e-03 
 1.022800000000e-09 -7.054593365717e-02 
 1.032800000000e-09 -1.298436938487e-01 
 1.042800000000e-09 -1.725768788948e-01 
 1.052800000000e-09 -1.919669434379e-01 
 1.062800000000e-09 -1.848038258232e-01 
 1.072800000000e-09 -1.518639650844e-01 
 1.082800000000e-09 -9.729298849814e-02 
 1.092800000000e-09 -2.772543692631e-02 
 1.102800000000e-09  4.813422297310e-02 
 1.112800000000e-09  1.199947643905e-01 
 1.122800000000e-09  1.771386593716e-01 
 1.132800000000e-09  2.105710921553e-01 
 1.142800000000e-09  2.148966496429e-01 
 1.152800000000e-09  1.892747578532e-01 
 1.162800000000e-09  1.371691567399e-01 
 1.172800000000e-09  6.509267542054e-02 
 1.182800000000e-09 -1.821063154863e-02 
 1.192800000000e-09 -1.019729553282e-01 
 1.202800000000e-09 -1.740944121871e-01 
 1.212800000000e-09 -2.232308736538e-01 
 1.222800000000e-09 -2.414947939174e-01 
 1.232800000000e-09 -2.260845601968e-01 
 1.242800000000e-09 -1.793474440929e-01 
 1.252800000000e-09 -1.074216586782e-01 
 1.262800000000e-09 -1.892163392015e-02 
 1.272800000000e-09  7.523117334813e-02 
 1.282800000000e-09  1.620377949623e-01 
 1.292800000000e-09  2.280800375177e-01 
 1.302800000000e-09  2.627123249469e-01 
 1.312800000000e-09  2.605378502765e-01 
 1.322800000000e-09  2.221323999802e-01 
 1.332800000000e-09  1.530667994419e-01 
 1.342800000000e-09  6.197163805048e-02 
 1.352800000000e-09 -4.034520919585e-02 
 1.362800000000e-09 -1.405862764728e-01 
 1.372800000000e-09 -2.237599506930e-01 
 1.382800000000e-09 -2.763834022588e-01 
 1.392800000000e-09 -2.900588373329e-01 
 1.402800000000e-09 -2.631630375043e-01 
 1.412800000000e-09 -2.001244253817e-01 
 1.422800000000e-09 -1.093963102261e-01 
 1.432800000000e-09 -1.725465697540e-03 
 1.442800000000e-09  1.097651323195e-01 
 1.452800000000e-09  2.092478023540e-01 
 1.462800000000e-09  2.807834438971e-01 
 1.472800000000e-09  3.126991577441e-01 
 1.482800000000e-09  3.004567711394e-01 
 1.492800000000e-09  2.467673576638e-01 
 1.502800000000e-09  1.595986817927e-01 
 1.512800000000e-09  4.960548045373e-02 
 1.522800000000e-09 -7.040745017460e-02 
 1.532800000000e-09 -1.845112776208e-01 
 1.542800000000e-09 -2.749609766113e-01 
 1.552800000000e-09 -3.267344633552e-01 
 1.562800000000e-09 -3.318444270972e-01 
 1.572800000000e-09 -2.907370685514e-01 
 1.582800000000e-09 -2.103131031356e-01 
 1.592800000000e-09 -1.012005885924e-01 
 1.602800000000e-09  2.402522471631e-02 
 1.612800000000e-09  1.500019493590e-01 
 1.622800000000e-09  2.581151512745e-01 
 1.632800000000e-09  3.304750616870e-01 
 1.642800000000e-09  3.553014813199e-01 
 1.652800000000e-09  3.299423642494e-01 
 1.662800000000e-09  2.595683910518e-01 
 1.672800000000e-09  1.545578198054e-01 
 1.682800000000e-09  2.747495320095e-02 
 1.692800000000e-09 -1.070934587017e-01 
 1.702800000000e-09 -2.306654180889e-01 
 1.712800000000e-09 -3.232704807418e-01 
 1.722800000000e-09 -3.692713592980e-01 
 1.732800000000e-09 -3.622894242596e-01 
 1.742800000000e-09 -3.053978691830e-01 
 1.752800000000e-09 -2.079303364586e-01 
 1.762800000000e-09 -8.233136130479e-02 
 1.772800000000e-09  5.730611908972e-02 
 1.782800000000e-09  1.933740494856e-01 
 1.792800000000e-09  3.048734320471e-01 
 1.802800000000e-09  3.728135358799e-01 
 1.812800000000e-09  3.865794593208e-01 
 1.822800000000e-09  3.461593879069e-01 
 1.832800000000e-09  2.592573979610e-01 
 1.842800000000e-09  1.382859985161e-01 
 1.852800000000e-09 -2.865218112408e-03 
 1.862800000000e-09 -1.478533520158e-01 
 1.872800000000e-09 -2.757930178853e-01 
 1.882800000000e-09 -3.652365551046e-01 
 1.892800000000e-09 -4.012672178990e-01 
 1.902800000000e-09 -3.800632210657e-01 
 1.912800000000e-09 -3.071685359532e-01 
 1.922800000000e-09 -1.940874087938e-01 
 1.932800000000e-09 -5.465680885545e-02 
 1.942800000000e-09  9.569789346040e-02 
 1.952800000000e-09  2.371272798420e-01 
 1.962800000000e-09  3.468380114493e-01 
 1.972800000000e-09  4.058754442245e-01 
 1.982800000000e-09  4.060049029060e-01 
 1.992800000000e-09  3.499078818782e-01 
 2.002800000000e-09  2.475366042163e-01 
 2.012800000000e-09  1.129112259916e-01 
 2.022800000000e-09 -3.908632014172e-02 
 2.032800000000e-09 -1.902709155882e-01 
 2.042800000000e-09 -3.177467629677e-01 
 2.052800000000e-09 -3.994941306955e-01 
 2.062800000000e-09 -4.225073698056e-01 
 2.072800000000e-09 -3.858754817483e-01 
 2.082800000000e-09 -2.973893965098e-01 
 2.092800000000e-09 -1.704673239447e-01 
 2.102800000000e-09 -2.009841307135e-02 
 2.112800000000e-09  1.370896974291e-01 
 2.122800000000e-09  2.792075287366e-01 
 2.132800000000e-09  3.823973951276e-01 
 2.142800000000e-09  4.291196799970e-01 
 2.152800000000e-09  4.141353198572e-01 
 2.162800000000e-09  3.425241383570e-01 
 2.172800000000e-09  2.262197710438e-01 
 2.182800000000e-09  8.037026318535e-02 
 2.192800000000e-09 -7.928783655762e-02 
 2.202800000000e-09 -2.326090157516e-01 
 2.212800000000e-09 -3.552028819709e-01 
 2.222800000000e-09 -4.255999642927e-01 
 2.232800000000e-09 -4.337072603495e-01 
 2.242800000000e-09 -3.813744014596e-01 
 2.252800000000e-09 -2.785084300090e-01 
 2.262800000000e-09 -1.399635149673e-01 
 2.272800000000e-09  1.872383149352e-02 
 2.282800000000e-09  1.793986144427e-01 
 2.292800000000e-09  3.183616780889e-01 
 2.302800000000e-09  4.115244088477e-01 
 2.312800000000e-09  4.437297778749e-01 
 2.322800000000e-09  4.128658321347e-01 
 2.332800000000e-09  3.264323699494e-01 
 2.342800000000e-09  1.979867361733e-01 
 2.352800000000e-09  4.318154073711e-02 
 2.362800000000e-09 -1.212431305760e-01 
 2.372800000000e-09 -2.731932312595e-01 
 2.382800000000e-09 -3.873882415520e-01 
 2.392800000000e-09 -4.440238555024e-01 
 2.402800000000e-09 -4.363239467924e-01 
 2.412800000000e-09 -3.686664039854e-01 
 2.422800000000e-09 -2.528062737696e-01 
 2.432800000000e-09 -1.045852229772e-01 
 2.442800000000e-09  6.001348401064e-02 
 2.452800000000e-09  2.210922198476e-01 
 2.462800000000e-09  3.535545968547e-01 
 2.472800000000e-09  4.340495627105e-01 
 2.482800000000e-09  4.505854465007e-01 
 2.492800000000e-09  4.039173086451e-01 
 2.502800000000e-09  3.034864907013e-01 
 2.512800000000e-09  1.643661762189e-01 
 2.522800000000e-09  2.663464465229e-03 
 2.532800000000e-09 -1.637778362346e-01 
 2.542800000000e-09 -3.111587508193e-01 
 2.552800000000e-09 -4.140538564038e-01 
 2.562800000000e-09 -4.553201886502e-01 
 2.572800000000e-09 -4.314345009195e-01 
 2.582800000000e-09 -3.490882550288e-01 
 2.592800000000e-09 -2.216788934784e-01 
 2.602800000000e-09 -6.553060946802e-02 
 2.612800000000e-09  1.027494018259e-01 
 2.622800000000e-09  2.614102096685e-01 
 2.632800000000e-09  3.844746690011e-01 
 2.642800000000e-09  4.504537658904e-01 
 2.652800000000e-09  4.507743412351e-01 
 2.662800000000e-09  3.886119531256e-01 
 2.672800000000e-09  2.753586419883e-01 
 2.682800000000e-09  1.271780803913e-01 
 2.692800000000e-09 -3.970501734576e-02 
 2.702800000000e-09 -2.058789599525e-01 
 2.712800000000e-09 -3.461057949140e-01 
 2.722800000000e-09 -4.356482881165e-01 
 2.732800000000e-09 -4.606354665180e-01 
 2.742800000000e-09 -4.205838644992e-01 
 2.752800000000e-09 -3.244128830407e-01 
 2.762800000000e-09 -1.868826727876e-01 
 2.772800000000e-09 -2.431475463887e-02 
 2.782800000000e-09  1.456650825207e-01 
 2.792800000000e-09  2.995233340863e-01 
 2.802800000000e-09  4.110110416963e-01 
 2.812800000000e-09  4.611030430249e-01 
 2.822800000000e-09  4.447721045702e-01 
 2.832800000000e-09  3.678027112481e-01 
 2.842800000000e-09  2.431384039307e-01 
 2.852800000000e-09  8.744079979695e-02 
 2.862800000000e-09 -8.275845018708e-02 
 2.872800000000e-09 -2.462932481915e-01 
 2.882800000000e-09 -3.769439898769e-01 
 2.892800000000e-09 -4.517544226180e-01 
 2.902800000000e-09 -4.603253117305e-01 
 2.912800000000e-09 -4.046108087005e-01 
 2.922800000000e-09 -2.953883636198e-01 
 2.932800000000e-09 -1.487895743040e-01 
 2.942800000000e-09  1.869919684571e-02 
 2.952800000000e-09  1.882520107025e-01 
 2.962800000000e-09  3.348543637590e-01 
 2.972800000000e-09  4.327654229246e-01 
 2.982800000000e-09  4.662589453812e-01 
 2.992800000000e-09  4.334823274800e-01 
 3.002800000000e-09  3.424546152733e-01 
 3.012800000000e-09  2.075763634864e-01 
 3.022800000000e-09  4.558604475984e-02 
 3.032800000000e-09 -1.262794750234e-01 
 3.042800000000e-09 -2.850554731656e-01 
 3.052800000000e-09 -4.040802394078e-01 
 3.062800000000e-09 -4.627517732660e-01 
 3.072800000000e-09 -4.543503151614e-01 
 3.082800000000e-09 -3.835083071136e-01 
 3.092800000000e-09 -2.626463935283e-01 
 3.102800000000e-09 -1.085368859984e-01 
 3.112800000000e-09  6.229335235438e-02 
 3.122800000000e-09  2.293662360940e-01 
 3.132800000000e-09  3.665384867124e-01 
 3.142800000000e-09  4.494504173107e-01 
 3.152800000000e-09  4.660260145508e-01 
 3.162800000000e-09  4.172790258555e-01 
 3.172800000000e-09  3.133131592280e-01 
 3.182800000000e-09  1.696764872442e-01 
 3.192800000000e-09  2.792169190104e-03 
 3.202800000000e-09 -1.689128015781e-01 
 3.212800000000e-09 -3.208535198979e-01 
 3.222800000000e-09 -4.266154695874e-01 
 3.232800000000e-09 -4.686698363440e-01 
 3.242800000000e-09 -4.436679319466e-01 
 3.252800000000e-09 -3.586125908817e-01 
 3.262800000000e-09 -2.273856094742e-01 
 3.272800000000e-09 -6.696279084825e-02 
 3.282800000000e-09  1.057203929835e-01 
 3.292800000000e-09  2.684236119497e-01 
 3.302800000000e-09  3.943648402125e-01 
 3.312800000000e-09  4.614907673748e-01 
 3.322800000000e-09  4.613132000074e-01 
 3.332800000000e-09  3.972646164497e-01 
 3.342800000000e-09  2.810833582168e-01 
 3.352800000000e-09  1.294335858935e-01 
 3.362800000000e-09 -4.109118530301e-02 
 3.372800000000e-09 -2.107546824139e-01 
 3.382800000000e-09 -3.537311843849e-01 
 3.392800000000e-09 -4.446712645446e-01 
 3.402800000000e-09 -4.696460682185e-01 
 3.412800000000e-09 -4.283423869583e-01 
 3.422800000000e-09 -3.299367506646e-01 
 3.432800000000e-09 -1.895675306446e-01 
 3.442800000000e-09 -2.398319757168e-02 
 3.452800000000e-09  1.489698843680e-01 
 3.462800000000e-09  3.053486595901e-01 
 3.472800000000e-09  4.183460598248e-01 
 3.482800000000e-09  4.687215367872e-01 
 3.492800000000e-09  4.515932853701e-01 
 3.502800000000e-09  3.729464951708e-01 
 3.512800000000e-09  2.460066963026e-01 
 3.522800000000e-09  8.780901880101e-02 
 3.532800000000e-09 -8.490478850796e-02 
 3.542800000000e-09 -2.506830596808e-01 
 3.552800000000e-09 -3.828556813852e-01 
 3.562800000000e-09 -4.581412680397e-01 
 3.572800000000e-09 -4.662324015400e-01 
 3.582800000000e-09 -4.092747679810e-01 
 3.592800000000e-09 -2.982592152496e-01 
 3.602800000000e-09 -1.495965353578e-01 
 3.612800000000e-09  1.999392572254e-02 
 3.622800000000e-09  1.914946250154e-01 
 3.632800000000e-09  3.395559607610e-01 
 3.642800000000e-09  4.380926236168e-01 
 3.652800000000e-09  4.713713033804e-01 
 3.662800000000e-09  4.376843061767e-01 
 3.672800000000e-09  3.452270578620e-01 
 3.682800000000e-09  2.086239381976e-01 
 3.692800000000e-09  4.485817961317e-02 
 3.702800000000e-09 -1.286925059566e-01 
 3.712800000000e-09 -2.888188940146e-01 
 3.722800000000e-09 -4.085443909558e-01 
 3.732800000000e-09 -4.671590149090e-01 
 3.742800000000e-09 -4.580790346475e-01 
 3.752800000000e-09 -3.860955343068e-01 
 3.762800000000e-09 -2.638062654271e-01 
 3.772800000000e-09 -1.081922688531e-01 
 3.782800000000e-09  6.408723903362e-02 
 3.792800000000e-09  2.323769330713e-01 
 3.802800000000e-09  3.702744697943e-01 
 3.812800000000e-09  4.534816924702e-01 
 3.822800000000e-09  4.698440820518e-01 
 3.832800000000e-09  4.201339802913e-01 
 3.842800000000e-09  3.147726705039e-01 
 3.852800000000e-09  1.696330651969e-01 
 3.862800000000e-09  1.283934457857e-03 
 3.872800000000e-09 -1.717016763582e-01 
 3.882800000000e-09 -3.245032513679e-01 
 3.892800000000e-09 -4.304802843276e-01 
 3.902800000000e-09 -4.721334877411e-01 
 3.912800000000e-09 -4.462699540986e-01 
 3.922800000000e-09 -3.600485854529e-01 
 3.932800000000e-09 -2.275195686534e-01 
 3.942800000000e-09 -6.582236846579e-02 
 3.952800000000e-09  1.080010504105e-01 
 3.962800000000e-09  2.715260257790e-01 
 3.972800000000e-09  3.977552655884e-01 
 3.982800000000e-09  4.645863640957e-01 
 3.992800000000e-09  4.636841599680e-01 
 4.002800000000e-09  3.986362984724e-01 
 4.012800000000e-09  2.813231378123e-01 
 4.022800000000e-09  1.285552663743e-01 
 4.032800000000e-09 -4.298117751130e-02 
 4.042800000000e-09 -2.134113239256e-01 
 4.052800000000e-09 -3.567237202046e-01 
 4.062800000000e-09 -4.474699168380e-01 
 4.072800000000e-09 -4.718410976278e-01 
 4.082800000000e-09 -4.296654562070e-01 
 4.092800000000e-09 -3.302546431673e-01 
 4.102800000000e-09 -1.888803494846e-01 
 4.112800000000e-09 -2.238462757089e-02 
 4.122800000000e-09  1.512895989112e-01 
 4.132800000000e-09  3.080411546847e-01 
 4.142800000000e-09  4.209348836303e-01 
 4.152800000000e-09  4.708348871527e-01 
 4.162800000000e-09  4.529672402797e-01 
 4.172800000000e-09  3.733913655759e-01 
 4.182800000000e-09  2.454972084258e-01 
 4.192800000000e-09  8.643183555592e-02 
 4.202800000000e-09 -8.699552632296e-02 
 4.212800000000e-09 -2.531965214823e-01 
 4.222800000000e-09 -3.853613911127e-01 
 4.232800000000e-09 -4.602012542229e-01 
 4.242800000000e-09 -4.675666728754e-01 
 4.252800000000e-09 -4.097502891447e-01 
 4.262800000000e-09 -2.978567669348e-01 
 4.272800000000e-09 -1.483961545916e-01 
 4.282800000000e-09  2.185797176800e-02 
 4.292800000000e-09  1.937853324083e-01 
 4.302800000000e-09  3.419050613621e-01 
 4.312800000000e-09  4.400820886232e-01 
 4.322800000000e-09  4.727099579787e-01 
 4.332800000000e-09  4.382224065006e-01 
 4.342800000000e-09  3.449348275159e-01 
 4.352800000000e-09  2.075726737007e-01 
 4.362800000000e-09  4.317340320095e-02 
 4.372800000000e-09 -1.308168625090e-01 
 4.382800000000e-09 -2.910666333386e-01 
 4.392800000000e-09 -4.105179485679e-01 
 4.402800000000e-09 -4.685356438020e-01 
 4.412800000000e-09 -4.586940941285e-01 
 4.422800000000e-09 -3.859106384405e-01 
 4.432800000000e-09 -2.628813583196e-01 
 4.442800000000e-09 -1.066541466317e-01 
 4.452800000000e-09  6.607269837799e-02 
 4.462800000000e-09  2.345378503731e-01 
 4.472800000000e-09  3.722429318363e-01 
 4.482800000000e-09  4.549068969606e-01 
 4.492800000000e-09  4.705364471457e-01 
 4.502800000000e-09  4.200491647952e-01 
 4.512800000000e-09  3.139680864644e-01 
 4.522800000000e-09  1.682348375439e-01 
 4.532800000000e-09 -5.615873338396e-04 
 4.542800000000e-09 -1.737676242793e-01 
 4.552800000000e-09 -3.264616437758e-01 
 4.562800000000e-09 -4.319808438800e-01 
 4.572800000000e-09 -4.729547356669e-01 
 4.582800000000e-09 -4.463338077059e-01 
 4.592800000000e-09 -3.593880512109e-01 
 4.602800000000e-09 -2.262502399227e-01 
 4.612800000000e-09 -6.409179464608e-02 
 4.622800000000e-09  1.100003420561e-01 
 4.632800000000e-09  2.735011124771e-01 
 4.642800000000e-09  3.993574396904e-01 
 4.652800000000e-09  4.655479341474e-01 
 4.662800000000e-09  4.638985482790e-01 
 4.672800000000e-09  3.981200228274e-01 
 4.682800000000e-09  2.801782185644e-01 
 4.692800000000e-09  1.269343914462e-01 
 4.702800000000e-09 -4.490799669447e-02 
 4.712800000000e-09 -2.153872129382e-01 
 4.722800000000e-09 -3.584160105809e-01 
 4.732800000000e-09 -4.485807210681e-01 
 4.742800000000e-09 -4.722291179988e-01 
 4.752800000000e-09 -4.293171398342e-01 
 4.762800000000e-09 -3.292556276599e-01 
 4.772800000000e-09 -1.873824208036e-01 
 4.782800000000e-09 -2.054405434947e-02 
 4.792800000000e-09  1.532546032913e-01 
 4.802800000000e-09  3.098243100659e-01 
 4.812800000000e-09  4.222164412647e-01 
 4.822800000000e-09  4.714206752052e-01 
 4.832800000000e-09  4.528113484833e-01 
 4.842800000000e-09  3.725567534099e-01 
 4.852800000000e-09  2.441214544039e-01 
 4.862800000000e-09  8.467719719413e-02 
 4.872800000000e-09 -8.893967853096e-02 
 4.882800000000e-09 -2.550519190591e-01 
 4.892800000000e-09 -3.868025971316e-01 
 4.902800000000e-09 -4.609804776732e-01 
 4.912800000000e-09 -4.676007092614e-01 
 4.922800000000e-09 -4.090817963276e-01 
 4.932800000000e-09 -2.966090031125e-01 
 4.942800000000e-09 -1.467372878060e-01 
 4.952800000000e-09  2.375665883275e-02 
 4.962800000000e-09  1.956790737026e-01 
 4.972800000000e-09  3.434805544020e-01 
 4.982800000000e-09  4.410587495890e-01 
 4.992800000000e-09  4.729608520469e-01 
 5.002800000000e-09  4.377521784752e-01 
 5.012800000000e-09  3.438456538571e-01 
 5.022800000000e-09  2.060289701343e-01 
 5.032800000000e-09  4.133915852420e-02 
 5.042800000000e-09 -1.327317822603e-01 
 5.052800000000e-09 -2.927702600523e-01 
 5.062800000000e-09 -4.117049608824e-01 
 5.072800000000e-09 -4.689565272210e-01 
 5.082800000000e-09 -4.583166417551e-01 
 5.092800000000e-09 -3.848967532477e-01 
 5.102800000000e-09 -2.614033219189e-01 
 5.112800000000e-09 -1.048871094006e-01 
 5.122800000000e-09  6.794319985809e-02 
 5.132800000000e-09  2.362510171171e-01 
 5.142800000000e-09  3.735007956140e-01 
 5.152800000000e-09  4.554867398740e-01 
 5.162800000000e-09  4.703803632730e-01 
 5.172800000000e-09  4.192266861123e-01 
 5.182800000000e-09  3.126289541233e-01 
 5.192800000000e-09  1.665631286732e-01 
 5.202800000000e-09 -2.400734571966e-03 
 5.212800000000e-09 -1.755473856798e-01 
 5.222800000000e-09 -3.278931030671e-01 
 5.232800000000e-09 -4.328067485174e-01 
 5.242800000000e-09 -4.730647441954e-01 
 5.252800000000e-09 -4.457507704922e-01 
 5.262800000000e-09 -3.582286806816e-01 
 5.272800000000e-09 -2.246882608909e-01 
 5.282800000000e-09 -6.229716168045e-02 
 5.292800000000e-09  1.118292102930e-01 
 5.302800000000e-09  2.750919626826e-01 
 5.312800000000e-09  4.004257865340e-01 
 5.322800000000e-09  4.659199105087e-01 
 5.332800000000e-09  4.635547583285e-01 
 5.342800000000e-09  3.971501114862e-01 
 5.352800000000e-09  2.787384868720e-01 
 5.362800000000e-09  1.252048400876e-01 
 5.372800000000e-09 -4.674949657453e-02 
 5.382800000000e-09 -2.170926834756e-01 
 5.392800000000e-09 -3.596940134639e-01 
 5.402800000000e-09 -4.492073119284e-01 
 5.412800000000e-09 -4.721384329656e-01 
 5.422800000000e-09 -4.285609520123e-01 
 5.432800000000e-09 -3.279710431658e-01 
 5.442800000000e-09 -1.857519954497e-01 
 5.452800000000e-09 -1.873207816800e-02 
 5.462800000000e-09  1.550330016205e-01 
 5.472800000000e-09  3.112880745647e-01 
 5.482800000000e-09  4.231016997182e-01 
 5.492800000000e-09  4.715998216775e-01 
 5.502800000000e-09  4.522960850614e-01 
 5.512800000000e-09  3.714557387221e-01 
 5.522800000000e-09  2.426027776456e-01 
 5.532800000000e-09  8.291338995955e-02 
 5.542800000000e-09 -9.075917001371e-02 
 5.552800000000e-09 -2.566641989774e-01 
 5.562800000000e-09 -3.879222450839e-01 
 5.572800000000e-09 -4.614171644647e-01 
 5.582800000000e-09 -4.673222337081e-01 
 5.592800000000e-09 -4.081707531768e-01 
 5.602800000000e-09 -2.952167951164e-01 
 5.612800000000e-09 -1.450449874326e-01 
 5.622800000000e-09  2.557670669244e-02 
 5.632800000000e-09  1.973907911859e-01 
 5.642800000000e-09  3.447978842728e-01 
 5.652800000000e-09  4.417472049363e-01 
 5.662800000000e-09  4.729390960171e-01 
 5.672800000000e-09  4.370616558905e-01 
 5.682800000000e-09  3.426154871002e-01 
 5.692800000000e-09  2.044381321514e-01 
 5.702800000000e-09  3.955299159312e-02 
 5.712800000000e-09 -1.345087209030e-01 
 5.722800000000e-09 -2.942647067270e-01 
 5.732800000000e-09 -4.126478675884e-01 
 5.742800000000e-09 -4.692054407863e-01 
 5.752800000000e-09 -4.578722665952e-01 
 5.762800000000e-09 -3.838569988123e-01 
 5.772800000000e-09 -2.599295089981e-01 
 5.782800000000e-09 -1.031544283707e-01 
 5.792800000000e-09  6.975307145805e-02 
 5.802800000000e-09  2.378848221730e-01 
 5.812800000000e-09  3.746733950248e-01 
 5.822800000000e-09  4.559913001307e-01 
 5.832800000000e-09  4.701700519000e-01 
 5.842800000000e-09  4.183768392948e-01 
 5.852800000000e-09  3.112911454771e-01 
 5.862800000000e-09  1.649199055187e-01 
 5.872800000000e-09 -4.187824166786e-03 
 5.882800000000e-09 -1.772571144989e-01 
 5.892800000000e-09 -3.292469580664e-01 
 5.902800000000e-09 -4.335613836128e-01 
 5.912800000000e-09 -4.731213972016e-01 
 5.922800000000e-09 -4.451387708212e-01 
 5.932800000000e-09 -3.570672907491e-01 
 5.942800000000e-09 -2.231501531144e-01 
 5.952800000000e-09 -6.054858897072e-02 
 5.962800000000e-09  1.135945605272e-01 
 5.972800000000e-09  2.766103393542e-01 
 5.982800000000e-09  4.014252725359e-01 
 5.992800000000e-09  4.662388506667e-01 
 6.002800000000e-09  4.631807826412e-01 
 6.012800000000e-09  3.961753734536e-01 
 6.022800000000e-09  2.773185835458e-01 
 6.032800000000e-09  1.235160632303e-01 
 6.042800000000e-09 -4.853342822159e-02 
 6.052800000000e-09 -2.187307146660e-01 
 6.062800000000e-09 -3.609054383297e-01 
 6.072800000000e-09 -4.497802983625e-01 
 6.082800000000e-09 -4.720148965791e-01 
 6.092800000000e-09 -4.277960767127e-01 
 6.102800000000e-09 -3.267017730833e-01 
 6.112800000000e-09 -1.841577373978e-01 
 6.122800000000e-09 -1.697278785084e-02 
 6.132800000000e-09  1.567477832319e-01 
 6.142800000000e-09  3.126865187230e-01 
 6.152800000000e-09  4.239316099501e-01 
 6.162800000000e-09  4.717428400304e-01 
 6.172800000000e-09  4.517680378556e-01 
 6.182800000000e-09  3.703656206707e-01 
 6.192800000000e-09  2.411161139630e-01 
 6.202800000000e-09  8.119812428464e-02 
 6.212800000000e-09 -9.251847698130e-02 
 6.222800000000e-09 -2.582125438469e-01 
 6.232800000000e-09 -3.889850990606e-01 
 6.242800000000e-09 -4.618145984426e-01 
 6.252800000000e-09 -4.670272213554e-01 
 6.262800000000e-09 -4.072665138472e-01 
 6.272800000000e-09 -2.938524531457e-01 
 6.282800000000e-09 -1.433970810105e-01 
 6.292800000000e-09  2.734041101464e-02 
 6.302800000000e-09  1.990407425262e-01 
 6.312800000000e-09  3.460576256878e-01 
 6.322800000000e-09  4.423927490599e-01 
 6.332800000000e-09  4.728955458064e-01 
 6.342800000000e-09  4.363723689537e-01 
 6.352800000000e-09  3.414081191561e-01 
 6.362800000000e-09  2.028876731713e-01 
 6.372800000000e-09  3.781991700572e-02 
 6.382800000000e-09 -1.362253622519e-01 
 6.392800000000e-09 -2.957001982055e-01 
 6.402800000000e-09 -4.135436229255e-01 
 6.412800000000e-09 -4.694270006660e-01 
 6.422800000000e-09 -4.574232339604e-01 
 6.432800000000e-09 -3.828346390345e-01 
 6.442800000000e-09 -2.584918326307e-01 
 6.452800000000e-09 -1.014714842161e-01 
 6.462800000000e-09  7.150455835751e-02 
 6.472800000000e-09  2.394590120725e-01 
 6.482800000000e-09  3.757950858986e-01 
 6.492800000000e-09  4.564632269911e-01 
 6.502800000000e-09  4.699498260200e-01 
 6.512800000000e-09  4.175394738252e-01 
 6.522800000000e-09  3.099850628600e-01 
 6.532800000000e-09  1.633226755660e-01 
 6.542800000000e-09 -5.919451052091e-03 
 6.552800000000e-09 -1.789080796732e-01 
 6.562800000000e-09 -3.305476509741e-01 
 6.572800000000e-09 -4.342781259824e-01 
 6.582800000000e-09 -4.731613743486e-01 
 6.592800000000e-09 -4.445325608868e-01 
 6.602800000000e-09 -3.559320711416e-01 
 6.612800000000e-09 -2.216542354631e-01 
 6.622800000000e-09 -5.885299629632e-02 
 6.632800000000e-09  1.153015306371e-01 
 6.642800000000e-09  2.780729947659e-01 
 6.652800000000e-09  4.023814603969e-01 
 6.662800000000e-09  4.665346312171e-01 
 6.672800000000e-09  4.628062723622e-01 
 6.682800000000e-09  3.952213125425e-01 
 6.692800000000e-09  2.759367048369e-01 
 6.702800000000e-09  1.218772239503e-01 
 6.712800000000e-09 -5.026047386058e-02 
 6.722800000000e-09 -2.203118699029e-01 
 6.732800000000e-09 -3.620692396637e-01 
 6.742800000000e-09 -4.503235973515e-01 
 6.752800000000e-09 -4.718836030364e-01 
 6.762800000000e-09 -4.270452519570e-01 
 6.772800000000e-09 -3.254652720932e-01 
 6.782800000000e-09 -1.826098285034e-01 
 6.792800000000e-09 -1.526839143071e-02 
 6.802800000000e-09  1.584050367982e-01 
 6.812800000000e-09  3.140332835727e-01 
 6.822800000000e-09  4.247250209240e-01 
 6.832800000000e-09  4.718705386418e-01 
 6.842800000000e-09  4.512469683332e-01 
 6.852800000000e-09  3.693024995222e-01 
 6.862800000000e-09  2.396719950661e-01 
 6.872800000000e-09  7.953548256519e-02 
 6.882800000000e-09 -9.422035233785e-02 
 6.892800000000e-09 -2.597063255130e-01 
 6.902800000000e-09 -3.900056474153e-01 
 6.912800000000e-09 -4.621897669872e-01 
 6.922800000000e-09 -4.667325329588e-01 
 6.932800000000e-09 -4.063835807198e-01 
 6.942800000000e-09 -2.925263459481e-01 
 6.952800000000e-09 -1.417987858879e-01 
 6.962800000000e-09  2.904811960566e-02 
 6.972800000000e-09  2.006348893036e-01 
 6.982800000000e-09  3.472705570598e-01 
 6.992800000000e-09  4.430090389452e-01 
 7.002800000000e-09  4.728445070812e-01 
 7.012800000000e-09  4.356972510001e-01 
 7.022800000000e-09  3.402334496463e-01 
 7.032800000000e-09  2.013833239661e-01 
 7.042800000000e-09  3.614111597805e-02 
 7.052800000000e-09 -1.378852458701e-01 
 7.062800000000e-09 -2.970845957151e-01 
 7.072800000000e-09 -4.144030804455e-01 
 7.082800000000e-09 -4.696331473191e-01 
 7.092800000000e-09 -4.569808331141e-01 
 7.102800000000e-09 -3.818388194432e-01 
 7.112800000000e-09 -2.570962023468e-01 
 7.122800000000e-09 -9.984046933133e-02 
 7.132800000000e-09  7.319938170581e-02 
 7.142800000000e-09  2.409790993825e-01 
 7.152800000000e-09  3.768743324584e-01 
 7.162800000000e-09  4.569123746670e-01 
 7.172800000000e-09  4.697293645959e-01 
 7.182800000000e-09  4.167228228478e-01 
 7.192800000000e-09  3.087164871024e-01 
 7.202800000000e-09  1.617741751849e-01 
 7.212800000000e-09 -7.596079799200e-03 
 7.222800000000e-09 -1.805039507316e-01 
 7.232800000000e-09 -3.318015924171e-01 
 7.242800000000e-09 -4.349649860356e-01 
 7.252800000000e-09 -4.731929299315e-01 
 7.262800000000e-09 -4.439394701695e-01 
 7.272800000000e-09 -3.548284966929e-01 
 7.282800000000e-09 -2.202035070372e-01 
 7.292800000000e-09 -5.721073723384e-02 
 7.302800000000e-09  1.169524762572e-01 
 7.312800000000e-09  2.794847445917e-01 
 7.322800000000e-09  4.033008334047e-01 
 7.332800000000e-09  4.668142210258e-01 
 7.342800000000e-09  4.624376441889e-01 
 7.352800000000e-09  3.942929746364e-01 
 7.362800000000e-09  2.745959498435e-01 
 7.372800000000e-09  1.202892373403e-01 
 7.382800000000e-09 -5.193197035635e-02 
 7.392800000000e-09 -2.218396472451e-01 
 7.402800000000e-09 -3.631905740003e-01 
 7.412800000000e-09 -4.508430837859e-01 
 7.422800000000e-09 -4.717502016229e-01 
 7.432800000000e-09 -4.263131371228e-01 
 7.442800000000e-09 -3.242646350985e-01 
 7.452800000000e-09 -1.811094929282e-01 
 7.462800000000e-09 -1.361821327338e-02 
 7.472800000000e-09  1.600073086626e-01 
 7.482800000000e-09  3.153324797421e-01 
 7.492800000000e-09  4.254868873773e-01 
 7.502800000000e-09  4.719878451410e-01 
 7.512800000000e-09  4.507370789241e-01 
 7.522800000000e-09  3.682693358746e-01 
 7.532800000000e-09  2.382718176445e-01 
 7.542800000000e-09  7.792525586725e-02 
 7.552800000000e-09 -9.586660704088e-02 
 7.562800000000e-09 -2.611487771657e-01 
 7.572800000000e-09 -3.909880329554e-01 
 7.582800000000e-09 -4.625469397895e-01 
 7.592800000000e-09 -4.664419099235e-01 
 7.602800000000e-09 -4.055247121939e-01 
 7.612800000000e-09 -2.912399589102e-01 
 7.622800000000e-09 -1.402502248592e-01 
 7.632800000000e-09  3.070105722632e-02 
 7.642800000000e-09  2.021757199963e-01 
 7.652800000000e-09  3.484400953185e-01 
 7.662800000000e-09  4.435997972570e-01 
 7.672800000000e-09  4.727893829925e-01 
 7.682800000000e-09  4.350389289508e-01 
 7.692800000000e-09  3.390930209552e-01 
 7.702800000000e-09  1.999254031589e-01 
 7.712800000000e-09  3.451573197713e-02 
 7.722800000000e-09 -1.394903486016e-01 
 7.732800000000e-09 -2.984207677950e-01 
 7.742800000000e-09 -4.152295089327e-01 
 7.752800000000e-09 -4.698269596083e-01 
 7.762800000000e-09 -4.565475219239e-01 
 7.772800000000e-09 -3.808710818617e-01 
 7.782800000000e-09 -2.557430897325e-01 
 7.792800000000e-09 -9.826082188912e-02 
 7.802800000000e-09  7.483909097199e-02 
 7.812800000000e-09  2.424474779854e-01 
 7.822800000000e-09  3.779140122151e-01 
 7.832800000000e-09  4.573415443391e-01 
 7.842800000000e-09  4.695109408798e-01 
 7.852800000000e-09  4.159283739636e-01 
 7.862800000000e-09  3.074859825590e-01 
 7.872800000000e-09  1.602740355835e-01 
 7.882800000000e-09 -9.218931468829e-03 
 7.892800000000e-09 -1.820467103884e-01 
 7.902800000000e-09 -3.330112729844e-01 
 7.912800000000e-09 -4.356245124493e-01 
 7.922800000000e-09 -4.732182211081e-01 
 7.932800000000e-09 -4.433609791454e-01 
 7.942800000000e-09 -3.537572152945e-01 
 7.952800000000e-09 -2.187977438405e-01 
 7.962800000000e-09 -5.562081364129e-02 
 7.972800000000e-09  1.185490950001e-01 
 7.982800000000e-09  2.808477975875e-01 
 7.992800000000e-09  4.041857449617e-01 
 8.002800000000e-09  4.670796664038e-01 
 8.012800000000e-09  4.620763413310e-01 
 8.022800000000e-09  3.933910544374e-01 
 8.032800000000e-09  2.732962263378e-01 
 8.042800000000e-09  1.187513069311e-01 
 8.052800000000e-09 -5.354934173772e-02 
 8.062800000000e-09 -2.233159743204e-01 
 8.072800000000e-09 -3.642715977943e-01 
 8.082800000000e-09 -4.513407372554e-01 
 8.092800000000e-09 -4.716161718733e-01 
 8.102800000000e-09 -4.256005333197e-01 
 8.112800000000e-09 -3.230999166492e-01 
 8.122800000000e-09 -1.796560806934e-01 
 8.132800000000e-09 -1.202101252256e-02 
 8.142800000000e-09  1.615563353577e-01 
 8.152800000000e-09  3.165861256031e-01 
 8.162800000000e-09  4.262191517879e-01 
 8.172800000000e-09  4.720962666304e-01 
 8.182800000000e-09  4.502392449221e-01 
 8.192800000000e-09  3.672662986973e-01 
 8.202800000000e-09  2.369150620227e-01 
 8.212800000000e-09  7.636636145986e-02 
 8.222800000000e-09 -9.745879884381e-02 
 8.232800000000e-09 -2.625417680285e-01 
 8.242800000000e-09 -3.919341390508e-01 
 8.252800000000e-09 -4.628876375222e-01 
 8.262800000000e-09 -4.661562788004e-01 
 8.272800000000e-09 -4.046901676811e-01 
 8.282800000000e-09 -2.899929048980e-01 
 8.292800000000e-09 -1.387504700121e-01 
 8.302800000000e-09  3.230059300664e-02 
 8.312800000000e-09  2.036649315306e-01 
 8.322800000000e-09  3.495680367445e-01 
 8.332800000000e-09  4.441665842745e-01 
 8.342800000000e-09  4.727312260786e-01 
 8.352800000000e-09  4.343978251604e-01 
 8.362800000000e-09  3.379866073971e-01 
 8.372800000000e-09  1.985131051119e-01 
 8.382800000000e-09  3.294251498220e-02 
 8.392800000000e-09 -1.410422663909e-01 
 8.402800000000e-09 -2.997104665883e-01 
 8.412800000000e-09 -4.160245140275e-01 
 8.422800000000e-09 -4.700095948110e-01 
 8.432800000000e-09 -4.561238623167e-01 
 8.442800000000e-09 -3.799313523993e-01 
 8.452800000000e-09 -2.544318298291e-01 
 8.462800000000e-09 -9.673142602941e-02 
 8.472800000000e-09  7.642515667188e-02 
 8.482800000000e-09  2.438658287776e-01 
 8.492800000000e-09  3.789157624103e-01 
 8.502800000000e-09  4.577519948633e-01 
 8.512800000000e-09  4.692952280058e-01 
 8.522800000000e-09  4.151561752698e-01 
 8.532800000000e-09  3.060388967768e-01 
 8.542800000000e-09  1.582799912855e-01 
 8.552800000000e-09 -1.127611872261e-02 
 8.562800000000e-09 -1.838583522850e-01 
 8.572800000000e-09 -3.342782661987e-01 
 8.582800000000e-09 -4.361190669240e-01 
 8.592800000000e-09 -4.728907697751e-01 
 8.602800000000e-09 -4.422992578097e-01 
 8.612800000000e-09 -3.521463796369e-01 
 8.622800000000e-09 -2.168659580692e-01 
 8.632800000000e-09 -5.357140536530e-02 
 8.642800000000e-09  1.204892170518e-01 
 8.652800000000e-09  2.823820531516e-01 
 8.662800000000e-09  4.050383295983e-01 
 8.672800000000e-09  4.671173717379e-01 
 8.682800000000e-09  4.613352095149e-01 
 8.692800000000e-09  3.920161484089e-01 
 8.702800000000e-09  2.714974118172e-01 
 8.712800000000e-09  1.167431206364e-01 
 8.722800000000e-09 -5.555960846676e-02 
 8.732800000000e-09 -2.250536150026e-01 
 8.742800000000e-09 -3.654335740941e-01 
 8.752800000000e-09 -4.517270633632e-01 
 8.762800000000e-09 -4.712026235482e-01 
 8.772800000000e-09 -4.244885924394e-01 
 8.782800000000e-09 -3.214754018980e-01 
 8.792800000000e-09 -1.777426404617e-01 
 8.802800000000e-09 -1.000590055859e-02 
 8.812800000000e-09  1.634293817280e-01 
 8.822800000000e-09  3.180164844374e-01 
 8.832800000000e-09  4.269476682259e-01 
 8.842800000000e-09  4.720272049999e-01 
 8.852800000000e-09  4.494236033984e-01 
 8.862800000000e-09  3.658562929540e-01 
 8.872800000000e-09  2.351180637608e-01 
 8.882800000000e-09  7.438029653001e-02 
 8.892800000000e-09 -9.941939660271e-02 
 8.902800000000e-09 -2.641882641387e-01 
 8.912800000000e-09 -3.929727722310e-01 
 8.922800000000e-09 -4.631458668475e-01 
 8.932800000000e-09 -4.656338808854e-01 
 8.942800000000e-09 -4.035054312042e-01 
 8.952800000000e-09 -2.883339143763e-01 
 8.962800000000e-09 -1.368261199409e-01 
 8.972800000000e-09  3.429463161607e-02 
 8.982800000000e-09  2.054658474687e-01 
 8.992800000000e-09  3.508701916951e-01 
 9.002800000000e-09  4.447398935816e-01 
 9.012800000000e-09  4.725176087776e-01 
 9.022800000000e-09  4.334697296345e-01 
 9.032800000000e-09  3.365071769475e-01 
 9.042800000000e-09  1.966925839118e-01 
 9.052800000000e-09  3.096555510088e-02 
 9.062800000000e-09 -1.429458764985e-01 
 9.072800000000e-09 -3.012438178038e-01 
 9.082800000000e-09 -4.169103788659e-01 
 9.092800000000e-09 -4.701199254650e-01 
 9.102800000000e-09 -4.554831720414e-01 
 9.112800000000e-09 -3.786672131804e-01 
 9.122800000000e-09 -2.527354117494e-01 
 9.132800000000e-09 -9.479900957610e-02 
 9.142800000000e-09  7.838974698465e-02 
 9.152800000000e-09  2.455832352622e-01 
 9.162800000000e-09  3.800836306229e-01 
 9.172800000000e-09  4.581675162842e-01 
 9.182800000000e-09  4.689301756955e-01 
 9.192800000000e-09  4.141100356420e-01 
 9.202800000000e-09  3.044852412208e-01 
 9.212800000000e-09  1.564232641053e-01 
 9.222800000000e-09 -1.324777248074e-02 
 9.232800000000e-09 -1.856948897895e-01 
 9.242800000000e-09 -3.356762752680e-01 
 9.252800000000e-09 -4.368281000073e-01 
 9.262800000000e-09 -4.728247243047e-01 
 9.272800000000e-09 -4.415088902705e-01 
 9.282800000000e-09 -3.507777112736e-01 
 9.292800000000e-09 -2.151187011299e-01 
 9.302800000000e-09 -5.163003975070e-02 
 9.312800000000e-09  1.224068246673e-01 
 9.322800000000e-09  2.839853266303e-01 
 9.332800000000e-09  4.060388914497e-01 
 9.342800000000e-09  4.673577171260e-01 
 9.352800000000e-09  4.608188655441e-01 
 9.362800000000e-09  3.908576081534e-01 
 9.372800000000e-09  2.698773458203e-01 
 9.382800000000e-09  1.148578280353e-01 
 9.392800000000e-09 -5.751516713867e-02 
 9.402800000000e-09 -2.268108856569e-01 
 9.412800000000e-09 -3.666884213178e-01 
 9.422800000000e-09 -4.522622494840e-01 
 9.432800000000e-09 -4.709708690378e-01 
 9.442800000000e-09 -4.235638344503e-01 
 9.452800000000e-09 -3.200186286329e-01 
 9.462800000000e-09 -1.759561229691e-01 
 9.472800000000e-09 -8.066509456558e-03 
 9.482800000000e-09  1.652869412048e-01 
 9.492800000000e-09  3.194939343082e-01 
 9.502800000000e-09  4.277786642905e-01 
 9.512800000000e-09  4.720982208623e-01 
 9.522800000000e-09  4.487647346952e-01 
 9.532800000000e-09  3.645970519406e-01 
 9.542800000000e-09  2.334468876444e-01 
 9.552800000000e-09  7.248181446836e-02 
 9.562800000000e-09 -1.013386042292e-01 
 9.572800000000e-09 -2.658461815325e-01 
 9.582800000000e-09 -3.940738078105e-01 
 9.592800000000e-09 -4.635072566836e-01 
 9.602800000000e-09 -4.652384725718e-01 
 9.612800000000e-09 -4.024531990265e-01 
 9.622800000000e-09 -2.867946342847e-01 
 9.632800000000e-09 -1.349950208662e-01 
 9.642800000000e-09  3.623075082750e-02 
 9.652800000000e-09  2.072508376756e-01 
 9.662800000000e-09  3.522017852657e-01 
 9.672800000000e-09  4.453827953484e-01 
 9.682800000000e-09  4.724024262920e-01 
 9.692800000000e-09  4.326536201234e-01 
 9.702800000000e-09  3.351375727485e-01 
 9.712800000000e-09  1.949653719310e-01 
 9.722800000000e-09  2.905667497274e-02 
 9.732800000000e-09 -1.448139213206e-01 
 9.742800000000e-09 -3.027793955433e-01 
 9.752800000000e-09 -4.178365049074e-01 
 9.762800000000e-09 -4.703014642872e-01 
 9.772800000000e-09 -4.549333409884e-01 
 9.782800000000e-09 -3.774999922496e-01 
 9.792800000000e-09 -2.511291165384e-01 
 9.802800000000e-09 -9.293966351560e-02 
 9.812800000000e-09  8.030508710884e-02 
 9.822800000000e-09  2.472819202793e-01 
 9.832800000000e-09  3.812666566932e-01 
 9.842800000000e-09  4.586299833057e-01 
 9.852800000000e-09  4.686358749988e-01 
 9.862800000000e-09  4.131473272705e-01 
 9.872800000000e-09  3.030156420572e-01 
 9.882800000000e-09  1.546407277739e-01 
 9.892800000000e-09 -1.516218515708e-02 
 9.902800000000e-09 -1.874975125301e-01 
 9.912800000000e-09 -3.370692556638e-01 
 9.922800000000e-09 -4.375621026499e-01 
 9.932800000000e-09 -4.728094409209e-01 
 9.942800000000e-09 -4.407866408944e-01 
 9.952800000000e-09 -3.494843742178e-01 
 9.962800000000e-09 -2.134437356249e-01 
 9.972800000000e-09 -4.975038389437e-02 
 9.982800000000e-09  1.242795419076e-01 
 9.992800000000e-09  2.855668741335e-01 
 1.000000000000e-08  3.790927307791e-01 
