% time-domain current integration by openEMS v0.0.35-108-gc651cce @Mon Jan 26 10:17:03 2026
% start-coordinates: (-1.294e-05,-4.46197e-05,0.00016068) m -> [94,42,30]
% stop-coordinates: (-1.194e-05,-4.11275e-05,0.00016068) m -> [96,48,30]
% t/s	current
4.51346598274e-16	0
3.57015159235e-13	3.28057928045e-11
7.13578971872e-13	8.30803759122e-11
1.07014278451e-12	8.73363742437e-11
1.42670659714e-12	-2.25800211862e-11
1.78327040978e-12	-4.21350176971e-10
2.13983422242e-12	-1.38171296626e-09
2.49639803505e-12	-3.19541038074e-09
2.85296184769e-12	-5.96382587759e-09
3.20952566033e-12	-9.19308895675e-09
3.56608947296e-12	-1.12912141859e-08
3.9226532856e-12	-9.22032761252e-09
4.27921709824e-12	1.25099774984e-09
4.63578091087e-12	2.42649171867e-08
4.99234472351e-12	6.14623374418e-08
5.34890853615e-12	1.0905775838e-07
5.70547234878e-12	1.55865421902e-07
6.06203616142e-12	1.84013998705e-07
6.41859997406e-12	1.73532598069e-07
6.77516378669e-12	1.10188402402e-07
7.13172759933e-12	-6.25655038888e-09
7.48829141197e-12	-1.57485516183e-07
7.8448552246e-12	-3.09139124965e-07
8.20141903724e-12	-4.20856423489e-07
8.55798284988e-12	-4.60427855842e-07
8.91454666251e-12	-4.16017257976e-07
9.27111047515e-12	-3.00818925325e-07
9.62767428779e-12	-1.47911364934e-07
9.98423810042e-12	2.24776508517e-09
1.03408019131e-11	1.15926965805e-07
1.06973657257e-11	1.75849052653e-07
1.10539295383e-11	1.83288648259e-07
1.1410493351e-11	1.53153749238e-07
1.17670571636e-11	1.05599831102e-07
1.21236209762e-11	5.82701424889e-08
1.24801847889e-11	2.19139018043e-08
1.28367486015e-11	-1.2882160616e-10
1.31933124142e-11	-9.79527481348e-09
1.35498762268e-11	-1.13491802622e-08
1.39064400394e-11	-9.00761243372e-09
1.42630038521e-11	-5.72498004558e-09
1.46195676647e-11	-3.00157654287e-09
1.49761314773e-11	-1.26166943559e-09
1.533269529e-11	-3.6443248419e-10
1.56892591026e-11	-6.58219876173e-12
1.60458229152e-11	8.27987331475e-11
1.64023867279e-11	6.9160364935e-11
1.67589505405e-11	3.96260073365e-11
1.71155143532e-11	3.64981135592e-11
1.74720781658e-11	3.71657635223e-11
1.78286419784e-11	3.83564013884e-11
1.81852057911e-11	3.90392163041e-11
1.85417696037e-11	3.84504511564e-11
1.88983334163e-11	3.86577922451e-11
1.9254897229e-11	3.90684498641e-11
1.96114610416e-11	4.03699434992e-11
1.99680248543e-11	4.02409668088e-11
2.03245886669e-11	4.07896216803e-11
2.06811524795e-11	4.07320566165e-11
2.10377162922e-11	4.10982949062e-11
2.13942801048e-11	4.17022735788e-11
2.17508439174e-11	4.26467541836e-11
2.21074077301e-11	4.25621135558e-11
2.24639715427e-11	4.25185095465e-11
2.28205353553e-11	4.33380761833e-11
2.3177099168e-11	4.33461148919e-11
2.35336629806e-11	4.39679438691e-11
2.38902267933e-11	4.43167377795e-11
2.42467906059e-11	4.39430020149e-11
2.46033544185e-11	4.40778073763e-11
2.49599182312e-11	4.48336576198e-11
2.53164820438e-11	4.51438712801e-11
2.56730458564e-11	4.54363109637e-11
2.60296096691e-11	4.48719533752e-11
