 0.00000000e+00  1.50149049e+00 
 1.00000000e-13  1.49305933e+00 
 2.00000000e-13  1.48762993e+00 
 4.00000000e-13  1.47835377e+00 
 8.00000000e-13  1.46164680e+00 
 1.60000000e-12  1.42856559e+00 
 3.20000000e-12  1.36698463e+00 
 6.40000000e-12  1.25782460e+00 
 1.28000000e-11  1.08329184e+00 
 2.28000000e-11  8.71035493e-01 
 3.28000000e-11  7.01254834e-01 
 4.28000000e-11  5.69268666e-01 
 5.28000000e-11  4.67472873e-01 
 6.28000000e-11  3.88133688e-01 
 7.28000000e-11  3.25963336e-01 
 8.28000000e-11  2.75833402e-01 
 9.28000000e-11  2.35272475e-01 
 1.02800000e-10  2.01449017e-01 
 1.12800000e-10  1.72976489e-01 
 1.22800000e-10  1.48257979e-01 
 1.32800000e-10  1.26851615e-01 
 1.42800000e-10  1.07852737e-01 
 1.52800000e-10  9.13049778e-02 
 1.62800000e-10  7.66490286e-02 
 1.72800000e-10  6.40805814e-02 
 1.82800000e-10  5.31111453e-02 
 1.92800000e-10  4.39141630e-02 
 2.02800000e-10  3.59896484e-02 
 2.12800000e-10  2.94857246e-02 
 2.22800000e-10  2.39196602e-02 
 2.32800000e-10  1.94468223e-02 
 2.42800000e-10  1.56224285e-02 
 2.52800000e-10  1.26211750e-02 
 2.62800000e-10  1.00396496e-02 
 2.72800000e-10  8.07228591e-03 
 2.82800000e-10  6.35363179e-03 
 2.92800000e-10  5.09412630e-03 
 3.02800000e-10  3.96077425e-03 
 3.12800000e-10  3.17515852e-03 
 3.22800000e-10  2.43103839e-03 
 3.32800000e-10  1.95645853e-03 
 3.42800000e-10  1.46686012e-03 
 3.52800000e-10  1.19281616e-03 
 3.62800000e-10  8.67310196e-04 
 3.72800000e-10  7.20419269e-04 
 3.82800000e-10  4.99475012e-04 
 3.92800000e-10  4.31886194e-04 
 4.02800000e-10  2.76956531e-04 
 4.12800000e-10  2.57956889e-04 
 4.22800000e-10  1.44433763e-04 
 4.32800000e-10  1.54585536e-04 
 4.42800000e-10  6.69535287e-05 
 4.52800000e-10  9.41142808e-05 
 4.62800000e-10  2.26996257e-05 
 4.72800000e-10  5.93807102e-05 
 4.82800000e-10 -1.78612241e-06 
 4.92800000e-10  3.98585351e-05 
 5.02800000e-10 -1.47083610e-05 
 5.12800000e-10  2.91690709e-05 
 5.22800000e-10 -2.10064243e-05 
 5.32800000e-10  2.34975240e-05 
 5.42800000e-10 -2.36122120e-05 
 5.52800000e-10  2.05966110e-05 
 5.62800000e-10 -2.42373428e-05 
 5.72800000e-10  1.91662809e-05 
 5.82800000e-10 -2.38606720e-05 
 5.92800000e-10  1.84715158e-05 
 6.02800000e-10 -2.30271287e-05 
 6.12800000e-10  1.81092938e-05 
 6.22800000e-10 -2.20289175e-05 
 6.32800000e-10  1.78681053e-05 
 6.42800000e-10 -2.10140792e-05 
 6.52800000e-10  1.76443427e-05 
 6.62800000e-10 -2.00506354e-05 
 6.72800000e-10  1.73932875e-05 
 6.82800000e-10 -1.91638592e-05 
 6.92800000e-10  1.71009105e-05 
 7.02800000e-10 -1.83574797e-05 
 7.12800000e-10  1.67680328e-05 
 7.22800000e-10 -1.76254120e-05 
 7.32800000e-10  1.64017176e-05 
 7.42800000e-10 -1.69579955e-05 
 7.52800000e-10  1.60108123e-05 
 7.62800000e-10 -1.63451157e-05 
 7.72800000e-10  1.56038138e-05 
 7.82800000e-10 -1.57776080e-05 
 7.92800000e-10  1.51879916e-05 
 8.02800000e-10 -1.52477524e-05 
 8.12800000e-10  1.47691590e-05 
 8.22800000e-10 -1.47493166e-05 
 8.32800000e-10  1.43517499e-05 
 8.42800000e-10 -1.42773992e-05 
 8.52800000e-10  1.39390192e-05 
 8.62800000e-10 -1.38282052e-05 
 8.72800000e-10  1.35332720e-05 
 8.82800000e-10 -1.33988187e-05 
 8.92800000e-10  1.31360780e-05 
 9.02800000e-10 -1.29870020e-05 
 9.12800000e-10  1.27484537e-05 
 9.22800000e-10 -1.25910299e-05 
 9.32800000e-10  1.23710090e-05 
 9.42800000e-10 -1.22095585e-05 
 9.52800000e-10  1.20040604e-05 
 9.62800000e-10 -1.18415246e-05 
 9.72800000e-10  1.16477172e-05 
 9.82800000e-10 -1.14860712e-05 
 9.92800000e-10  1.13019442e-05 
 1.00280000e-09 -1.11424911e-05 
 1.01280000e-09  1.09666084e-05 
 1.02280000e-09 -1.08101874e-05 
 1.03280000e-09  1.06415116e-05 
 1.04280000e-09 -1.04886439e-05 
 1.05280000e-09  1.03264143e-05 
 1.06280000e-09 -1.01774042e-05 
 1.07280000e-09  1.00210517e-05 
 1.08280000e-09 -9.87605735e-06 
 1.09280000e-09  9.72514526e-06 
 1.10280000e-09 -9.58422695e-06 
 1.11280000e-09  9.43841071e-06 
 1.12280000e-09 -9.30156383e-06 
 1.13280000e-09  9.16056303e-06 
 1.14280000e-09 -9.02774079e-06 
 1.15280000e-09  8.89132013e-06 
 1.16280000e-09 -8.76244881e-06 
 1.17280000e-09  8.63040506e-06 
 1.18280000e-09 -8.50539433e-06 
 1.19280000e-09  8.37754749e-06 
 1.20280000e-09 -8.25629736e-06 
 1.21280000e-09  8.13248451e-06 
 1.22280000e-09 -8.01488990e-06 
 1.23280000e-09  7.89496117e-06 
 1.24280000e-09 -7.78091494e-06 
 1.25280000e-09  7.66473063e-06 
 1.26280000e-09 -7.55412554e-06 
 1.27280000e-09  7.44155422e-06 
 1.28280000e-09 -7.33428425e-06 
 1.29280000e-09  7.22520127e-06 
 1.30280000e-09 -7.12116247e-06 
 1.31280000e-09  7.01544909e-06 
 1.32280000e-09 -6.91453993e-06 
 1.33280000e-09  6.81208267e-06 
 1.34280000e-09 -6.71420446e-06 
 1.35280000e-09  6.61489446e-06 
 1.36280000e-09 -6.51995139e-06 
 1.37280000e-09  6.42368417e-06 
 1.38280000e-09 -6.33158344e-06 
 1.39280000e-09  6.23825850e-06 
 1.40280000e-09 -6.14891024e-06 
 1.41280000e-09  6.05843085e-06 
 1.42280000e-09 -5.97174817e-06 
 1.43280000e-09  5.88402118e-06 
 1.44280000e-09 -5.79992000e-06 
 1.45280000e-09  5.71485565e-06 
 1.46280000e-09 -5.63325474e-06 
 1.47280000e-09  5.55076647e-06 
 1.48280000e-09 -5.47158728e-06 
 1.49280000e-09  5.39159165e-06 
 1.50280000e-09 -5.31475827e-06 
 1.51280000e-09  5.23717479e-06 
 1.52280000e-09 -5.16261385e-06 
 1.53280000e-09  5.08736485e-06 
 1.54280000e-09 -5.01500544e-06 
 1.55280000e-09  4.94201599e-06 
 1.56280000e-09 -4.87178954e-06 
 1.57280000e-09  4.80098734e-06 
 1.58280000e-09 -4.73282758e-06 
 1.59280000e-09  4.66414285e-06 
 1.60280000e-09 -4.59798569e-06 
 1.61280000e-09  4.53135104e-06 
 1.62280000e-09 -4.46713454e-06 
 1.63280000e-09  4.40248494e-06 
 1.64280000e-09 -4.34014921e-06 
 1.65280000e-09  4.27742183e-06 
 1.66280000e-09 -4.21690894e-06 
 1.67280000e-09  4.15604313e-06 
 1.68280000e-09 -4.09729707e-06 
 1.69280000e-09  4.03823423e-06 
 1.70280000e-09 -3.98120084e-06 
 1.71280000e-09  3.92388436e-06 
 1.72280000e-09 -3.86851124e-06 
 1.73280000e-09  3.81288648e-06 
 1.74280000e-09 -3.75912291e-06 
 1.75280000e-09  3.70513701e-06 
 1.76280000e-09 -3.65293401e-06 
 1.77280000e-09  3.60053592e-06 
 1.78280000e-09 -3.54984600e-06 
 1.79280000e-09  3.49898643e-06 
 1.80280000e-09 -3.44976368e-06 
 1.81280000e-09  3.40039490e-06 
 1.82280000e-09 -3.35259493e-06 
 1.83280000e-09  3.30467088e-06 
 1.84280000e-09 -3.25825066e-06 
 1.85280000e-09  3.21172679e-06 
 1.86280000e-09 -3.16664472e-06 
 1.87280000e-09  3.12147793e-06 
 1.88280000e-09 -3.07769371e-06 
 1.89280000e-09  3.03384239e-06 
 1.90280000e-09 -2.99131704e-06 
 1.91280000e-09  2.94874091e-06 
 1.92280000e-09 -2.90743663e-06 
 1.93280000e-09  2.86609674e-06 
 1.94280000e-09 -2.82597704e-06 
 1.95280000e-09  2.78583567e-06 
 1.96280000e-09 -2.74686516e-06 
 1.97280000e-09  2.70788585e-06 
 1.98280000e-09 -2.67003028e-06 
 1.99280000e-09  2.63217780e-06 
 2.00000000e-09 -2.57652890e-06 
