% time-domain voltage integration by openEMS v0.0.36-93-g7b9cd51 @Tue Jan 20 10:05:15 2026
% start-coordinates: (-6.42725e-05,-2.452e-05,0.00015727) m -> [26,62,24]
% stop-coordinates: (-6.42725e-05,-2.452e-05,0.00016498) m -> [26,62,32]
% t/s	voltage
0	-0
3.56817448664e-13	-7.80448584231e-10
7.13634897328e-13	-1.08242445562e-09
1.07045234599e-12	-6.6655898856e-10
1.42726979466e-12	1.96035634947e-09
1.78408724332e-12	9.43703593048e-09
2.14090469198e-12	2.52331442407e-08
2.49772214065e-12	5.219364696e-08
2.85453958931e-12	8.86589903715e-08
3.21135703797e-12	1.23149665576e-07
3.56817448664e-12	1.28688011358e-07
3.9249919353e-12	6.16375421814e-08
4.28180938397e-12	-1.29758652712e-07
4.63862683263e-12	-4.83208097535e-07
4.99544428129e-12	-9.89580094313e-07
5.35226172996e-12	-1.56157805975e-06
5.70907917862e-12	-2.02456999432e-06
6.06589662729e-12	-2.14767273121e-06
6.42271407595e-12	-1.71975420216e-06
6.77953152461e-12	-6.49070525327e-07
7.13634897328e-12	9.56411156494e-07
7.49316642194e-12	2.77582333297e-06
7.8499838706e-12	4.35322647263e-06
8.20680131927e-12	5.24755398601e-06
8.56361876793e-12	5.19533836041e-06
8.9204362166e-12	4.2127519464e-06
9.27725366526e-12	2.58917414442e-06
9.63407111392e-12	7.75099195494e-07
9.99088856259e-12	-7.82605702909e-07
1.03477060113e-11	-1.78479951529e-06
1.07045234599e-11	-2.14753588068e-06
1.10613409086e-11	-1.97964119764e-06
1.14181583572e-11	-1.49810968253e-06
1.17749758059e-11	-9.29649985437e-07
1.21317932546e-11	-4.3947017403e-07
1.24886107032e-11	-1.05146930274e-07
1.28454281519e-11	7.06749565538e-08
1.32022456006e-11	1.28227139129e-07
1.35590630492e-11	1.18702413676e-07
1.39158804979e-11	8.38504701228e-08
1.42726979466e-11	4.86263365129e-08
1.46295153952e-11	2.31887492541e-08
1.49863328439e-11	8.50249193274e-09
1.53431502925e-11	1.67929659761e-09
1.56999677412e-11	-6.41349213321e-10
1.60567851899e-11	-9.51053097387e-10
1.64136026385e-11	-6.37223298433e-10
1.67704200872e-11	-4.90942415193e-10
1.71272375359e-11	-4.98308852515e-10
1.74840549845e-11	-5.31497588996e-10
1.78408724332e-11	-5.53870175418e-10
1.81976898819e-11	-5.65271853631e-10
1.85545073305e-11	-5.45981992256e-10
1.89113247792e-11	-5.19638578694e-10
1.92681422278e-11	-5.05645924437e-10
1.96249596765e-11	-5.23536571734e-10
1.99817771252e-11	-5.57230726839e-10
2.03385945738e-11	-5.79285286406e-10
2.06954120225e-11	-5.74820271243e-10
2.10522294712e-11	-5.52736714038e-10
2.14090469198e-11	-5.25461962136e-10
2.17658643685e-11	-5.27411666423e-10
2.21226818172e-11	-5.46634501553e-10
2.24794992658e-11	-5.77001266211e-10
2.28363167145e-11	-5.97120290713e-10
2.31931341632e-11	-5.89195962852e-10
2.35499516118e-11	-5.60339229877e-10
2.39067690605e-11	-5.44401707742e-10
