% time-domain current integration by openEMS v0.0.36-93-g7b9cd51 @Tue Jan 20 10:05:15 2026
% start-coordinates: (-5.62176e-05,-3.622e-05,0.000159198) m -> [54,24,27]
% stop-coordinates: (-5.302e-05,-3.552e-05,0.000159198) m -> [65,27,27]
% t/s	current
1.64432003993e-16	0
3.56981880668e-13	-3.35508877625e-11
7.13799329332e-13	-4.14515505254e-11
1.070616778e-12	-9.42598343129e-12
1.42743422666e-12	1.33517030765e-10
1.78425167532e-12	5.00145092008e-10
2.14106912399e-12	1.23021881571e-09
2.49788657265e-12	2.40347053371e-09
2.85470402131e-12	3.87922050038e-09
3.21152146998e-12	5.06495201336e-09
3.56833891864e-12	4.72802152984e-09
3.92515636731e-12	1.0193041966e-09
4.28197381597e-12	-8.05323896458e-09
4.63879126463e-12	-2.36383463914e-08
4.9956087133e-12	-4.47095303002e-08
5.35242616196e-12	-6.69747493021e-08
5.70924361063e-12	-8.28467250358e-08
6.06606105929e-12	-8.31110327226e-08
6.42287850795e-12	-6.0236658328e-08
6.77969595662e-12	-1.22657644042e-08
7.13651340528e-12	5.45127853968e-08
7.49333085394e-12	1.25855606825e-07
7.85014830261e-12	1.83395229669e-07
8.20696575127e-12	2.10873636775e-07
8.56378319994e-12	2.00197774802e-07
8.9206006486e-12	1.54579311129e-07
9.27741809726e-12	8.72653203032e-08
9.63423554593e-12	1.6478146847e-08
9.99105299459e-12	-4.10905300896e-08
1.03478704433e-11	-7.53936433284e-08
1.07046878919e-11	-8.49010035608e-08
1.10615053406e-11	-7.50737001454e-08
1.14183227892e-11	-5.47922383021e-08
1.17751402379e-11	-3.26258629002e-08
1.21319576866e-11	-1.43912153305e-08
1.24887751352e-11	-2.4798085807e-09
1.28455925839e-11	3.42982531265e-09
1.32024100326e-11	5.07582020859e-09
1.35592274812e-11	4.4347228112e-09
1.39160449299e-11	3.02368530214e-09
1.42728623786e-11	1.70247171916e-09
1.46296798272e-11	7.86308518297e-10
1.49864972759e-11	2.74391759314e-10
1.53433147245e-11	4.47580791874e-11
1.57001321732e-11	-2.92102141086e-11
1.60569496219e-11	-3.58392968081e-11
1.64137670705e-11	-2.36575498774e-11
1.67705845192e-11	-1.99036741949e-11
1.71274019679e-11	-1.95963158894e-11
1.74842194165e-11	-2.08284813008e-11
1.78410368652e-11	-2.20764621861e-11
1.81978543139e-11	-2.27615547937e-11
1.85546717625e-11	-2.22779433789e-11
1.89114892112e-11	-2.13559551987e-11
1.92683066599e-11	-2.03732135329e-11
1.96251241085e-11	-2.07622096599e-11
1.99819415572e-11	-2.16213488086e-11
2.03387590058e-11	-2.31006654777e-11
2.06955764545e-11	-2.37863392177e-11
2.10523939032e-11	-2.29107427474e-11
2.14092113518e-11	-2.18305790112e-11
2.17660288005e-11	-2.10919927357e-11
2.21228462492e-11	-2.15602934811e-11
2.24796636978e-11	-2.27727749852e-11
2.28364811465e-11	-2.37028625893e-11
2.31932985952e-11	-2.38735888697e-11
2.35501160438e-11	-2.2773146216e-11
2.39069334925e-11	-2.2091268051e-11
