% time-domain current integration by openEMS v0.0.36-93-g7b9cd51 @Tue Jan 20 10:05:15 2026
% start-coordinates: (-4.5205e-05,-2.62176e-05,0.000159198) m -> [92,56,27]
% stop-coordinates: (-4.4505e-05,-2.302e-05,0.000159198) m -> [95,67,27]
% t/s	current
1.64432003993e-16	0
3.56981880668e-13	1.56487930253e-11
7.13799329332e-13	2.16595422153e-11
1.070616778e-12	1.29031976076e-11
1.42743422666e-12	-4.07552012971e-11
1.78425167532e-12	-1.92285312672e-10
2.14106912399e-12	-5.11549247406e-10
2.49788657265e-12	-1.05448849652e-09
2.85470402131e-12	-1.78585624067e-09
3.21152146998e-12	-2.47190978797e-09
3.56833891864e-12	-2.567413393e-09
3.92515636731e-12	-1.19430254575e-09
4.28197381597e-12	2.6822057908e-09
4.63879126463e-12	9.80701031494e-09
4.9956087133e-12	1.99766834186e-08
5.35242616196e-12	3.14162065251e-08
5.70924361063e-12	4.06063449532e-08
6.06606105929e-12	4.29199076279e-08
6.42287850795e-12	3.41558035188e-08
6.77969595662e-12	1.25330741341e-08
7.13651340528e-12	-1.97157330462e-08
7.49333085394e-12	-5.61098651986e-08
7.85014830261e-12	-8.75053487448e-08
8.20696575127e-12	-1.05112022197e-07
8.56378319994e-12	-1.0373972259e-07
8.9206006486e-12	-8.3810263618e-08
9.27741809726e-12	-5.11893638588e-08
9.63423554593e-12	-1.49167860286e-08
9.99105299459e-12	1.6096361577e-08
1.03478704433e-11	3.5931257969e-08
1.07046878919e-11	4.29814583924e-08
1.10615053406e-11	3.94769870127e-08
1.14183227892e-11	2.97781337366e-08
1.17751402379e-11	1.84095121369e-08
1.21319576866e-11	8.64820393076e-09
1.24887751352e-11	2.01712802017e-09
1.28455925839e-11	-1.4514025537e-09
1.32024100326e-11	-2.57108601076e-09
1.35592274812e-11	-2.36537922582e-09
1.39160449299e-11	-1.66464331208e-09
1.42728623786e-11	-9.62204649291e-10
1.46296798272e-11	-4.57087367955e-10
1.49864972759e-11	-1.66558836168e-10
1.53433147245e-11	-3.21170139095e-11
1.57001321732e-11	1.31582201732e-11
1.60569496219e-11	1.88780657773e-11
1.64137670705e-11	1.25267626133e-11
1.67705845192e-11	9.79181145888e-12
1.71274019679e-11	9.945400406e-12
1.74842194165e-11	1.07405421362e-11
1.78410368652e-11	1.10810414664e-11
1.81978543139e-11	1.12842764646e-11
1.85546717625e-11	1.08177685559e-11
1.89114892112e-11	1.0371163997e-11
1.92683066599e-11	1.01059291144e-11
1.96251241085e-11	1.04978109539e-11
1.99819415572e-11	1.11608951248e-11
2.03387590058e-11	1.1571224881e-11
2.06955764545e-11	1.14513589583e-11
2.10523939032e-11	1.10311716359e-11
2.14092113518e-11	1.04631112802e-11
2.17660288005e-11	1.05554757643e-11
2.21228462492e-11	1.09674110071e-11
2.24796636978e-11	1.15666564868e-11
2.28364811465e-11	1.19460673992e-11
2.31932985952e-11	1.17214285153e-11
2.35501160438e-11	1.11142102466e-11
2.39069334925e-11	1.08408516539e-11
