% time-domain voltage integration by openEMS v0.0.35-108-gc651cce @Mon Jan 26 10:17:03 2026
% start-coordinates: (-1.244e-05,-4.2175e-05,0.00015727) m -> [95,46,24]
% stop-coordinates: (-1.244e-05,-4.2175e-05,0.00016498) m -> [95,46,34]
% t/s	voltage
0	-0
3.56563812637e-13	-1.59462614641e-09
7.13127625273e-13	-4.13380510378e-09
1.06969143791e-12	-4.37982258794e-09
1.42625525055e-12	1.03525538836e-09
1.78281906318e-12	2.08165932269e-08
2.13938287582e-12	6.85332239847e-08
2.49594668846e-12	1.58780157911e-07
2.85251050109e-12	2.96805829691e-07
3.20907431373e-12	4.58242675805e-07
3.56563812637e-12	5.64085837595e-07
3.922201939e-12	4.63117093119e-07
4.27876575164e-12	-5.58489701152e-08
4.63532956428e-12	-1.20030730955e-06
4.99189337691e-12	-3.05393960787e-06
5.34845718955e-12	-5.43045590007e-06
5.70502100219e-12	-7.77400242669e-06
6.06158481482e-12	-9.19351026596e-06
6.41814862746e-12	-8.6901444547e-06
6.7747124401e-12	-5.54812635301e-06
7.13127625273e-12	2.52028296011e-07
7.48784006537e-12	7.80299166081e-06
7.84440387801e-12	1.53927392148e-05
8.20096769064e-12	2.10035241253e-05
8.55753150328e-12	2.30185959254e-05
8.91409531592e-12	2.08354357483e-05
9.27065912855e-12	1.51026536059e-05
9.62722294119e-12	7.46706385257e-06
9.98378675383e-12	-4.9158269344e-08
1.03403505665e-11	-5.75414443915e-06
1.06969143791e-11	-8.77559699575e-06
1.10534781917e-11	-9.1693327704e-06
1.14100420044e-11	-7.67598095308e-06
1.1766605817e-11	-5.30254604314e-06
1.21231696296e-11	-2.93339206792e-06
1.24797334423e-11	-1.10948887766e-06
1.28362972549e-11	-9.28919309529e-10
1.31928610676e-11	4.87271357485e-07
1.35494248802e-11	5.67792422856e-07
1.39059886928e-11	4.51800625356e-07
1.42625525055e-11	2.877129468e-07
1.46191163181e-11	1.51142325322e-07
1.49756801307e-11	6.36921395625e-08
1.53322439434e-11	1.84934373371e-08
1.5688807756e-11	4.18565451396e-10
1.60453715686e-11	-4.13305875635e-09
1.64019353813e-11	-3.4780762298e-09
1.67584991939e-11	-1.9949381036e-09
1.71150630066e-11	-1.83112074115e-09
1.74716268192e-11	-1.86181657591e-09
1.78281906318e-11	-1.91961700702e-09
1.81847544445e-11	-1.95195043462e-09
1.85413182571e-11	-1.92827068202e-09
1.88978820697e-11	-1.93084524758e-09
1.92544458824e-11	-1.95641659817e-09
1.9611009695e-11	-2.02003287708e-09
1.99675735077e-11	-2.01428808355e-09
2.03241373203e-11	-2.03938804733e-09
2.06807011329e-11	-2.03766215012e-09
2.10372649456e-11	-2.05848620094e-09
2.13938287582e-11	-2.08904518684e-09
2.17503925708e-11	-2.13586835718e-09
2.21069563835e-11	-2.1315940818e-09
2.24635201961e-11	-2.12417955447e-09
2.28200840087e-11	-2.16568742106e-09
2.31766478214e-11	-2.17089175802e-09
2.3533211634e-11	-2.20008387897e-09
2.38897754467e-11	-2.21690910074e-09
2.42463392593e-11	-2.20010164254e-09
2.46029030719e-11	-2.2053578963e-09
2.49594668846e-11	-2.23887737516e-09
2.53160306972e-11	-2.25744044291e-09
2.56725945098e-11	-2.27345701986e-09
2.60291583225e-11	-2.24569662866e-09
