% time-domain voltage integration by openEMS v0.0.35-108-gc651cce @Mon Jan 26 10:17:03 2026
% start-coordinates: (-4.4935e-05,-4.3075e-05,0.00015575) m -> [49,45,21]
% stop-coordinates: (-4.8335e-05,-4.3075e-05,0.00015575) m -> [45,45,21]
% t/s	voltage
0	-0
3.56563812637e-13	-3.80247439438e-11
7.13127625273e-13	6.56563811565e-12
1.06969143791e-12	6.23880648531e-10
1.42625525055e-12	1.77170550453e-09
1.78281906318e-12	4.2030010583e-09
2.13938287582e-12	7.72080310796e-09
2.49594668846e-12	1.16509883963e-08
2.85251050109e-12	1.31355311073e-08
3.20907431373e-12	7.44638739558e-09
3.56563812637e-12	-1.12983017386e-08
3.922201939e-12	-4.76490771284e-08
4.27876575164e-12	-1.00067557796e-07
4.63532956428e-12	-1.56673445773e-07
4.99189337691e-12	-1.94196195125e-07
5.34845718955e-12	-1.81962947821e-07
5.70502100219e-12	-9.4800616246e-08
6.06158481482e-12	7.07027476565e-08
6.41814862746e-12	2.85827223223e-07
6.7747124401e-12	4.89150508542e-07
7.13127625273e-12	6.05834003409e-07
7.48784006537e-12	5.77812748759e-07
7.84440387801e-12	3.92236351843e-07
8.20096769064e-12	9.36178023991e-08
8.55753150328e-12	-2.29816688346e-07
8.91409531592e-12	-4.8079735393e-07
9.27065912855e-12	-5.91004130968e-07
9.62722294119e-12	-5.45987589362e-07
9.98378675383e-12	-3.84247684337e-07
1.03403505665e-11	-1.75272255376e-07
1.06969143791e-11	1.2238947078e-08
1.10534781917e-11	1.33898522492e-07
1.14100420044e-11	1.79158323732e-07
1.1766605817e-11	1.64060313779e-07
1.21231696296e-11	1.17194385751e-07
1.24797334423e-11	6.48306341944e-08
1.28362972549e-11	2.37494279798e-08
1.31928610676e-11	-6.70394399716e-10
1.35494248802e-11	-1.05506443582e-08
1.39059886928e-11	-1.14404693496e-08
1.42625525055e-11	-8.51121051415e-09
1.46191163181e-11	-4.94453578082e-09
1.49756801307e-11	-2.26848026474e-09
1.53322439434e-11	-7.33336120995e-10
1.5688807756e-11	-9.59005453174e-11
1.60453715686e-11	6.66293140453e-11
1.64019353813e-11	4.37655581264e-13
1.67584991939e-11	-8.66725059778e-11
1.71150630066e-11	-6.41926624703e-11
1.74716268192e-11	-6.90888951951e-11
1.78281906318e-11	-8.09479575384e-11
1.81847544445e-11	-1.06206911321e-10
1.85413182571e-11	-9.03484570144e-11
1.88978820697e-11	-5.43378814166e-11
1.92544458824e-11	-7.37244518906e-11
1.9611009695e-11	-5.49307535222e-11
1.99675735077e-11	-8.54267819678e-11
2.03241373203e-11	-8.80459932392e-11
2.06807011329e-11	-7.38983162857e-11
2.10372649456e-11	-2.91133751221e-11
2.13938287582e-11	-3.54947902667e-11
2.17503925708e-11	-5.30962374762e-11
2.21069563835e-11	-6.53741939055e-11
2.24635201961e-11	-3.8351797866e-11
2.28200840087e-11	-2.99616401567e-11
2.31766478214e-11	-2.46225951954e-11
2.3533211634e-11	-6.87998269466e-11
2.38897754467e-11	-4.71649936988e-11
2.42463392593e-11	-6.25140017876e-11
2.46029030719e-11	-3.35080771723e-11
2.49594668846e-11	-4.5614436707e-11
2.53160306972e-11	-2.24038695582e-11
2.56725945098e-11	-7.45069006491e-11
2.60291583225e-11	-3.67424632386e-11
