% time-domain current integration by openEMS v0.0.35-108-gc651cce @Mon Jan 26 10:17:03 2026
% start-coordinates: (-3.87138e-05,-5.24e-05,0.00015475) m -> [59,27,20]
% stop-coordinates: (-3.87138e-05,-3.33525e-05,0.00015624) m -> [59,63,22]
% t/s	current
4.51346598274e-16	0
3.57015159235e-13	-9.25042056843e-11
7.13578971872e-13	-8.10159508924e-11
1.07014278451e-12	3.87170573379e-11
1.42670659714e-12	4.80124107138e-10
1.78327040978e-12	1.51570511697e-09
2.13983422242e-12	3.44079009729e-09
2.49639803505e-12	6.32102103992e-09
2.85296184769e-12	9.56606349689e-09
3.20952566033e-12	1.14234008919e-08
3.56608947296e-12	8.67543459293e-09
3.9226532856e-12	-3.01476932307e-09
4.27921709824e-12	-2.76534919408e-08
4.63578091087e-12	-6.63776447141e-08
4.99234472351e-12	-1.14543553309e-07
5.34890853615e-12	-1.59994513638e-07
5.70547234878e-12	-1.84276061077e-07
6.06203616142e-12	-1.67772853388e-07
6.41859997406e-12	-9.78024488063e-08
6.77516378669e-12	2.34431105639e-08
7.13172759933e-12	1.75244224465e-07
7.48829141197e-12	3.22044343193e-07
7.8448552246e-12	4.24345586225e-07
8.20141903724e-12	4.52776589555e-07
8.55798284988e-12	3.9924708517e-07
8.91454666251e-12	2.8000073371e-07
9.27111047515e-12	1.29152923023e-07
9.62767428779e-12	-1.41521256936e-08
9.98423810042e-12	-1.19090742601e-07
1.03408019131e-11	-1.71495415202e-07
1.06973657257e-11	-1.74669551711e-07
1.10539295383e-11	-1.43928488683e-07
1.1410493351e-11	-9.84515935443e-08
1.17670571636e-11	-5.43042304457e-08
1.21236209762e-11	-2.08487414e-08
1.24801847889e-11	-6.67836619339e-10
1.28367486015e-11	8.27286150695e-09
1.31933124142e-11	9.91159776476e-09
1.35498762268e-11	8.02576405334e-09
1.39064400394e-11	5.2269930606e-09
1.42630038521e-11	2.84703660647e-09
1.46195676647e-11	1.28077659589e-09
1.49761314773e-11	4.4050846304e-10
1.533269529e-11	7.40771471941e-11
1.56892591026e-11	-4.03926614378e-11
1.60458229152e-11	-5.07700201324e-11
1.64023867279e-11	-3.60533131127e-11
1.67589505405e-11	-4.49661419211e-11
1.71155143532e-11	-4.20097290288e-11
1.74720781658e-11	-4.12953768403e-11
1.78286419784e-11	-4.15975795476e-11
1.81852057911e-11	-4.19238879723e-11
1.85417696037e-11	-4.26982026125e-11
1.88983334163e-11	-4.29646665467e-11
1.9254897229e-11	-4.26638620266e-11
1.96114610416e-11	-4.35830607715e-11
1.99680248543e-11	-4.45838574392e-11
2.03245886669e-11	-4.44424358426e-11
2.06811524795e-11	-4.55182350145e-11
2.10377162922e-11	-4.43177022857e-11
2.13942801048e-11	-4.56084128797e-11
2.17508439174e-11	-4.51782361521e-11
2.21074077301e-11	-4.62758407982e-11
2.24639715427e-11	-4.60678058201e-11
2.28205353553e-11	-4.63760557734e-11
2.3177099168e-11	-4.69727347296e-11
2.35336629806e-11	-4.69686720073e-11
2.38902267933e-11	-4.78661728309e-11
2.42467906059e-11	-4.75550120116e-11
2.46033544185e-11	-4.80764178468e-11
2.49599182312e-11	-4.75824518675e-11
2.53164820438e-11	-4.84026568826e-11
2.56730458564e-11	-4.86490119023e-11
2.60296096691e-11	-4.86939794042e-11
