 1.628000000000e-10  2.399974370323e-02 
 1.728000000000e-10  1.426385659296e-02 
 1.828000000000e-10  2.533101823875e-03 
 1.928000000000e-10 -9.896188848876e-03 
 2.028000000000e-10 -2.160049499750e-02 
 2.128000000000e-10 -3.118975325741e-02 
 2.228000000000e-10 -3.747044582733e-02 
 2.328000000000e-10 -3.959639968910e-02 
 2.428000000000e-10 -3.718217934849e-02 
 2.528000000000e-10 -3.035792097865e-02 
 2.628000000000e-10 -1.977102558453e-02 
 2.728000000000e-10 -6.523143439136e-03 
 2.828000000000e-10  7.937977430318e-03 
 2.928000000000e-10  2.197030523895e-02 
 3.028000000000e-10  3.392015626355e-02 
 3.128000000000e-10  4.232172510845e-02 
 3.228000000000e-10  4.607456158379e-02 
 3.328000000000e-10  4.458765138046e-02 
 3.428000000000e-10  3.786270099558e-02 
 3.528000000000e-10  2.651007790775e-02 
 3.628000000000e-10  1.169065797378e-02 
 3.728000000000e-10 -4.998304011056e-03 
 3.828000000000e-10 -2.168125215719e-02 
 3.928000000000e-10 -3.640783490401e-02 
 4.028000000000e-10 -4.738812108922e-02 
 4.128000000000e-10 -5.321087785111e-02 
 4.228000000000e-10 -5.302663490362e-02 
 4.328000000000e-10 -4.666306993953e-02 
 4.428000000000e-10 -3.466281748314e-02 
 4.528000000000e-10 -1.822992146070e-02 
 4.628000000000e-10  8.824237761567e-04 
 4.728000000000e-10  2.054605878198e-02 
 4.828000000000e-10  3.848656700212e-02 
 4.928000000000e-10  5.254473990991e-02 
 5.028000000000e-10  6.094339285362e-02 
 5.128000000000e-10  6.251527820535e-02 
 5.228000000000e-10  5.686054813944e-02 
 5.328000000000e-10  4.441295147633e-02 
 5.428000000000e-10  2.639157541002e-02 
 5.528000000000e-10  4.691080287571e-03 
 5.628000000000e-10 -1.829748394996e-02 
 5.728000000000e-10 -3.993957574600e-02 
 5.828000000000e-10 -5.765208033628e-02 
 5.928000000000e-10 -6.922017971851e-02 
 6.028000000000e-10 -7.308903599288e-02 
 6.128000000000e-10 -6.856990588764e-02 
 6.228000000000e-10 -5.593472020846e-02 
 6.328000000000e-10 -3.639359036027e-02 
 6.428000000000e-10 -1.197589838568e-02 
 6.528000000000e-10  1.466304467757e-02 
 6.628000000000e-10  4.050274879090e-02 
 6.728000000000e-10  6.248645055277e-02 
 6.828000000000e-10  7.789312447251e-02 
 6.928000000000e-10  8.469961370515e-02 
 7.028000000000e-10  8.185040279463e-02 
 7.128000000000e-10  6.939755108773e-02 
 7.228000000000e-10  4.849775508771e-02 
 7.328000000000e-10  2.128934205862e-02 
 7.428000000000e-10 -9.308074626849e-03 
 7.528000000000e-10 -3.986482032345e-02 
 7.628000000000e-10 -6.679746174909e-02 
 7.728000000000e-10 -8.679834130097e-02 
 7.828000000000e-10 -9.727937203084e-02 
 7.928000000000e-10 -9.673159113244e-02 
 8.028000000000e-10 -8.492203062591e-02 
 8.128000000000e-10 -6.290750166463e-02 
 8.228000000000e-10 -3.290896127769e-02 
 8.328000000000e-10  1.899180592746e-03 
 8.428000000000e-10  3.766705818285e-02 
 8.528000000000e-10  7.024260889575e-02 
 8.628000000000e-10  9.565435509775e-02 
 8.728000000000e-10  1.106490717213e-01 
 8.828000000000e-10  1.131595568370e-01 
 8.928000000000e-10  1.025800366038e-01 
 9.028000000000e-10  7.981044917920e-02 
 9.128000000000e-10  4.712104365714e-02 
 9.228000000000e-10  7.922242448981e-03 
 9.328000000000e-10 -3.351562301342e-02 
 9.428000000000e-10 -7.243777947174e-02 
 9.528000000000e-10 -1.041307781328e-01 
 9.628000000000e-10 -1.245636045942e-01 
 9.728000000000e-10 -1.309930940067e-01 
 9.828000000000e-10 -1.223423802254e-01 
 9.928000000000e-10 -9.929070495638e-02 
 1.002800000000e-09 -6.412432879511e-02 
 1.012800000000e-09 -2.046632945258e-02 
 1.022800000000e-09  2.700810893031e-02 
 1.032800000000e-09  7.292953518445e-02 
 1.042800000000e-09  1.117803292461e-01 
 1.052800000000e-09  1.386389805606e-01 
 1.062800000000e-09  1.499469776130e-01 
 1.072800000000e-09  1.440440335560e-01 
 1.082800000000e-09  1.213198337795e-01 
 1.092800000000e-09  8.403285819732e-02 
 1.102800000000e-09  3.598981882833e-02 
 1.112800000000e-09 -1.775779769222e-02 
 1.122800000000e-09 -7.123672009623e-02 
 1.132800000000e-09 -1.180822420112e-01 
 1.142800000000e-09 -1.523740238093e-01 
 1.152800000000e-09 -1.695960716558e-01 
 1.162800000000e-09 -1.673683122398e-01 
 1.172800000000e-09 -1.457018362798e-01 
 1.182800000000e-09 -1.067932745376e-01 
 1.192800000000e-09 -5.460975250834e-02 
 1.202800000000e-09  5.461583769623e-03 
 1.212800000000e-09  6.688631501896e-02 
 1.222800000000e-09  1.224482974972e-01 
 1.232800000000e-09  1.651429389458e-01 
 1.242800000000e-09  1.893497613494e-01 
 1.252800000000e-09  1.918175569690e-01 
 1.262800000000e-09  1.720690274655e-01 
 1.272800000000e-09  1.321905679840e-01 
 1.282800000000e-09  7.629449800168e-02 
 1.292800000000e-09  1.006377320256e-02 
 1.302800000000e-09 -5.947496549278e-02 
 1.312800000000e-09 -1.242926146758e-01 
 1.322800000000e-09 -1.762498342043e-01 
 1.332800000000e-09 -2.084862211158e-01 
 1.342800000000e-09 -2.167131325654e-01 
 1.352800000000e-09 -1.998375343530e-01 
 1.362800000000e-09 -1.597806581358e-01 
 1.372800000000e-09 -1.007898828259e-01 
 1.382800000000e-09 -2.881264919392e-02 
 1.392800000000e-09  4.872195646845e-02 
 1.402800000000e-09  1.230651785857e-01 
 1.412800000000e-09  1.849490301340e-01 
 1.422800000000e-09  2.261689807605e-01 
 1.432800000000e-09  2.412348130219e-01 
 1.442800000000e-09  2.282789319573e-01 
 1.452800000000e-09  1.889656346778e-01 
 1.462800000000e-09  1.276667920994e-01 
 1.472800000000e-09  5.058603792087e-02 
 1.482800000000e-09 -3.453411336418e-02 
 1.492800000000e-09 -1.183629067344e-01 
 1.502800000000e-09 -1.905752276671e-01 
 1.512800000000e-09 -2.415655463767e-01 
 1.522800000000e-09 -2.644936343851e-01 
 1.532800000000e-09 -2.565463902830e-01 
 1.542800000000e-09 -2.190039170243e-01 
 1.552800000000e-09 -1.563281858678e-01 
 1.562800000000e-09 -7.499055305561e-02 
 1.572800000000e-09  1.702072116789e-02 
 1.582800000000e-09  1.099610117970e-01 
 1.592800000000e-09  1.925916724902e-01 
 1.602800000000e-09  2.539150769407e-01 
 1.612800000000e-09  2.856206346411e-01 
 1.622800000000e-09  2.837710893721e-01 
 1.632800000000e-09  2.491055046895e-01 
 1.642800000000e-09  1.860958107719e-01 
 1.652800000000e-09  1.014968687797e-01 
 1.662800000000e-09  3.514839050472e-03 
 1.672800000000e-09 -9.785812820882e-02 
 1.682800000000e-09 -1.906723872115e-01 
 1.692800000000e-09 -2.626191950565e-01 
 1.702800000000e-09 -3.038417710400e-01 
 1.712800000000e-09 -3.091092409224e-01 
 1.722800000000e-09 -2.784580841621e-01 
 1.732800000000e-09 -2.162401574291e-01 
 1.742800000000e-09 -1.294843989271e-01 
 1.752800000000e-09 -2.662289751037e-02 
 1.762800000000e-09  8.224177861913e-02 
 1.772800000000e-09  1.846915356267e-01 
 1.782800000000e-09  2.672627140936e-01 
 1.792800000000e-09  3.185338570445e-01 
 1.802800000000e-09  3.318271738636e-01 
 1.812800000000e-09  3.063094135876e-01 
 1.822800000000e-09  2.460538808192e-01 
 1.832800000000e-09  1.583070075285e-01 
 1.842800000000e-09  5.175744869172e-02 
 1.852800000000e-09 -6.346903866637e-02 
 1.862800000000e-09 -1.747338798267e-01 
 1.872800000000e-09 -2.676411119293e-01 
 1.882800000000e-09 -3.292549893798e-01 
 1.892800000000e-09 -3.513371619232e-01 
 1.902800000000e-09 -3.320098939875e-01 
 1.912800000000e-09 -2.749019482049e-01 
 1.922800000000e-09 -1.873516675259e-01 
 1.932800000000e-09 -7.834527035788e-02 
 1.942800000000e-09  4.200278924482e-02 
 1.952800000000e-09  1.610561924889e-01 
 1.962800000000e-09  2.637576298710e-01 
 1.972800000000e-09  3.357772565752e-01 
 1.982800000000e-09  3.672505578548e-01 
 1.992800000000e-09  3.550812570177e-01 
 2.002800000000e-09  3.022807326851e-01 
 2.012800000000e-09  2.160949685358e-01 
 2.022800000000e-09  1.058380736031e-01 
 2.032800000000e-09 -1.836706857997e-02 
 2.042800000000e-09 -1.440594757911e-01 
 2.052800000000e-09 -2.558111002287e-01 
 2.062800000000e-09 -3.380812367378e-01 
 2.072800000000e-09 -3.793681233791e-01 
 2.082800000000e-09 -3.752011087706e-01 
 2.092800000000e-09 -3.277965382805e-01 
 2.102800000000e-09 -2.441126523846e-01 
 2.112800000000e-09 -1.337523810521e-01 
 2.122800000000e-09 -6.918887453502e-03 
 2.132800000000e-09  1.242134911295e-01 
 2.142800000000e-09  2.441301799547e-01 
 2.152800000000e-09  3.363094950561e-01 
 2.162800000000e-09  3.876568408364e-01 
 2.172800000000e-09  3.921908070203e-01 
 2.182800000000e-09  3.511677968426e-01 
 2.192800000000e-09  2.710839281927e-01 
 2.202800000000e-09  1.616889688813e-01 
 2.212800000000e-09  3.337641655365e-02 
 2.222800000000e-09 -1.020086087981e-01 
 2.232800000000e-09 -2.291187790704e-01 
 2.242800000000e-09 -3.307102925691e-01 
 2.252800000000e-09 -3.921985145344e-01 
 2.262800000000e-09 -4.059804931740e-01 
 2.272800000000e-09 -3.722100948441e-01 
 2.282800000000e-09 -2.967609863709e-01 
 2.292800000000e-09 -1.893234820304e-01 
 2.302800000000e-09 -6.058466954617e-02 
 2.312800000000e-09  7.791613340951e-02 
 2.322800000000e-09  2.112053774262e-01 
 2.332800000000e-09  3.215894024210e-01 
 2.342800000000e-09  3.931480189937e-01 
 2.352800000000e-09  4.165803039218e-01 
 2.362800000000e-09  3.908091710679e-01 
 2.372800000000e-09  3.209346116395e-01 
 2.382800000000e-09  2.163837112428e-01 
 2.392800000000e-09  8.817405170492e-02 
 2.402800000000e-09 -5.237675147639e-02 
 2.412800000000e-09 -1.908151169594e-01 
 2.422800000000e-09 -3.092716649311e-01 
 2.432800000000e-09 -3.906869979190e-01 
 2.442800000000e-09 -4.240362706042e-01 
 2.452800000000e-09 -4.068861737435e-01 
 2.462800000000e-09 -3.434289656344e-01 
 2.472800000000e-09 -2.426556857166e-01 
 2.482800000000e-09 -1.158452232242e-01 
 2.492800000000e-09  2.577272317472e-02 
 2.502800000000e-09  1.683426995143e-01 
 2.512800000000e-09  2.940843950643e-01 
 2.522800000000e-09  3.850206432773e-01 
 2.532800000000e-09  4.284355290619e-01 
 2.542800000000e-09  4.204102260626e-01 
 2.552800000000e-09  3.641203020034e-01 
 2.562800000000e-09  2.679773402006e-01 
 2.572800000000e-09  1.433611303651e-01 
 2.582800000000e-09  1.569063432214e-03 
 2.592800000000e-09 -1.441515063158e-01 
 2.602800000000e-09 -2.763520660208e-01 
 2.612800000000e-09 -3.763717010298e-01 
 2.622800000000e-09 -4.298961852258e-01 
 2.632800000000e-09 -4.313917593605e-01 
 2.642800000000e-09 -3.829291274649e-01 
 2.652800000000e-09 -2.922118244327e-01 
 2.662800000000e-09 -1.705212591950e-01 
 2.672800000000e-09 -2.936023180341e-02 
 2.682800000000e-09  1.185821365718e-01 
 2.692800000000e-09  2.563951828001e-01 
 2.702800000000e-09  3.649738426094e-01 
 2.712800000000e-09  4.285505652948e-01 
 2.722800000000e-09  4.398607908056e-01 
 2.732800000000e-09  3.997924915815e-01 
 2.742800000000e-09  3.152213096214e-01 
 2.752800000000e-09  1.971408834840e-01 
 2.762800000000e-09  5.733669192332e-02 
 2.772800000000e-09 -9.195806863283e-02 
 2.782800000000e-09 -2.345247174587e-01 
 2.792800000000e-09 -3.510573404589e-01 
 2.802800000000e-09 -4.245225048812e-01 
 2.812800000000e-09 -4.458443275383e-01 
 2.822800000000e-09 -4.146469580034e-01 
 2.832800000000e-09 -3.368717262511e-01 
 2.842800000000e-09 -2.230638522146e-01 
 2.852800000000e-09 -8.527645566768e-02 
 2.862800000000e-09  6.456611642540e-02 
 2.872800000000e-09  2.110275210829e-01 
 2.882800000000e-09  3.348429926371e-01 
 2.892800000000e-09  4.179289157431e-01 
 2.902800000000e-09  4.493736891787e-01 
 2.912800000000e-09  4.274411252221e-01 
 2.922800000000e-09  3.570519170426e-01 
 2.932800000000e-09  2.481698362128e-01 
 2.942800000000e-09  1.130085637576e-01 
 2.952800000000e-09 -3.664352993870e-02 
 2.962800000000e-09 -1.861554892860e-01 
 2.972800000000e-09 -3.165367743423e-01 
 2.982800000000e-09 -4.088819801109e-01 
 2.992800000000e-09 -4.504903832421e-01 
 3.002800000000e-09 -4.381469777383e-01 
 3.012800000000e-09 -3.756822891741e-01 
 3.022800000000e-09 -2.723639645550e-01 
 3.032800000000e-09 -1.404000794679e-01 
 3.042800000000e-09  8.386216679809e-03 
 3.052800000000e-09  1.601322135886e-01 
 3.062800000000e-09  2.963368813868e-01 
 3.072800000000e-09  3.975015454750e-01 
 3.082800000000e-09  4.492500775198e-01 
 3.092800000000e-09  4.467550080788e-01 
 3.102800000000e-09  3.927000490741e-01 
 3.112800000000e-09  2.955502271354e-01 
 3.122800000000e-09  1.673260722105e-01 
 3.132800000000e-09  2.002371292922e-02 
 3.142800000000e-09 -1.331754150609e-01 
 3.152800000000e-09 -2.744460877151e-01 
 3.162800000000e-09 -3.839214436941e-01 
 3.172800000000e-09 -4.457164448946e-01 
 3.182800000000e-09 -4.532612157443e-01 
 3.192800000000e-09 -4.080412729700e-01 
 3.202800000000e-09 -3.176188763126e-01 
 3.212800000000e-09 -1.936601778438e-01 
 3.222800000000e-09 -4.840804936651e-02 
 3.232800000000e-09  1.055071651248e-01 
 3.242800000000e-09  2.510766475114e-01 
 3.252800000000e-09  3.682901764569e-01 
 3.262800000000e-09  4.399565764505e-01 
 3.272800000000e-09  4.576624599217e-01 
 3.282800000000e-09  4.216379751308e-01 
 3.292800000000e-09  3.384562874701e-01 
 3.302800000000e-09  2.192873328543e-01 
 3.312800000000e-09  7.660735963969e-02 
 3.322800000000e-09 -7.733820528645e-02 
 3.332800000000e-09 -2.264363305073e-01 
 3.342800000000e-09 -3.507591518893e-01 
 3.352800000000e-09 -4.320348784516e-01 
 3.362800000000e-09 -4.599592556060e-01 
 3.372800000000e-09 -4.334308359667e-01 
 3.382800000000e-09 -3.579652779536e-01 
 3.392800000000e-09 -2.441166996242e-01 
 3.402800000000e-09 -1.044976834629e-01 
 3.412800000000e-09  4.884644883253e-02 
 3.422800000000e-09  2.007113510805e-01 
 3.432800000000e-09  3.314716565336e-01 
 3.442800000000e-09  4.220097239730e-01 
 3.452800000000e-09  4.601569293358e-01 
 3.462800000000e-09  4.433757844009e-01 
 3.472800000000e-09  3.760701792613e-01 
 3.482800000000e-09  2.680739035358e-01 
 3.492800000000e-09  1.319835414092e-01 
 3.502800000000e-09 -2.017622043262e-02 
 3.512800000000e-09 -1.740633796789e-01 
 3.522800000000e-09 -3.105611351392e-01 
 3.532800000000e-09 -4.099380275214e-01 
 3.542800000000e-09 -4.582652089967e-01 
 3.552800000000e-09 -4.514388619134e-01 
 3.562800000000e-09 -3.927058936048e-01 
 3.572800000000e-09 -2.910816203571e-01 
 3.582800000000e-09 -1.589759272094e-01 
 3.592800000000e-09 -8.541847342331e-03 
 3.602800000000e-09  1.466469970197e-01 
 3.612800000000e-09  2.881659534597e-01 
 3.622800000000e-09  3.958925873424e-01 
 3.632800000000e-09  4.543039528473e-01 
 3.642800000000e-09  4.575912622746e-01 
 3.652800000000e-09  4.078038193354e-01 
 3.662800000000e-09  3.130446297601e-01 
 3.672800000000e-09  1.853766660338e-01 
 3.682800000000e-09  3.717223969564e-02 
 3.692800000000e-09 -1.186295236105e-01 
 3.702800000000e-09 -2.644430151798e-01 
 3.712800000000e-09 -3.799722041528e-01 
 3.722800000000e-09 -4.483056068764e-01 
 3.732800000000e-09 -4.618091496680e-01 
 3.742800000000e-09 -4.212903272869e-01 
 3.752800000000e-09 -3.338572540654e-01 
 3.762800000000e-09 -2.110872895456e-01 
 3.772800000000e-09 -6.558190027250e-02 
 3.782800000000e-09  9.018612608803e-02 
 3.792800000000e-09  2.395620132545e-01 
 3.802800000000e-09  3.622940023307e-01 
 3.812800000000e-09  4.403101427633e-01 
 3.822800000000e-09  4.640764043809e-01 
 3.832800000000e-09  4.330979820449e-01 
 3.842800000000e-09  3.534225868681e-01 
 3.852800000000e-09  2.360243650946e-01 
 3.862800000000e-09  9.365995602392e-02 
 3.872800000000e-09 -6.147574236020e-02 
 3.882800000000e-09 -2.136848047806e-01 
 3.892800000000e-09 -3.429759478504e-01 
 3.902800000000e-09 -4.303552225834e-01 
 3.912800000000e-09 -4.643826852144e-01 
 3.922800000000e-09 -4.431728019109e-01 
 3.932800000000e-09 -3.716626111031e-01 
 3.942800000000e-09 -2.601201664690e-01 
 3.952800000000e-09 -1.213216900316e-01 
 3.962800000000e-09  3.262834755037e-02 
 3.972800000000e-09  1.869530041467e-01 
 3.982800000000e-09  3.221272597510e-01 
 3.992800000000e-09  4.184721418152e-01 
 4.002800000000e-09  4.627182832730e-01 
 4.012800000000e-09  4.514695039079e-01 
 4.022800000000e-09  3.885103174197e-01 
 4.032800000000e-09  2.833075807138e-01 
 4.042800000000e-09  1.484933268615e-01 
 4.052800000000e-09 -3.754899610814e-03 
 4.062800000000e-09 -1.594951337909e-01 
 4.072800000000e-09 -2.998561171116e-01 
 4.082800000000e-09 -4.047006715099e-01 
 4.092800000000e-09 -4.590795610897e-01 
 4.102800000000e-09 -4.579465920338e-01 
 4.112800000000e-09 -4.038966991616e-01 
 4.122800000000e-09 -3.055032338918e-01 
 4.132800000000e-09 -1.750929023917e-01 
 4.142800000000e-09 -2.503111752333e-02 
 4.152800000000e-09  1.314488248059e-01 
 4.162800000000e-09  2.762881574499e-01 
 4.172800000000e-09  3.891081690074e-01 
 4.182800000000e-09  4.534780155862e-01 
 4.192800000000e-09  4.625679729876e-01 
 4.202800000000e-09  4.177457961881e-01 
 4.212800000000e-09  3.266067604842e-01 
 4.222800000000e-09  2.010298685779e-01 
 4.232800000000e-09  5.360927805305e-02 
 4.242800000000e-09 -1.029691787270e-01 
 4.252800000000e-09 -2.515710207469e-01 
 4.262800000000e-09 -3.717902939770e-01 
 4.272800000000e-09 -4.459397338217e-01 
 4.282800000000e-09 -4.653071570752e-01 
 4.292800000000e-09 -4.299840983704e-01 
 4.302800000000e-09 -3.465188367625e-01 
 4.312800000000e-09 -2.262209124786e-01 
 4.322800000000e-09 -8.186969384357e-02 
 4.332800000000e-09  7.421015238362e-02 
 4.342800000000e-09  2.258575936774e-01 
 4.352800000000e-09  3.528542824818e-01 
 4.362800000000e-09  4.364949865602e-01 
 4.372800000000e-09  4.661464434140e-01 
 4.382800000000e-09  4.405504905458e-01 
 4.392800000000e-09  3.651559982734e-01 
 4.402800000000e-09  2.505977948558e-01 
 4.412800000000e-09  1.097261331104e-01 
 4.422800000000e-09 -4.530304255821e-02 
 4.432800000000e-09 -1.992865829069e-01 
 4.442800000000e-09 -3.324023853362e-01 
 4.452800000000e-09 -4.251677405124e-01 
 4.462800000000e-09 -4.650696585049e-01 
 4.472800000000e-09 -4.493942487952e-01 
 4.482800000000e-09 -3.824489451566e-01 
 4.492800000000e-09 -2.740985436016e-01 
 4.502800000000e-09 -1.371091462396e-01 
 4.512800000000e-09  1.635540755164e-02 
 4.522800000000e-09  1.719795226369e-01 
 4.532800000000e-09  3.105309576573e-01 
 4.542800000000e-09  4.119818756341e-01 
 4.552800000000e-09  4.620620456576e-01 
 4.562800000000e-09  4.564682393839e-01 
 4.572800000000e-09  3.983299254250e-01 
 4.582800000000e-09  2.966498009664e-01 
 4.592800000000e-09  1.639467170821e-01 
 4.602800000000e-09  1.253029140160e-02 
 4.612800000000e-09 -1.440581301863e-01 
 4.622800000000e-09 -2.873467549177e-01 
 4.632800000000e-09 -3.969825062339e-01 
 4.642800000000e-09 -4.571209893501e-01 
 4.652800000000e-09 -4.617292920173e-01 
 4.662800000000e-09 -4.127240792313e-01 
 4.672800000000e-09 -3.181583547316e-01 
 4.682800000000e-09 -1.901546983502e-01 
 4.692800000000e-09 -4.124209693312e-02 
 4.702800000000e-09  1.156627560314e-01 
 4.712800000000e-09  2.629809845755e-01 
 4.722800000000e-09  3.802475958768e-01 
 4.732800000000e-09  4.502618990778e-01 
 4.742800000000e-09  4.651431845244e-01 
 4.752800000000e-09  4.255540974213e-01 
 4.762800000000e-09  3.385231509572e-01 
 4.772800000000e-09  2.156480110871e-01 
 4.782800000000e-09  6.966825494956e-02 
 4.792800000000e-09 -8.694480330164e-02 
 4.802800000000e-09 -2.375808146125e-01 
 4.812800000000e-09 -3.618766528433e-01 
 4.822800000000e-09 -4.415108256368e-01 
 4.832800000000e-09 -4.666867360327e-01 
 4.842800000000e-09 -4.367524442889e-01 
 4.852800000000e-09 -3.576541273573e-01 
 4.862800000000e-09 -2.403543726917e-01 
 4.872800000000e-09 -9.771581787362e-02 
 4.882800000000e-09  5.804218494625e-02 
 4.892800000000e-09  2.112877429346e-01 
 4.902800000000e-09  3.419710569335e-01 
 4.912800000000e-09  4.308917239789e-01 
 4.922800000000e-09  4.663418024431e-01 
 4.932800000000e-09  4.462638823010e-01 
 4.942800000000e-09  3.754775767903e-01 
 4.952800000000e-09  2.642123968346e-01 
 4.962800000000e-09  1.253126719005e-01 
 4.972800000000e-09 -2.906774639471e-02 
 4.982800000000e-09 -1.842256243843e-01 
 4.992800000000e-09 -3.206245504009e-01 
 5.002800000000e-09 -4.184224913958e-01 
 5.012800000000e-09 -4.640892889861e-01 
 5.022800000000e-09 -4.540388708264e-01 
 5.032800000000e-09 -3.919265700485e-01 
 5.042800000000e-09 -2.871565475889e-01 
 5.052800000000e-09 -1.523923119982e-01 
 5.062800000000e-09  1.202615289386e-04 
 5.072800000000e-09  1.565094258123e-01 
 5.082800000000e-09  2.979331168226e-01 
 5.092800000000e-09  4.041328298040e-01 
 5.102800000000e-09  4.599171339517e-01 
 5.112800000000e-09  4.600303178403e-01 
 5.122800000000e-09  4.069291173346e-01 
 5.132800000000e-09  3.091025363752e-01 
 5.142800000000e-09  1.788772861544e-01 
 5.152800000000e-09  2.869547332245e-02 
 5.162800000000e-09 -1.282671463804e-01 
 5.172800000000e-09 -2.740135856774e-01 
 5.182800000000e-09 -3.880835912659e-01 
 5.192800000000e-09 -4.538307741971e-01 
 5.202800000000e-09 -4.641980266813e-01 
 5.212800000000e-09 -4.204069878278e-01 
 5.222800000000e-09 -3.299506416962e-01 
 5.232800000000e-09 -2.046821495797e-01 
 5.242800000000e-09 -5.726741394814e-02 
 5.252800000000e-09  9.964535188797e-02 
 5.262800000000e-09  2.490059058271e-01 
 5.272800000000e-09  3.703650500490e-01 
 5.282800000000e-09  4.458514909495e-01 
 5.292800000000e-09  4.665132765344e-01 
 5.302800000000e-09  4.322869127421e-01 
 5.312800000000e-09  3.496047279922e-01 
 5.322800000000e-09  2.297292246254e-01 
 5.332800000000e-09  8.549452229919e-02 
 5.342800000000e-09 -7.078853121874e-02 
 5.352800000000e-09 -2.230544454979e-01 
 5.362800000000e-09 -3.510781258700e-01 
 5.372800000000e-09 -4.360041918497e-01 
 5.382800000000e-09 -4.669560243081e-01 
 5.392800000000e-09 -4.425086196637e-01 
 5.402800000000e-09 -3.679848095366e-01 
 5.412800000000e-09 -2.539543169927e-01 
 5.422800000000e-09 -1.132977635928e-01 
 5.432800000000e-09  4.181894787147e-02 
 5.442800000000e-09  1.962893984630e-01 
 5.452800000000e-09  3.303183574910e-01 
 5.462800000000e-09  4.243070831783e-01 
 5.472800000000e-09  4.655065452699e-01 
 5.482800000000e-09  4.510205372203e-01 
 5.492800000000e-09  3.850226963307e-01 
 5.502800000000e-09  2.772963730055e-01 
 5.512800000000e-09  1.406115931605e-01 
 5.522800000000e-09 -1.283771843934e-02 
 5.532800000000e-09 -1.688257416646e-01 
 5.542800000000e-09 -3.081769919209e-01 
 5.552800000000e-09 -4.107804040422e-01 
 5.562800000000e-09 -4.621470780154e-01 
 5.572800000000e-09 -4.577736219140e-01 
 5.582800000000e-09 -4.006494260847e-01 
 5.592800000000e-09 -2.996804500747e-01 
 5.602800000000e-09 -1.673650708223e-01 
 5.612800000000e-09 -1.605587043877e-02 
 5.622800000000e-09  1.407820571408e-01 
 5.632800000000e-09  2.847586161567e-01 
 5.642800000000e-09  3.954687317778e-01 
 5.652800000000e-09  4.568736889795e-01 
 5.662800000000e-09  4.627233090111e-01 
 5.672800000000e-09  4.147884563477e-01 
 5.682800000000e-09  3.210119497152e-01 
 5.692800000000e-09  1.934751241383e-01 
 5.702800000000e-09  4.475231864617e-02 
 5.712800000000e-09 -1.122969476419e-01 
 5.722800000000e-09 -2.601932954520e-01 
 5.732800000000e-09 -3.784502147071e-01 
 5.742800000000e-09 -4.497010968586e-01 
 5.752800000000e-09 -4.658351839574e-01 
 5.762800000000e-09 -4.273625657822e-01 
 5.772800000000e-09 -3.411909443036e-01 
 5.782800000000e-09 -2.188593982638e-01 
 5.792800000000e-09 -7.314402697743e-02 
 5.802800000000e-09  8.351826226091e-02 
 5.812800000000e-09  2.346254860309e-01 
 5.822800000000e-09  3.598229635829e-01 
 5.832800000000e-09  4.406537357073e-01 
 5.842800000000e-09  4.670859742157e-01 
 5.852800000000e-09  4.383056155828e-01 
 5.862800000000e-09  3.601300733626e-01 
 5.872800000000e-09  2.434485445649e-01 
 5.882800000000e-09  1.011428005678e-01 
 5.892800000000e-09 -5.457864535868e-02 
 5.902800000000e-09 -2.081923165247e-01 
 5.912800000000e-09 -3.396853813500e-01 
 5.922800000000e-09 -4.297528610655e-01 
 5.932800000000e-09 -4.664563630009e-01 
 5.942800000000e-09 -4.475629483488e-01 
 5.952800000000e-09 -3.777573227022e-01 
 5.962800000000e-09 -2.671822667403e-01 
 5.972800000000e-09 -1.286795937961e-01 
 5.982800000000e-09  2.558638079801e-02 
 5.992800000000e-09  1.810135529502e-01 
 6.002800000000e-09  3.181285340514e-01 
 6.012800000000e-09  4.170145619320e-01 
 6.022800000000e-09  4.639259929141e-01 
 6.032800000000e-09  4.550845757949e-01 
 6.042800000000e-09  3.940055714531e-01 
 6.052800000000e-09  2.899936939627e-01 
 6.062800000000e-09  1.556882300103e-01 
 6.072800000000e-09  3.361547795523e-03 
 6.082800000000e-09 -1.532027003172e-01 
 6.092800000000e-09 -2.952481408885e-01 
 6.102800000000e-09 -4.024697722633e-01 
 6.112800000000e-09 -4.594831164530e-01 
 6.122800000000e-09 -4.608230512684e-01 
 6.132800000000e-09 -4.088015346271e-01 
 6.142800000000e-09 -3.117962877272e-01 
 6.152800000000e-09 -1.820905326412e-01 
 6.162800000000e-09 -3.216035695453e-02 
 6.172800000000e-09  1.248886508839e-01 
 6.182800000000e-09  2.711625735918e-01 
 6.192800000000e-09  3.861820345375e-01 
 6.202800000000e-09  4.531343333143e-01 
 6.212800000000e-09  4.647386951854e-01 
 6.222800000000e-09  4.220665974672e-01 
 6.232800000000e-09  3.324898898766e-01 
 6.242800000000e-09  2.078018756376e-01 
 6.252800000000e-09  6.069938245159e-02 
 6.262800000000e-09 -9.621775925187e-02 
 6.272800000000e-09 -2.460122061352e-01 
 6.282800000000e-09 -3.682429280493e-01 
 6.292800000000e-09 -4.449012722304e-01 
 6.302800000000e-09 -4.668036883370e-01 
 6.312800000000e-09 -4.337287719513e-01 
 6.322800000000e-09 -3.519802348660e-01 
 6.332800000000e-09 -2.327467724102e-01 
 6.342800000000e-09 -8.888087185436e-02 
 6.352800000000e-09  6.733156098690e-02 
 6.362800000000e-09  2.199394068554e-01 
 6.372800000000e-09  3.487524496070e-01 
 6.382800000000e-09  4.348076763680e-01 
 6.392800000000e-09  4.669980133208e-01 
 6.402800000000e-09  4.437290908527e-01 
 6.412800000000e-09  3.701894107949e-01 
 6.422800000000e-09  2.568625255427e-01 
 6.432800000000e-09  1.166288042962e-01 
 6.442800000000e-09 -3.834846444654e-02 
 6.452800000000e-09 -1.930713026517e-01 
 6.462800000000e-09 -3.278043534502e-01 
 6.472800000000e-09 -4.228703477606e-01 
 6.482800000000e-09 -4.653012682302e-01 
 6.492800000000e-09 -4.520162560685e-01 
 6.502800000000e-09 -3.870498240624e-01 
 6.512800000000e-09 -2.800874531333e-01 
 6.522800000000e-09 -1.438783955429e-01 
 6.532800000000e-09  9.367557566217e-03 
 6.542800000000e-09  1.655213058529e-01 
 6.552800000000e-09  3.054896571643e-01 
 6.562800000000e-09  4.091105580818e-01 
 6.572800000000e-09  4.616961482834e-01 
 6.582800000000e-09  4.585411884603e-01 
 6.592800000000e-09  4.024916282671e-01 
 6.602800000000e-09  3.023442591681e-01 
 6.612800000000e-09  1.705574981756e-01 
 6.622800000000e-09  1.951137299024e-02 
 6.632800000000e-09 -1.374092855700e-01 
 6.642800000000e-09 -2.819151069629e-01 
 6.652800000000e-09 -3.935763299629e-01 
 6.662800000000e-09 -4.561805248645e-01 
 6.672800000000e-09 -4.632599495769e-01 
 6.682800000000e-09 -4.164374568131e-01 
 6.692800000000e-09 -3.235367179640e-01 
 6.702800000000e-09 -1.965825007792e-01 
 6.712800000000e-09 -4.817849395401e-02 
 6.722800000000e-09  1.088755140754e-01 
 6.732800000000e-09  2.572129591839e-01 
 6.742800000000e-09  3.763487758263e-01 
 6.752800000000e-09  4.487706043201e-01 
 6.762800000000e-09  4.661393702260e-01 
 6.772800000000e-09  4.288108423682e-01 
 6.782800000000e-09  3.435657476121e-01 
 6.792800000000e-09  2.218724514407e-01 
 6.802800000000e-09  7.652820404042e-02 
 6.812800000000e-09 -8.006677516018e-02 
 6.822800000000e-09 -2.315274381354e-01 
 6.832800000000e-09 -3.575266167330e-01 
 6.842800000000e-09 -4.394907555382e-01 
 6.852800000000e-09 -4.671569767790e-01 
 6.862800000000e-09 -4.395472727422e-01 
 6.872800000000e-09 -3.623461537229e-01 
 6.882800000000e-09 -2.463597972847e-01 
 6.892800000000e-09 -1.044752954241e-01 
 6.902800000000e-09  5.111247941534e-02 
 6.912800000000e-09  2.049933938606e-01 
 6.922800000000e-09  3.372071030454e-01 
 6.932800000000e-09  4.283611024003e-01 
 6.942800000000e-09  4.662932003498e-01 
 6.952800000000e-09  4.485928797779e-01 
 6.962800000000e-09  3.798071803229e-01 
 6.972800000000e-09  2.699844479891e-01 
 6.982800000000e-09  1.319522763755e-01 
 6.992800000000e-09 -2.211825768049e-02 
 7.002800000000e-09 -1.777285493674e-01 
 7.012800000000e-09 -3.154805871466e-01 
 7.022800000000e-09 -4.153978426461e-01 
 7.032800000000e-09 -4.635277470636e-01 
 7.042800000000e-09 -4.558978174716e-01 
 7.052800000000e-09 -3.958813975970e-01 
 7.062800000000e-09 -2.926776588635e-01 
 7.072800000000e-09 -1.588921608338e-01 
 7.082800000000e-09 -6.818992074731e-03 
 7.092800000000e-09  1.498469467799e-01 
 7.102800000000e-09  2.924444604353e-01 
 7.112800000000e-09  4.006349935392e-01 
 7.122800000000e-09  4.588505696690e-01 
 7.132800000000e-09  4.614151131408e-01 
 7.142800000000e-09  4.104944969489e-01 
 7.152800000000e-09  3.143505452335e-01 
 7.162800000000e-09  1.852154073799e-01 
 7.172800000000e-09  3.559332819139e-02 
 7.182800000000e-09 -1.214798600310e-01 
 7.192800000000e-09 -2.682200589043e-01 
 7.202800000000e-09 -3.841399792156e-01 
 7.212800000000e-09 -4.522703777525e-01 
 7.222800000000e-09 -4.651063066288e-01 
 7.232800000000e-09 -4.235679157879e-01 
 7.242800000000e-09 -3.349026295174e-01 
 7.252800000000e-09 -2.108378345879e-01 
 7.262800000000e-09 -6.409476042831e-02 
 7.272800000000e-09  9.277427455205e-02 
 7.282800000000e-09  2.429490341511e-01 
 7.292800000000e-09  3.660063434554e-01 
 7.302800000000e-09  4.438096778970e-01 
 7.312800000000e-09  4.669448458682e-01 
 7.322800000000e-09  4.350311631073e-01 
 7.332800000000e-09  3.542414548420e-01 
 7.342800000000e-09  2.356857258902e-01 
 7.352800000000e-09  9.222818812063e-02 
 7.362800000000e-09 -6.386941382268e-02 
 7.372800000000e-09 -2.167724197780e-01 
 7.382800000000e-09 -3.463337140294e-01 
 7.392800000000e-09 -4.334915194611e-01 
 7.402800000000e-09 -4.669109667650e-01 
 7.412800000000e-09 -4.448265680591e-01 
 7.422800000000e-09 -3.722909186448e-01 
 7.432800000000e-09 -2.596973849828e-01 
 7.442800000000e-09 -1.199198876848e-01 
 7.452800000000e-09  3.488060379119e-02 
 7.462800000000e-09  1.898150550509e-01 
 7.472800000000e-09  3.252148017562e-01 
 7.482800000000e-09  4.213320616040e-01 
 7.492800000000e-09  4.649840473162e-01 
 7.502800000000e-09  4.529032071645e-01 
 7.512800000000e-09  3.889837985806e-01 
 7.522800000000e-09  2.828100760486e-01 
 7.532800000000e-09  1.471051567313e-01 
 7.542800000000e-09 -5.905788451641e-03 
 7.552800000000e-09 -1.621897577154e-01 
 7.562800000000e-09 -3.027413333225e-01 
 7.572800000000e-09 -4.073545834630e-01 
 7.582800000000e-09 -4.611479120550e-01 
 7.592800000000e-09 -4.592122865382e-01 
 7.602800000000e-09 -4.042493542253e-01 
 7.612800000000e-09 -3.049440053781e-01 
 7.622800000000e-09 -1.737102761827e-01 
 7.632800000000e-09 -2.295410741130e-02 
 7.642800000000e-09  1.340184982876e-01 
 7.652800000000e-09  2.790229526124e-01 
 7.662800000000e-09  3.916111781660e-01 
 7.672800000000e-09  4.554027047078e-01 
 7.682800000000e-09  4.637108509131e-01 
 7.692800000000e-09  4.180096334875e-01 
 7.702800000000e-09  3.260015086541e-01 
 7.712800000000e-09  1.996510788661e-01 
 7.722800000000e-09  5.158874628176e-02 
 7.732800000000e-09 -1.054434827067e-01 
 7.742800000000e-09 -2.541943696747e-01 
 7.752800000000e-09 -3.741860832925e-01 
 7.762800000000e-09 -4.477662771370e-01 
 7.772800000000e-09 -4.663671745632e-01 
 7.782800000000e-09 -4.301891686799e-01 
 7.792800000000e-09 -3.458845361593e-01 
 7.802800000000e-09 -2.248479779279e-01 
 7.812800000000e-09 -7.989444561030e-02 
 7.822800000000e-09  7.661044819427e-02 
 7.832800000000e-09  2.283996340787e-01 
 7.842800000000e-09  3.551786552741e-01 
 7.852800000000e-09  4.382629709964e-01 
 7.862800000000e-09  4.671595886124e-01 
 7.872800000000e-09  4.407250786944e-01 
 7.882800000000e-09  3.645099833832e-01 
 7.892800000000e-09  2.492349823541e-01 
 7.902800000000e-09  1.077887063776e-01 
 7.912800000000e-09 -4.764576913306e-02 
 7.922800000000e-09 -2.017715007180e-01 
 7.932800000000e-09 -3.346851704590e-01 
 7.942800000000e-09 -4.269120117885e-01 
 7.952800000000e-09 -4.660683561484e-01 
 7.962800000000e-09 -4.495642097390e-01 
 7.972800000000e-09 -3.818081365487e-01 
 7.982800000000e-09 -2.727518687828e-01 
 7.992800000000e-09 -1.352051491374e-01 
 8.002800000000e-09  1.865289412091e-02 
 8.012800000000e-09  1.744261222418e-01 
 8.022800000000e-09  3.127957462492e-01 
 8.032800000000e-09  4.137302633505e-01 
 8.042800000000e-09  4.630735871382e-01 
 8.052800000000e-09  4.566569471963e-01 
 8.062800000000e-09  3.977111136962e-01 
 8.072800000000e-09  2.953277897973e-01 
 8.082800000000e-09  1.620756382469e-01 
 8.092800000000e-09  1.027087109614e-02 
 8.102800000000e-09 -1.464786514682e-01 
 8.112800000000e-09 -2.896099464394e-01 
 8.122800000000e-09 -3.987553040945e-01 
 8.132800000000e-09 -4.581672509224e-01 
 8.142800000000e-09 -4.619569854829e-01 
 8.152800000000e-09 -4.121436608045e-01 
 8.162800000000e-09 -3.168716076148e-01 
 8.172800000000e-09 -1.883193242362e-01 
 8.182800000000e-09 -3.901840342412e-02 
 8.192800000000e-09  1.180628743033e-01 
 8.202800000000e-09  2.652521762797e-01 
 8.212800000000e-09  3.820584688976e-01 
 8.222800000000e-09  4.513602210452e-01 
 8.232800000000e-09  4.654272465411e-01 
 8.242800000000e-09  4.250275350206e-01 
 8.252800000000e-09  3.372829060362e-01 
 8.262800000000e-09  2.138526186646e-01 
 8.272800000000e-09  6.748044903732e-02 
 8.282800000000e-09 -8.932628175886e-02 
 8.292800000000e-09 -2.398652595254e-01 
 8.302800000000e-09 -3.637351186877e-01 
 8.312800000000e-09 -4.426757669580e-01 
 8.322800000000e-09 -4.670423802353e-01 
 8.332800000000e-09 -4.362937634922e-01 
 8.342800000000e-09 -3.564709899780e-01 
 8.352800000000e-09 -2.386034946393e-01 
 8.362800000000e-09 -9.556461227688e-02 
 8.372800000000e-09  6.040561768939e-02 
 8.382800000000e-09  2.135887528921e-01 
 8.392800000000e-09  3.438844064061e-01 
 8.402800000000e-09  4.321362182439e-01 
 8.412800000000e-09  4.667828230399e-01 
 8.422800000000e-09  4.458859065923e-01 
 8.432800000000e-09  3.743614810128e-01 
 8.442800000000e-09  2.625110399304e-01 
 8.452800000000e-09  1.231991934459e-01 
 8.462800000000e-09 -3.141332836176e-02 
 8.472800000000e-09 -1.865453724565e-01 
 8.482800000000e-09 -3.225981838833e-01 
 8.492800000000e-09 -4.197573766172e-01 
 8.502800000000e-09 -4.646278670751e-01 
 8.512800000000e-09 -4.537533771013e-01 
 8.522800000000e-09 -3.908873362835e-01 
 8.532800000000e-09 -2.855111935026e-01 
 8.542800000000e-09 -1.503192327948e-01 
 8.552800000000e-09  2.446620549646e-03 
 8.562800000000e-09  1.588477718080e-01 
 8.572800000000e-09  2.999692839706e-01 
 8.582800000000e-09  4.055649742624e-01 
 8.592800000000e-09  4.605627353248e-01 
 8.602800000000e-09  4.598477658529e-01 
 8.612800000000e-09  4.059768711350e-01 
 8.622800000000e-09  3.075216336716e-01 
 8.632800000000e-09  1.768493766056e-01 
 8.642800000000e-09  2.639226876137e-02 
 8.652800000000e-09 -1.306202913814e-01 
 8.662800000000e-09 -2.761104470011e-01 
 8.672800000000e-09 -3.896152928553e-01 
 8.682800000000e-09 -4.545899197697e-01 
 8.692800000000e-09 -4.641272251816e-01 
 8.702800000000e-09 -4.195517192477e-01 
 8.712800000000e-09 -3.284435355162e-01 
 8.722800000000e-09 -2.027051109507e-01 
 8.732800000000e-09 -5.499269092665e-02 
 8.742800000000e-09  1.020068804772e-01 
 8.752800000000e-09  2.511586625377e-01 
 8.762800000000e-09  3.719954877071e-01 
 8.772800000000e-09  4.467287871195e-01 
 8.782800000000e-09  4.665614797148e-01 
 8.792800000000e-09  4.315375750702e-01 
 8.802800000000e-09  3.481800715846e-01 
 8.812800000000e-09  2.278083271705e-01 
 8.822800000000e-09  8.325310617099e-02 
 8.832800000000e-09 -7.315188985292e-02 
 8.842800000000e-09 -2.252575133226e-01 
 8.852800000000e-09 -3.528053013275e-01 
 8.862800000000e-09 -4.370036309242e-01 
 8.872800000000e-09 -4.671296042930e-01 
 8.882800000000e-09 -4.418730151979e-01 
 8.892800000000e-09 -3.666501242001e-01 
 8.902800000000e-09 -2.520943676175e-01 
 8.912800000000e-09 -1.110935085321e-01 
 8.922800000000e-09  4.417871459944e-02 
 8.932800000000e-09  1.985376490545e-01 
 8.942800000000e-09  3.321400118530e-01 
 8.952800000000e-09  4.254323848273e-01 
 8.962800000000e-09  4.658114521284e-01 
 8.972800000000e-09  4.505058251748e-01 
 8.982800000000e-09  3.837850475339e-01 
 8.992800000000e-09  2.755028115840e-01 
 9.002800000000e-09  1.384484850895e-01 
 9.012800000000e-09 -1.518882608340e-02 
 9.022800000000e-09 -1.711139039340e-01 
 9.032800000000e-09 -3.100898318827e-01 
 9.042800000000e-09 -4.120335065670e-01 
 9.052800000000e-09 -4.625880735247e-01 
 9.062800000000e-09 -4.573864220574e-01 
 9.072800000000e-09 -3.995162495300e-01 
 9.082800000000e-09 -2.979604410272e-01 
 9.092800000000e-09 -1.652484842084e-01 
 9.102800000000e-09 -1.371973592415e-02 
 9.112800000000e-09  1.431029022236e-01 
 9.122800000000e-09  2.867567511426e-01 
 9.132800000000e-09  3.968481701999e-01 
 9.142800000000e-09  4.574534484043e-01 
 9.152800000000e-09  4.624693002915e-01 
 9.162800000000e-09  4.137675963430e-01 
 9.172800000000e-09  3.193740486042e-01 
 9.182800000000e-09  1.914114742186e-01 
 9.192800000000e-09  4.243871031803e-02 
 9.202800000000e-09 -1.146409422393e-01 
 9.212800000000e-09 -2.622682044140e-01 
 9.222800000000e-09 -3.799515015713e-01 
 9.232800000000e-09 -4.504205267096e-01 
 9.242800000000e-09 -4.657188005690e-01 
 9.252800000000e-09 -4.264613348633e-01 
 9.262800000000e-09 -3.396434703513e-01 
 9.272800000000e-09 -2.168546936731e-01 
 9.282800000000e-09 -7.085999741226e-02 
 9.292800000000e-09  8.587554281985e-02 
 9.302800000000e-09  2.367677893328e-01 
 9.312800000000e-09  3.614403455969e-01 
 9.322800000000e-09  4.415131479677e-01 
 9.332800000000e-09  4.671107355444e-01 
 9.342800000000e-09  4.375301467366e-01 
 9.352800000000e-09  3.586800418314e-01 
 9.362800000000e-09  2.415078352591e-01 
 9.372800000000e-09  9.889387274551e-02 
 9.382800000000e-09 -5.694083854240e-02 
 9.392800000000e-09 -2.103934380301e-01 
 9.402800000000e-09 -3.414132437063e-01 
 9.412800000000e-09 -4.307528404025e-01 
 9.422800000000e-09 -4.666256021170e-01 
 9.432800000000e-09 -4.469186482011e-01 
 9.442800000000e-09 -3.764108599789e-01 
 9.452800000000e-09 -2.653104964456e-01 
 9.462800000000e-09 -1.264704366471e-01 
 9.472800000000e-09  2.794654943971e-02 
 9.482800000000e-09  1.832658548490e-01 
 9.492800000000e-09  3.199613256534e-01 
 9.502800000000e-09  4.181552998429e-01 
 9.512800000000e-09  4.642427218900e-01 
 9.522800000000e-09  4.545765479373e-01 
 9.532800000000e-09  3.927688880190e-01 
 9.542800000000e-09  2.881970565266e-01 
 9.552800000000e-09  1.535241908640e-01 
 9.562800000000e-09  1.010514555334e-03 
 9.572800000000e-09 -1.554978946138e-01 
 9.582800000000e-09 -2.971788529296e-01 
 9.592800000000e-09 -4.037490681099e-01 
 9.602800000000e-09 -4.599489201428e-01 
 9.612800000000e-09 -4.604558975236e-01 
 9.622800000000e-09 -4.076814625004e-01 
 9.632800000000e-09 -3.100826868130e-01 
 9.642800000000e-09 -1.799781640248e-01 
 9.652800000000e-09 -2.982673933707e-02 
 9.662800000000e-09  1.272164142427e-01 
 9.672800000000e-09  2.731817461124e-01 
 9.682800000000e-09  3.875946215849e-01 
 9.692800000000e-09  4.537490349267e-01 
 9.702800000000e-09  4.645160446151e-01 
 9.712800000000e-09  4.210699802684e-01 
 9.722800000000e-09  3.308676876178e-01 
 9.732800000000e-09  2.057477564197e-01 
 9.742800000000e-09  5.839147455968e-02 
 9.752800000000e-09 -9.856677852469e-02 
 9.762800000000e-09 -2.481089824937e-01 
 9.772800000000e-09 -3.697817427116e-01 
 9.782800000000e-09 -4.456637648488e-01 
 9.792800000000e-09 -4.667281442106e-01 
 9.802800000000e-09 -4.328614598957e-01 
 9.812800000000e-09 -3.504567162422e-01 
 9.822800000000e-09 -2.307564420254e-01 
 9.832800000000e-09 -8.660545959064e-02 
 9.842800000000e-09  6.969166880913e-02 
 9.852800000000e-09  2.221034171140e-01 
 9.862800000000e-09  3.504103218299e-01 
 9.872800000000e-09  4.357170620653e-01 
 9.882800000000e-09  4.670718173741e-01 
 9.892800000000e-09  4.429959580462e-01 
 9.902800000000e-09  3.687706068624e-01 
 9.912800000000e-09  2.549408184496e-01 
 9.922800000000e-09  1.143911656034e-01 
 9.932800000000e-09 -4.071142777148e-02 
 9.942800000000e-09 -1.952935266958e-01 
 9.952800000000e-09 -3.295746490754e-01 
 9.962800000000e-09 -4.239260771465e-01 
 9.972800000000e-09 -4.655267110797e-01 
 9.982800000000e-09 -4.514218141568e-01 
 9.992800000000e-09 -3.857414059983e-01 
 1.000000000000e-08 -3.114414936136e-01 
