 1.628000000000e-10  2.217934647656e-02 
 1.728000000000e-10  1.163647204312e-02 
 1.828000000000e-10 -6.820304839101e-04 
 1.928000000000e-10 -1.336729281659e-02 
 2.028000000000e-10 -2.490471071163e-02 
 2.128000000000e-10 -3.385128088633e-02 
 2.228000000000e-10 -3.902623401863e-02 
 2.328000000000e-10 -3.967248280516e-02 
 2.428000000000e-10 -3.557001108227e-02 
 2.528000000000e-10 -2.707038609397e-02 
 2.628000000000e-10 -1.506254639861e-02 
 2.728000000000e-10 -8.702134498597e-04 
 2.828000000000e-10  1.388894056462e-02 
 2.928000000000e-10  2.748172983670e-02 
 3.028000000000e-10  3.825231168184e-02 
 3.128000000000e-10  4.482249319156e-02 
 3.228000000000e-10  4.626436205412e-02 
 3.328000000000e-10  4.223200582297e-02 
 3.428000000000e-10  3.301779989957e-02 
 3.528000000000e-10  1.953797584705e-02 
 3.628000000000e-10  3.246333595269e-03 
 3.728000000000e-10 -1.401132467553e-02 
 3.828000000000e-10 -3.019695249905e-02 
 3.928000000000e-10 -4.331445741521e-02 
 4.028000000000e-10 -5.166415222421e-02 
 4.128000000000e-10 -5.407356998955e-02 
 4.228000000000e-10 -5.006779029916e-02 
 4.328000000000e-10 -3.993919494103e-02 
 4.428000000000e-10 -2.471790673356e-02 
 4.528000000000e-10 -6.055616549485e-03 
 4.628000000000e-10  1.394677655489e-02 
 4.728000000000e-10  3.295977424720e-02 
 4.828000000000e-10  4.868001196803e-02 
 4.928000000000e-10  5.910792501163e-02 
 5.028000000000e-10  6.280835463965e-02 
 5.128000000000e-10  5.911408662396e-02 
 5.228000000000e-10  4.822830714704e-02 
 5.328000000000e-10  3.121668421729e-02 
 5.428000000000e-10  9.897236687147e-03 
 5.528000000000e-10 -1.334302563833e-02 
 5.628000000000e-10 -3.579376350711e-02 
 5.728000000000e-10 -5.471896956254e-02 
 5.828000000000e-10 -6.769556184653e-02 
 5.928000000000e-10 -7.294556209399e-02 
 6.028000000000e-10 -6.959800636059e-02 
 6.128000000000e-10 -5.781500338840e-02 
 6.228000000000e-10 -3.876841092715e-02 
 6.328000000000e-10 -1.449737666240e-02 
 6.428000000000e-10  1.230319820618e-02 
 6.528000000000e-10  3.854722501542e-02 
 6.628000000000e-10  6.107749189054e-02 
 6.728000000000e-10  7.704053171626e-02 
 6.828000000000e-10  8.427155802205e-02 
 6.928000000000e-10  8.161564161076e-02 
 7.028000000000e-10  6.910303681658e-02 
 7.128000000000e-10  4.794666341804e-02 
 7.228000000000e-10  2.039126179635e-02 
 7.328000000000e-10 -1.052085478128e-02 
 7.428000000000e-10 -4.123974354141e-02 
 7.528000000000e-10 -6.806551941117e-02 
 7.628000000000e-10 -8.758792558512e-02 
 7.728000000000e-10 -9.716330549726e-02 
 7.828000000000e-10 -9.532607565629e-02 
 7.928000000000e-10 -8.201062530083e-02 
 8.028000000000e-10 -5.853231004247e-02 
 8.128000000000e-10 -2.738760329417e-02 
 8.228000000000e-10  8.017306359939e-03 
 8.328000000000e-10  4.366957761120e-02 
 8.428000000000e-10  7.532179490942e-02 
 8.528000000000e-10  9.897480961113e-02 
 8.628000000000e-10  1.114349834277e-01 
 8.728000000000e-10  1.108262212667e-01 
 8.828000000000e-10  9.689455908307e-02 
 8.928000000000e-10  7.100946708280e-02 
 9.028000000000e-10  3.592354687029e-02 
 9.128000000000e-10 -4.547669257487e-03 
 9.228000000000e-10 -4.584992944469e-02 
 9.328000000000e-10 -8.307901543085e-02 
 9.428000000000e-10 -1.115207270055e-01 
 9.528000000000e-10 -1.273235471134e-01 
 9.628000000000e-10 -1.281536071744e-01 
 9.728000000000e-10 -1.135937903417e-01 
 9.828000000000e-10 -8.512960024253e-02 
 9.928000000000e-10 -4.581673086780e-02 
 1.002800000000e-09  1.088157727442e-04 
 1.012800000000e-09  4.755741185007e-02 
 1.022800000000e-09  9.096000983068e-02 
 1.032800000000e-09  1.248415515107e-01 
 1.042800000000e-09  1.445990591466e-01 
 1.052800000000e-09  1.473169481042e-01 
 1.062800000000e-09  1.323198183123e-01 
 1.072800000000e-09  1.011890742071e-01 
 1.082800000000e-09  5.731955190421e-02 
 1.092800000000e-09  5.418762887766e-03 
 1.102800000000e-09 -4.883223287332e-02 
 1.112800000000e-09 -9.912010136287e-02 
 1.122800000000e-09 -1.390986121275e-01 
 1.132800000000e-09 -1.632965577611e-01 
 1.142800000000e-09 -1.681446318858e-01 
 1.152800000000e-09 -1.527239470827e-01 
 1.162800000000e-09 -1.187896688145e-01 
 1.172800000000e-09 -7.013979532305e-02 
 1.182800000000e-09 -1.196162042447e-02 
 1.192800000000e-09  4.949611880229e-02 
 1.202800000000e-09  1.071861124431e-01 
 1.212800000000e-09  1.538568773102e-01 
 1.222800000000e-09  1.830734798535e-01 
 1.232800000000e-09  1.904665261021e-01 
 1.242800000000e-09  1.747675016971e-01 
 1.252800000000e-09  1.379253497275e-01 
 1.262800000000e-09  8.423092119640e-02 
 1.272800000000e-09  1.941129099757e-02 
 1.282800000000e-09 -4.969697974698e-02 
 1.292800000000e-09 -1.152847656296e-01 
 1.302800000000e-09 -1.691300531412e-01 
 1.312800000000e-09 -2.037378677786e-01 
 1.322800000000e-09 -2.138476488554e-01 
 1.332800000000e-09 -1.978387294656e-01 
 1.342800000000e-09 -1.579594112185e-01 
 1.352800000000e-09 -9.909255948418e-02 
 1.362800000000e-09 -2.751514244959e-02 
 1.372800000000e-09  4.939812605218e-02 
 1.382800000000e-09  1.231232575856e-01 
 1.392800000000e-09  1.844776774962e-01 
 1.402800000000e-09  2.248520254223e-01 
 1.412800000000e-09  2.379394489969e-01 
 1.422800000000e-09  2.216377617718e-01 
 1.432800000000e-09  1.785621252389e-01 
 1.442800000000e-09  1.143451164878e-01 
 1.452800000000e-09  3.588165093317e-02 
 1.462800000000e-09 -4.893586039769e-02 
 1.472800000000e-09 -1.308990844580e-01 
 1.482800000000e-09 -1.998684381525e-01 
 1.492800000000e-09 -2.460897582817e-01 
 1.502800000000e-09 -2.621239475577e-01 
 1.512800000000e-09 -2.453667770341e-01 
 1.522800000000e-09 -1.989316103544e-01 
 1.532800000000e-09 -1.293327200354e-01 
 1.542800000000e-09 -4.408969705036e-02 
 1.552800000000e-09  4.845796792914e-02 
 1.562800000000e-09  1.384941494914e-01 
 1.572800000000e-09  2.149891325289e-01 
 1.582800000000e-09  2.670677066439e-01 
 1.592800000000e-09  2.860171172164e-01 
 1.602800000000e-09  2.686061283670e-01 
 1.612800000000e-09  2.185631255471e-01 
 1.622800000000e-09  1.434862968761e-01 
 1.632800000000e-09  5.156985952158e-02 
 1.642800000000e-09 -4.845422269372e-02 
 1.652800000000e-09 -1.462253161126e-01 
 1.662800000000e-09 -2.298859652837e-01 
 1.672800000000e-09 -2.874841832402e-01 
 1.682800000000e-09 -3.089775109379e-01 
 1.692800000000e-09 -2.905457276301e-01 
 1.702800000000e-09 -2.366829747618e-01 
 1.712800000000e-09 -1.561857240877e-01 
 1.722800000000e-09 -5.789374817820e-02 
 1.732800000000e-09  4.915122257975e-02 
 1.742800000000e-09  1.541176051338e-01 
 1.752800000000e-09  2.444213942008e-01 
 1.762800000000e-09  3.071038361268e-01 
 1.772800000000e-09  3.306908338396e-01 
 1.782800000000e-09  3.107941270686e-01 
 1.792800000000e-09  2.528145667422e-01 
 1.802800000000e-09  1.669064638403e-01 
 1.812800000000e-09  6.254452878449e-02 
 1.822800000000e-09 -5.100134818457e-02 
 1.832800000000e-09 -1.624798346974e-01 
 1.842800000000e-09 -2.586718573062e-01 
 1.852800000000e-09 -3.256703562133e-01 
 1.862800000000e-09 -3.505948222595e-01 
 1.872800000000e-09 -3.287209500655e-01 
 1.882800000000e-09 -2.664517541802e-01 
 1.892800000000e-09 -1.753043940178e-01 
 1.902800000000e-09 -6.531257427701e-02 
 1.912800000000e-09  5.410887262511e-02 
 1.922800000000e-09  1.713247495320e-01 
 1.932800000000e-09  2.725898457609e-01 
 1.942800000000e-09  3.430836183491e-01 
 1.952800000000e-09  3.685398205405e-01 
 1.962800000000e-09  3.441527151391e-01 
 1.972800000000e-09  2.773927715755e-01 
 1.982800000000e-09  1.811533043183e-01 
 1.992800000000e-09  6.596443426006e-02 
 2.002800000000e-09 -5.869304203799e-02 
 2.012800000000e-09 -1.808140765827e-01 
 2.022800000000e-09 -2.862218681306e-01 
 2.032800000000e-09 -3.591846213756e-01 
 2.042800000000e-09 -3.842389005690e-01 
 2.052800000000e-09 -3.568475914248e-01 
 2.062800000000e-09 -2.855546335522e-01 
 2.072800000000e-09 -1.844938588389e-01 
 2.082800000000e-09 -6.458563615267e-02 
 2.092800000000e-09  6.466831935372e-02 
 2.102800000000e-09  1.908933184654e-01 
 2.112800000000e-09  2.995676262466e-01 
 2.122800000000e-09  3.740054945445e-01 
 2.132800000000e-09  3.977729893800e-01 
 2.142800000000e-09  3.669040105526e-01 
 2.152800000000e-09  2.910208974716e-01 
 2.162800000000e-09  1.853923155393e-01 
 2.172800000000e-09  6.121583851785e-02 
 2.182800000000e-09 -7.202052220690e-02 
 2.192800000000e-09 -2.015630387680e-01 
 2.202800000000e-09 -3.126076666252e-01 
 2.212800000000e-09 -3.874767711640e-01 
 2.222800000000e-09 -4.091225058214e-01 
 2.232800000000e-09 -3.743926682077e-01 
 2.242800000000e-09 -2.939772131335e-01 
 2.252800000000e-09 -1.840948685926e-01 
 2.262800000000e-09 -5.608650607562e-02 
 2.272800000000e-09  8.056657902090e-02 
 2.282800000000e-09  2.127311060629e-01 
 2.292800000000e-09  3.253587683167e-01 
 2.302800000000e-09  3.997022011755e-01 
 2.312800000000e-09  4.184764042722e-01 
 2.322800000000e-09  3.795289444136e-01 
 2.332800000000e-09  2.946290825668e-01 
 2.342800000000e-09  1.807884348820e-01 
 2.352800000000e-09  4.934573693693e-02 
 2.362800000000e-09 -9.019481981628e-02 
 2.372800000000e-09 -2.243181739917e-01 
 2.382800000000e-09 -3.377485452971e-01 
 2.392800000000e-09 -4.106549485381e-01 
 2.402800000000e-09 -4.259228196750e-01 
 2.412800000000e-09 -3.825096381144e-01 
 2.422800000000e-09 -2.932506745802e-01 
 2.432800000000e-09 -1.757612700708e-01 
 2.442800000000e-09 -4.124772986452e-02 
 2.452800000000e-09  1.007043028726e-01 
 2.462800000000e-09  2.362159216737e-01 
 2.472800000000e-09  3.497669950127e-01 
 2.482800000000e-09  4.204290092161e-01 
 2.492800000000e-09  4.316417792550e-01 
 2.502800000000e-09  3.835520970708e-01 
 2.512800000000e-09  2.900640517314e-01 
 2.522800000000e-09  1.692185281686e-01 
 2.532800000000e-09  3.196701450151e-02 
 2.542800000000e-09 -1.119509521273e-01 
 2.552800000000e-09 -2.483264909309e-01 
 2.562800000000e-09 -3.613351247047e-01 
 2.572800000000e-09 -4.290248566933e-01 
 2.582800000000e-09 -4.357517615867e-01 
 2.592800000000e-09 -3.828675627186e-01 
 2.602800000000e-09 -2.853252200306e-01 
 2.612800000000e-09 -1.614013438142e-01 
 2.622800000000e-09 -2.170862641122e-02 
 2.632800000000e-09  1.237754843635e-01 
 2.642800000000e-09  2.605555842314e-01 
 2.652800000000e-09  3.724334254459e-01 
 2.662800000000e-09  4.365367417460e-01 
 2.672800000000e-09  4.384054926457e-01 
 2.682800000000e-09  3.806458521450e-01 
 2.692800000000e-09  2.792339150175e-01 
 2.702800000000e-09  1.524859769085e-01 
 2.712800000000e-09  1.062189976232e-02 
 2.722800000000e-09 -1.360546856551e-01 
 2.732800000000e-09 -2.728175785849e-01 
 2.742800000000e-09 -3.830014180858e-01 
 2.752800000000e-09 -4.429949462423e-01 
 2.762800000000e-09 -4.397404082373e-01 
 2.772800000000e-09 -3.770850802524e-01 
 2.782800000000e-09 -2.719920367545e-01 
 2.792800000000e-09 -1.426481612630e-01 
 2.802800000000e-09  1.145321380295e-03 
 2.812800000000e-09  1.486842131000e-01 
 2.822800000000e-09  2.850650878238e-01 
 2.832800000000e-09  3.930285538722e-01 
 2.842800000000e-09  4.484641076168e-01 
 2.852800000000e-09  4.398587861976e-01 
 2.862800000000e-09  3.723246912824e-01 
 2.872800000000e-09  2.637564547098e-01 
 2.882800000000e-09  1.320219947355e-01 
 2.892800000000e-09 -1.347612447382e-02 
 2.902800000000e-09 -1.615688641418e-01 
 2.912800000000e-09 -2.972266565262e-01 
 2.922800000000e-09 -4.024724885765e-01 
 2.932800000000e-09 -4.529854098350e-01 
 2.942800000000e-09 -4.388751202262e-01 
 2.952800000000e-09 -3.665236776640e-01 
 2.962800000000e-09 -2.546806611777e-01 
 2.972800000000e-09 -1.207332800698e-01 
 2.982800000000e-09  2.626497515425e-02 
 2.992800000000e-09  1.746340545360e-01 
 3.002800000000e-09  3.092596098386e-01 
 3.012800000000e-09  4.113221562761e-01 
 3.022800000000e-09  4.566053979079e-01 
 3.032800000000e-09  4.368766947185e-01 
 3.042800000000e-09  3.597979728362e-01 
 3.052800000000e-09  2.448803650949e-01 
 3.062800000000e-09  1.088834990272e-01 
 3.072800000000e-09 -3.941641174713e-02 
 3.082800000000e-09 -1.878041346076e-01 
 3.092800000000e-09 -3.211024578312e-01 
 3.102800000000e-09 -4.195483303783e-01 
 3.112800000000e-09 -4.593603656866e-01 
 3.122800000000e-09 -4.339529405851e-01 
 3.132800000000e-09 -3.522710036689e-01 
 3.142800000000e-09 -2.344690524897e-01 
 3.152800000000e-09 -9.656181211633e-02 
 3.162800000000e-09  5.285543446168e-02 
 3.172800000000e-09  2.010267800327e-01 
 3.182800000000e-09  3.327178014349e-01 
 3.192800000000e-09  4.271363445533e-01 
 3.202800000000e-09  4.612731832885e-01 
 3.212800000000e-09  4.301616719313e-01 
 3.222800000000e-09  3.440275413633e-01 
 3.232800000000e-09  2.235293343984e-01 
 3.242800000000e-09  8.384403010699e-02 
 3.252800000000e-09 -6.650467844090e-02 
 3.262800000000e-09 -2.142384664606e-01 
 3.272800000000e-09 -3.440450680838e-01 
 3.282800000000e-09 -4.340740891873e-01 
 3.292800000000e-09 -4.623869182216e-01 
 3.302800000000e-09 -4.255800126368e-01 
 3.312800000000e-09 -3.351613750668e-01 
 3.322800000000e-09 -2.121358247561e-01 
 3.332800000000e-09 -7.078895962278e-02 
 3.342800000000e-09  8.031157982692e-02 
 3.352800000000e-09  2.274059614002e-01 
 3.362800000000e-09  3.550436914053e-01 
 3.372800000000e-09  4.403374374728e-01 
 3.382800000000e-09  4.627107607806e-01 
 3.392800000000e-09  4.202523354505e-01 
 3.402800000000e-09  3.257499054360e-01 
 3.412800000000e-09  2.003675992895e-01 
 3.422800000000e-09  5.747111764647e-02 
 3.432800000000e-09 -9.420361638341e-02 
 3.442800000000e-09 -2.404783871943e-01 
 3.452800000000e-09 -3.656907316478e-01 
 3.462800000000e-09 -4.459653761780e-01 
 3.472800000000e-09 -4.623042690128e-01 
 3.482800000000e-09 -4.142544801820e-01 
 3.492800000000e-09 -3.158521502885e-01 
 3.502800000000e-09 -1.882480143200e-01 
 3.512800000000e-09 -4.390275280853e-02 
 3.522800000000e-09  1.081708131033e-01 
 3.532800000000e-09  2.534364088689e-01 
 3.542800000000e-09  3.759321089488e-01 
 3.552800000000e-09  4.509369640722e-01 
 3.562800000000e-09  4.611775938841e-01 
 3.572800000000e-09  4.076238079063e-01 
 3.582800000000e-09  3.055237263797e-01 
 3.592800000000e-09  1.758278674868e-01 
 3.602800000000e-09  3.013467598548e-02 
 3.612800000000e-09 -1.221641067345e-01 
 3.622800000000e-09 -2.662482199848e-01 
 3.632800000000e-09 -3.857393242932e-01 
 3.642800000000e-09 -4.552560071830e-01 
 3.652800000000e-09 -4.593572867049e-01 
 3.662800000000e-09 -4.004050309646e-01 
 3.672800000000e-09 -2.948100379547e-01 
 3.682800000000e-09 -1.631390917255e-01 
 3.692800000000e-09 -1.619672723201e-02 
 3.702800000000e-09  1.361530103621e-01 
 3.712800000000e-09  2.788846488941e-01 
 3.722800000000e-09  3.950809973261e-01 
 3.732800000000e-09  4.589258420469e-01 
 3.742800000000e-09  4.568647155837e-01 
 3.752800000000e-09  3.926400302349e-01 
 3.762800000000e-09  2.837557829131e-01 
 3.772800000000e-09  1.502140618187e-01 
 3.782800000000e-09  2.125275110198e-03 
 3.792800000000e-09 -1.501109052952e-01 
 3.802800000000e-09 -2.913302554945e-01 
 3.812800000000e-09 -4.039333349427e-01 
 3.822800000000e-09 -4.619542619922e-01 
 3.832800000000e-09 -4.537388632100e-01 
 3.842800000000e-09 -3.843778747368e-01 
 3.852800000000e-09 -2.723873409233e-01 
 3.862800000000e-09 -1.370679542787e-01 
 3.872800000000e-09  1.206482193484e-02 
 3.882800000000e-09  1.640255277610e-01 
 3.892800000000e-09  3.035681407957e-01 
 3.902800000000e-09  4.122787999834e-01 
 3.912800000000e-09  4.643470282221e-01 
 3.922800000000e-09  4.499877147969e-01 
 3.932800000000e-09  3.756448413801e-01 
 3.942800000000e-09  2.607374626715e-01 
 3.952800000000e-09  1.237237381132e-01 
 3.962800000000e-09 -2.634591206052e-02 
 3.972800000000e-09 -1.778743058234e-01 
 3.982800000000e-09 -3.155731222033e-01 
 3.992800000000e-09 -4.200961430822e-01 
 4.002800000000e-09 -4.661067030273e-01 
 4.012800000000e-09 -4.456362202981e-01 
 4.022800000000e-09 -3.664792751023e-01 
 4.032800000000e-09 -2.488300085341e-01 
 4.042800000000e-09 -1.102017732806e-01 
 4.052800000000e-09  4.068955384344e-02 
 4.062800000000e-09  1.916333903216e-01 
 4.072800000000e-09  3.273131729096e-01 
 4.082800000000e-09  4.273572433537e-01 
 4.092800000000e-09  4.672252865073e-01 
 4.102800000000e-09  4.407006726573e-01 
 4.112800000000e-09  3.569174824618e-01 
 4.122800000000e-09  2.366943925812e-01 
 4.132800000000e-09  9.652584816758e-02 
 4.142800000000e-09 -5.506754395423e-02 
 4.152800000000e-09 -2.052779190574e-01 
 4.162800000000e-09 -3.387549919223e-01 
 4.172800000000e-09 -4.340520567771e-01 
 4.182800000000e-09 -4.677184515578e-01 
 4.192800000000e-09 -4.352048664488e-01 
 4.202800000000e-09 -3.469887489039e-01 
 4.212800000000e-09 -2.243444754971e-01 
 4.222800000000e-09 -8.270662775873e-02 
 4.232800000000e-09  6.946166117825e-02 
 4.242800000000e-09  2.187956484376e-01 
 4.252800000000e-09  3.498633300077e-01 
 4.262800000000e-09  4.401459382513e-01 
 4.272800000000e-09  4.675717506951e-01 
 4.282800000000e-09  4.291614643261e-01 
 4.292800000000e-09  3.367247831876e-01 
 4.302800000000e-09  2.118056591645e-01 
 4.312800000000e-09  6.877245629975e-02 
 4.322800000000e-09 -8.383372226061e-02 
 4.332800000000e-09 -2.321486522091e-01 
 4.342800000000e-09 -3.606066843897e-01 
 4.352800000000e-09 -4.456558189090e-01 
 4.362800000000e-09 -4.668050267518e-01 
 4.372800000000e-09 -4.225981831519e-01 
 4.382800000000e-09 -3.261592562106e-01 
 4.392800000000e-09 -1.990987529282e-01 
 4.402800000000e-09 -5.473758185854e-02 
 4.412800000000e-09  9.817075648422e-02 
 4.422800000000e-09  2.453331070066e-01 
 4.432800000000e-09  3.709614193330e-01 
 4.442800000000e-09  4.505754858689e-01 
 4.452800000000e-09  4.654347783779e-01 
 4.462800000000e-09  4.155483324481e-01 
 4.472800000000e-09  3.153160134849e-01 
 4.482800000000e-09  1.862255635837e-01 
 4.492800000000e-09  4.060867175756e-02 
 4.502800000000e-09 -1.124592480400e-01 
 4.512800000000e-09 -2.583349824909e-01 
 4.522800000000e-09 -3.808982085629e-01 
 4.532800000000e-09 -4.548997786992e-01 
 4.542800000000e-09 -4.634649450166e-01 
 4.552800000000e-09 -4.080243920621e-01 
 4.562800000000e-09 -3.042086383511e-01 
 4.572800000000e-09 -1.731910518163e-01 
 4.582800000000e-09 -2.639254216057e-02 
 4.592800000000e-09  1.266897837622e-01 
 4.602800000000e-09  2.711440556952e-01 
 4.612800000000e-09  3.903904496945e-01 
 4.622800000000e-09  4.586250615596e-01 
 4.632800000000e-09  4.608997722632e-01 
 4.642800000000e-09  4.000453820626e-01 
 4.652800000000e-09  2.928581938821e-01 
 4.662800000000e-09  1.600057299744e-01 
 4.672800000000e-09  1.210251188902e-02 
 4.682800000000e-09 -1.408467645934e-01 
 4.692800000000e-09 -2.837532489648e-01 
 4.702800000000e-09 -3.994374751391e-01 
 4.712800000000e-09 -4.617670289113e-01 
 4.722800000000e-09 -4.577718370418e-01 
 4.732800000000e-09 -3.916397685417e-01 
 4.742800000000e-09 -2.812637461480e-01 
 4.752800000000e-09 -1.466564324348e-01 
 4.762800000000e-09  2.270352652347e-03 
 4.772800000000e-09  1.549436206328e-01 
 4.782800000000e-09  2.961554436211e-01 
 4.792800000000e-09  4.079911189121e-01 
 4.802800000000e-09  4.643091190011e-01 
 4.812800000000e-09  4.540682850502e-01 
 4.822800000000e-09  3.828200853252e-01 
 4.832800000000e-09  2.694497356568e-01 
 4.842800000000e-09  1.331624032809e-01 
 4.852800000000e-09 -1.669820133974e-02 
 4.862800000000e-09 -1.689518052179e-01 
 4.872800000000e-09 -3.083248365245e-01 
 4.882800000000e-09 -4.160378580312e-01 
 4.892800000000e-09 -4.662518897717e-01 
 4.902800000000e-09 -4.498064824746e-01 
 4.912800000000e-09 -3.736117738526e-01 
 4.922800000000e-09 -2.574264174336e-01 
 4.932800000000e-09 -1.195291977077e-01 
 4.942800000000e-09  3.116751754518e-02 
 4.952800000000e-09  1.828592075540e-01 
 4.962800000000e-09  3.202397032613e-01 
 4.972800000000e-09  4.235557044766e-01 
 4.982800000000e-09  4.675914151168e-01 
 4.992800000000e-09  4.449973943998e-01 
 5.002800000000e-09  3.640392951541e-01 
 5.012800000000e-09  2.452075637954e-01 
 5.022800000000e-09  1.057690521588e-01 
 5.032800000000e-09 -4.565615684848e-02 
 5.042800000000e-09 -1.966474338236e-01 
 5.052800000000e-09 -3.318713222170e-01 
 5.062800000000e-09 -4.305211470590e-01 
 5.072800000000e-09 -4.683184385904e-01 
 5.082800000000e-09 -4.396503982133e-01 
 5.092800000000e-09 -3.541273679128e-01 
 5.102800000000e-09 -2.328098336525e-01 
 5.112800000000e-09 -9.189531789426e-02 
 5.122800000000e-09  6.014394422454e-02 
 5.132800000000e-09  2.102965188075e-01 
 5.142800000000e-09  3.431865658809e-01 
 5.152800000000e-09  4.369215968481e-01 
 5.162800000000e-09  4.684422526710e-01 
 5.172800000000e-09  4.337827610285e-01 
 5.182800000000e-09  3.438981883244e-01 
 5.192800000000e-09  2.202398014966e-01 
 5.202800000000e-09  7.791332074837e-02 
 5.212800000000e-09 -7.461698675803e-02 
 5.222800000000e-09 -2.237981015213e-01 
 5.232800000000e-09 -3.541529678909e-01 
 5.242800000000e-09 -4.427260442691e-01 
 5.252800000000e-09 -4.679476406446e-01 
 5.262800000000e-09 -4.274016658606e-01 
 5.272800000000e-09 -3.333804431418e-01 
 5.282800000000e-09 -2.075238843990e-01 
 5.292800000000e-09 -6.385185392035e-02 
 5.302800000000e-09  8.903816250450e-02 
 5.312800000000e-09  2.371156950213e-01 
 5.322800000000e-09  3.647402119348e-01 
 5.332800000000e-09  4.479556623651e-01 
 5.342800000000e-09  4.668602283321e-01 
 5.352800000000e-09  4.205416738772e-01 
 5.362800000000e-09  3.225948275920e-01 
 5.372800000000e-09  1.946573706784e-01 
 5.382800000000e-09  4.970662373937e-02 
 5.392800000000e-09 -1.034072506133e-01 
 5.402800000000e-09 -2.502513545787e-01 
 5.412800000000e-09 -3.749246388533e-01 
 5.422800000000e-09 -4.525974442130e-01 
 5.432800000000e-09 -4.651815624828e-01 
 5.442800000000e-09 -4.132144748041e-01 
 5.452800000000e-09 -3.115560581600e-01 
 5.462800000000e-09 -1.816447925700e-01 
 5.472800000000e-09 -3.548359755920e-02 
 5.482800000000e-09  1.177146426482e-01 
 5.492800000000e-09  2.631959622643e-01 
 5.502800000000e-09  3.846807044290e-01 
 5.512800000000e-09  4.566480796956e-01 
 5.522800000000e-09  4.629170746990e-01 
 5.532800000000e-09  4.054356536557e-01 
 5.542800000000e-09  3.002774729923e-01 
 5.552800000000e-09  1.684899064007e-01 
 5.562800000000e-09  2.118980530978e-02 
 5.572800000000e-09 -1.319473396360e-01 
 5.582800000000e-09 -2.759319608671e-01 
 5.592800000000e-09 -3.939820003758e-01 
 5.602800000000e-09 -4.601063111358e-01 
 5.612800000000e-09 -4.600742770265e-01 
 5.622800000000e-09 -3.972260636273e-01 
 5.632800000000e-09 -2.887773604399e-01 
 5.642800000000e-09 -1.551996639873e-01 
 5.652800000000e-09 -6.840029579828e-03 
 5.662800000000e-09  1.460965722745e-01 
 5.672800000000e-09  2.884676672517e-01 
 5.682800000000e-09  4.028310945198e-01 
 5.692800000000e-09  4.629874855385e-01 
 5.702800000000e-09  4.566822084085e-01 
 5.712800000000e-09  3.886097148496e-01 
 5.722800000000e-09  2.770496735228e-01 
 5.732800000000e-09  1.417558544221e-01 
 5.742800000000e-09 -7.584366360183e-03 
 5.752800000000e-09 -1.601786536648e-01 
 5.762800000000e-09 -3.007875427004e-01 
 5.772800000000e-09 -4.111827836552e-01 
 5.782800000000e-09 -4.652749596946e-01 
 5.792800000000e-09 -4.527274338519e-01 
 5.802800000000e-09 -3.795969802790e-01 
 5.812800000000e-09 -2.651157099840e-01 
 5.822800000000e-09 -1.281765994984e-01 
 5.832800000000e-09  2.205330169801e-02 
 5.842800000000e-09  1.741639798049e-01 
 5.852800000000e-09  3.128654399892e-01 
 5.862800000000e-09  4.190201227195e-01 
 5.872800000000e-09  4.669656584818e-01 
 5.882800000000e-09  4.482247828444e-01 
 5.892800000000e-09  3.702125238613e-01 
 5.902800000000e-09  2.529853326579e-01 
 5.912800000000e-09  1.144700810608e-01 
 5.922800000000e-09 -3.654830794910e-02 
 5.932800000000e-09 -1.880363158091e-01 
 5.942800000000e-09 -3.246750483220e-01 
 5.952800000000e-09 -4.263158973565e-01 
 5.962800000000e-09 -4.680471021658e-01 
 5.972800000000e-09 -4.431815084873e-01 
 5.982800000000e-09 -3.604807260433e-01 
 5.992800000000e-09 -2.406752422878e-01 
 6.002800000000e-09 -1.006494569936e-01 
 6.012800000000e-09  5.104948478716e-02 
 6.022800000000e-09  2.017767632182e-01 
 6.032800000000e-09  3.361858985157e-01 
 6.042800000000e-09  4.330592789926e-01 
 6.052800000000e-09  4.685314234328e-01 
 6.062800000000e-09  4.376145606700e-01 
 6.072800000000e-09  3.504223722679e-01 
 6.082800000000e-09  2.281903185561e-01 
 6.092800000000e-09  8.671709400418e-02 
 6.102800000000e-09 -6.554562999977e-02 
 6.112800000000e-09 -2.153770182920e-01 
 6.122800000000e-09 -3.473741879227e-01 
 6.132800000000e-09 -4.392339147735e-01 
 6.142800000000e-09 -4.684115094128e-01 
 6.152800000000e-09 -4.315365057259e-01 
 6.162800000000e-09 -3.400620145462e-01 
 6.172800000000e-09 -2.155433553085e-01 
 6.182800000000e-09 -7.268550806482e-02 
 6.192800000000e-09  8.001662959520e-02 
 6.202800000000e-09  2.288228161713e-01 
 6.212800000000e-09  3.582044448186e-01 
 6.222800000000e-09  4.448127918137e-01 
 6.232800000000e-09  4.676772084269e-01 
 6.242800000000e-09  4.249523252400e-01 
 6.252800000000e-09  3.294222098430e-01 
 6.262800000000e-09  2.027557652222e-01 
 6.272800000000e-09  5.858023500984e-02 
 6.282800000000e-09 -9.442752739505e-02 
 6.292800000000e-09 -2.420765733628e-01 
 6.302800000000e-09 -3.686408716081e-01 
 6.312800000000e-09 -4.498134890579e-01 
 6.322800000000e-09 -4.663547119132e-01 
 6.332800000000e-09 -4.179011931721e-01 
 6.342800000000e-09 -3.185270566227e-01 
 6.352800000000e-09 -1.898237739152e-01 
 6.362800000000e-09 -4.439716248306e-02 
 6.372800000000e-09  1.087798138172e-01 
 6.382800000000e-09  2.551438155568e-01 
 6.392800000000e-09  3.786660376206e-01 
 6.402800000000e-09  4.542276230804e-01 
 6.412800000000e-09  4.644456186981e-01 
 6.422800000000e-09  4.103906441838e-01 
 6.432800000000e-09  3.073853129374e-01 
 6.442800000000e-09  1.767481756363e-01 
 6.452800000000e-09  3.014022585309e-02 
 6.462800000000e-09 -1.230651804675e-01 
 6.472800000000e-09 -2.680144602897e-01 
 6.482800000000e-09 -3.882519659108e-01 
 6.492800000000e-09 -4.580502524595e-01 
 6.502800000000e-09 -4.619560124093e-01 
 6.512800000000e-09 -4.024388808696e-01 
 6.522800000000e-09 -2.960118306377e-01 
 6.532800000000e-09 -1.635332599641e-01 
 6.542800000000e-09 -1.581647102206e-02 
 6.552800000000e-09  1.372734041940e-01 
 6.562800000000e-09  2.806859272854e-01 
 6.572800000000e-09  3.973994189372e-01 
 6.582800000000e-09  4.612953307113e-01 
 6.592800000000e-09  4.588983394577e-01 
 6.602800000000e-09  3.940610393049e-01 
 6.612800000000e-09  2.844122775599e-01 
 6.622800000000e-09  1.501709251419e-01 
 6.632800000000e-09  1.422943142149e-03 
 6.642800000000e-09 -1.514111819010e-01 
 6.652800000000e-09 -2.931456903889e-01 
 6.662800000000e-09 -4.060569087896e-01 
 6.672800000000e-09 -4.639467485120e-01 
 6.682800000000e-09 -4.552874616015e-01 
 6.692800000000e-09 -3.852873043885e-01 
 6.702800000000e-09 -2.725989182014e-01 
 6.712800000000e-09 -1.366700956595e-01 
 6.722800000000e-09  1.302383561694e-02 
 6.732800000000e-09  1.654605643212e-01 
 6.742800000000e-09  3.053770905571e-01 
 6.752800000000e-09  4.142150202109e-01 
 6.762800000000e-09  4.660052302520e-01 
 6.772800000000e-09  4.511191809073e-01 
 6.782800000000e-09  3.761256083536e-01 
 6.792800000000e-09  2.605842893409e-01 
 6.802800000000e-09  1.230370939811e-01 
 6.812800000000e-09 -2.750890959735e-02 
 6.822800000000e-09 -1.794078046848e-01 
 6.832800000000e-09 -3.173581503266e-01 
 6.842800000000e-09 -4.218513571395e-01 
 6.852800000000e-09 -4.674666639053e-01 
 6.862800000000e-09 -4.464081957857e-01 
 6.872800000000e-09 -3.666020137225e-01 
 6.882800000000e-09 -2.483784034275e-01 
 6.892800000000e-09 -1.092805693828e-01 
 6.902800000000e-09  4.201332975120e-02 
 6.912800000000e-09  1.932365898347e-01 
 6.922800000000e-09  3.290611727791e-01 
 6.932800000000e-09  4.289398373836e-01 
 6.942800000000e-09  4.683189160439e-01 
 6.952800000000e-09  4.411616982562e-01 
 6.962800000000e-09  3.567403522182e-01 
 6.972800000000e-09  2.359977549850e-01 
 6.982800000000e-09  9.541386300821e-02 
 6.992800000000e-09 -5.651692858565e-02 
 7.002800000000e-09 -2.069274630958e-01 
 7.012800000000e-09 -3.404546832105e-01 
 7.022800000000e-09 -4.354694657778e-01 
 7.032800000000e-09 -4.685727928038e-01 
 7.042800000000e-09 -4.353964600619e-01 
 7.052800000000e-09 -3.465612041280e-01 
 7.062800000000e-09 -2.234468495162e-01 
 7.072800000000e-09 -8.143992556753e-02 
 7.082800000000e-09  7.100772563938e-02 
 7.092800000000e-09  2.204730158309e-01 
 7.102800000000e-09  3.515060318890e-01 
 7.112800000000e-09  4.414064731412e-01 
 7.122800000000e-09  4.682106364264e-01 
 7.132800000000e-09  4.291185846883e-01 
 7.142800000000e-09  3.360932710664e-01 
 7.152800000000e-09  2.107519743733e-01 
 7.162800000000e-09  6.738734252888e-02 
 7.172800000000e-09 -8.544840647317e-02 
 7.182800000000e-09 -2.338371928869e-01 
 7.192800000000e-09 -3.621863437857e-01 
 7.202800000000e-09 -4.467721510688e-01 
 7.212800000000e-09 -4.672567787188e-01 
 7.222800000000e-09 -4.223601390187e-01 
 7.232800000000e-09 -3.253558251006e-01 
 7.242800000000e-09 -1.979078791220e-01 
 7.252800000000e-09 -5.325123230655e-02 
 7.262800000000e-09  9.983867261977e-02 
 7.272800000000e-09  2.470214936128e-01 
 7.282800000000e-09  3.724703750367e-01 
 7.292800000000e-09  4.515516492809e-01 
 7.302800000000e-09  4.657119560310e-01 
 7.312800000000e-09  4.151331082447e-01 
 7.322800000000e-09  3.143647832070e-01 
 7.332800000000e-09  1.849197385706e-01 
 7.342800000000e-09  3.903790533874e-02 
 7.352800000000e-09 -1.141682623121e-01 
 7.362800000000e-09 -2.600166893426e-01 
 7.372800000000e-09 -3.823326714120e-01 
 7.382800000000e-09 -4.557416308874e-01 
 7.392800000000e-09 -4.635810263477e-01 
 7.402800000000e-09 -4.074519899817e-01 
 7.412800000000e-09 -3.031328636212e-01 
 7.422800000000e-09 -1.717907391050e-01 
 7.432800000000e-09 -2.475522518580e-02 
 7.442800000000e-09  1.284257583087e-01 
 7.452800000000e-09  2.728106794579e-01 
 7.462800000000e-09  3.917481397249e-01 
 7.472800000000e-09  4.593422485124e-01 
 7.482800000000e-09  4.608718116202e-01 
 7.492800000000e-09  3.993368572263e-01 
 7.502800000000e-09  2.916768227068e-01 
 7.512800000000e-09  1.585246057557e-01 
 7.522800000000e-09  1.040959382543e-02 
 7.532800000000e-09 -1.426016988119e-01 
 7.542800000000e-09 -2.853997386907e-01 
 7.552800000000e-09 -4.007151502140e-01 
 7.562800000000e-09 -4.623641790230e-01 
 7.572800000000e-09 -4.576107310514e-01 
 7.582800000000e-09 -3.908112823162e-01 
 7.592800000000e-09 -2.799935648722e-01 
 7.602800000000e-09 -1.451084316860e-01 
 7.612800000000e-09  4.006712356317e-03 
 7.622800000000e-09  1.567088058574e-01 
 7.632800000000e-09  2.977770002899e-01 
 7.642800000000e-09  4.091885151543e-01 
 7.652800000000e-09  4.647937016966e-01 
 7.662800000000e-09  4.537861083279e-01 
 7.672800000000e-09  3.818862389392e-01 
 7.682800000000e-09  2.681029560321e-01 
 7.692800000000e-09  1.315565871172e-01 
 7.702800000000e-09 -1.847002800150e-02 
 7.712800000000e-09 -1.707214836482e-01 
 7.722800000000e-09 -3.099167789429e-01 
 7.732800000000e-09 -4.171523127635e-01 
 7.742800000000e-09 -4.666273743749e-01 
 7.752800000000e-09 -4.494117891551e-01 
 7.762800000000e-09 -3.725852053907e-01 
 7.772800000000e-09 -2.560146963566e-01 
 7.782800000000e-09 -1.178750968097e-01 
 7.792800000000e-09  3.296605933643e-02 
 7.802800000000e-09  1.846272599251e-01 
 7.812800000000e-09  3.217977794759e-01 
 7.822800000000e-09  4.245870599279e-01 
 7.832800000000e-09  4.678627026881e-01 
 7.842800000000e-09  4.444985671337e-01 
 7.852800000000e-09  3.629305123658e-01 
 7.862800000000e-09  2.437392748215e-01 
 7.872800000000e-09  1.040734790252e-01 
 7.882800000000e-09 -4.747467231400e-02 
 7.892800000000e-09 -1.984087736478e-01 
 7.902800000000e-09 -3.333901305951e-01 
 7.912800000000e-09 -4.314675615996e-01 
 7.922800000000e-09 -4.684887116485e-01 
 7.932800000000e-09 -4.390547311423e-01 
 7.942800000000e-09 -3.529464964233e-01 
 7.952800000000e-09 -2.312931623970e-01 
 7.962800000000e-09 -9.016496209493e-02 
 7.972800000000e-09  6.197600416815e-02 
 7.982800000000e-09  2.120467033671e-01 
 7.992800000000e-09  3.446619870568e-01 
 8.002800000000e-09  4.377829848278e-01 
 8.012800000000e-09  4.685147286148e-01 
 8.022800000000e-09  4.330964408631e-01 
 8.032800000000e-09  3.426530383276e-01 
 8.042800000000e-09  2.186806361773e-01 
 8.052800000000e-09  7.615339973752e-02 
 8.062800000000e-09 -7.645704179612e-02 
 8.072800000000e-09 -2.255328759209e-01 
 8.082800000000e-09 -3.555798707000e-01 
 8.092800000000e-09 -4.435017377888e-01 
 8.102800000000e-09 -4.679252491300e-01 
 8.112800000000e-09 -4.266307722507e-01 
 8.122800000000e-09 -3.320787375374e-01 
 8.132800000000e-09 -2.059279309276e-01 
 8.142800000000e-09 -6.206725820631e-02 
 8.152800000000e-09  9.088147895482e-02 
 8.162800000000e-09  2.388317243914e-01 
 8.172800000000e-09  3.661145608581e-01 
 8.182800000000e-09  4.486463324507e-01 
 8.192800000000e-09  4.667464130663e-01 
 8.202800000000e-09  4.196919415020e-01 
 8.212800000000e-09  3.212425903417e-01 
 8.222800000000e-09  1.930285495814e-01 
 8.232800000000e-09  4.790109600028e-02 
 8.242800000000e-09 -1.052499601487e-01 
 8.252800000000e-09 -2.519456024475e-01 
 8.262800000000e-09 -3.762422556865e-01 
 8.272800000000e-09 -4.532035833599e-01 
 8.282800000000e-09 -4.649795615041e-01 
 8.292800000000e-09 -4.122914111069e-01 
 8.302800000000e-09 -3.101586537282e-01 
 8.312800000000e-09 -1.799863261967e-01 
 8.322800000000e-09 -3.366014587038e-02 
 8.332800000000e-09  1.195539726838e-01 
 8.342800000000e-09  2.648664315822e-01 
 8.352800000000e-09  3.859385625971e-01 
 8.362800000000e-09  4.571706519090e-01 
 8.372800000000e-09  4.626298044618e-01 
 8.382800000000e-09  4.044438761577e-01 
 8.392800000000e-09  2.988389692127e-01 
 8.402800000000e-09  1.668041688061e-01 
 8.412800000000e-09  1.935105388365e-02 
 8.422800000000e-09 -1.337807393922e-01 
 8.432800000000e-09 -2.775763503123e-01 
 8.442800000000e-09 -3.951769973339e-01 
 8.452800000000e-09 -4.605461546369e-01 
 8.462800000000e-09 -4.597045224483e-01 
 8.472800000000e-09 -3.961699727994e-01 
 8.482800000000e-09 -2.873012545143e-01 
 8.492800000000e-09 -1.534886775899e-01 
 8.502800000000e-09 -4.988384072427e-03 
 8.512800000000e-09  1.479220707491e-01 
 8.522800000000e-09  2.900840260628e-01 
 8.532800000000e-09  4.039605264830e-01 
 8.542800000000e-09  4.633449861716e-01 
 8.552800000000e-09  4.562325967676e-01 
 8.562800000000e-09  3.874940050997e-01 
 8.572800000000e-09  2.755393257847e-01 
 8.582800000000e-09  1.400215581038e-01 
 8.592800000000e-09 -9.446549325026e-03 
 8.602800000000e-09 -1.619945392322e-01 
 8.612800000000e-09 -3.023738959975e-01 
 8.622800000000e-09 -4.122445337594e-01 
 8.632800000000e-09 -4.655510052717e-01 
 8.642800000000e-09 -4.522006038308e-01 
 8.652800000000e-09 -3.784257516664e-01 
 8.662800000000e-09 -2.635738385989e-01 
 8.672800000000e-09 -1.264207697417e-01 
 8.682800000000e-09  2.392349215502e-02 
 8.692800000000e-09  1.759682681992e-01 
 8.702800000000e-09  3.144190618054e-01 
 8.712800000000e-09  4.200118769952e-01 
 8.722800000000e-09  4.671604669230e-01 
 8.732800000000e-09  4.476228945381e-01 
 8.742800000000e-09  3.689896089489e-01 
 8.752800000000e-09  2.514143266982e-01 
 8.762800000000e-09  1.126945814336e-01 
 8.772800000000e-09 -3.842367893883e-02 
 8.782800000000e-09 -1.898267148069e-01 
 8.792800000000e-09 -3.261923983759e-01 
 8.802800000000e-09 -4.272355188247e-01 
 8.812800000000e-09 -4.681611518441e-01 
 8.822800000000e-09 -4.425069947686e-01 
 8.832800000000e-09 -3.592100862815e-01 
 8.842800000000e-09 -2.390773967212e-01 
 8.852800000000e-09 -9.885600844098e-02 
 8.862800000000e-09  5.292741577986e-02 
 8.872800000000e-09  2.035511402309e-01 
 8.882800000000e-09  3.376633622855e-01 
 8.892800000000e-09  4.339046190161e-01 
 8.902800000000e-09  4.685644283900e-01 
 8.912800000000e-09  4.368693700861e-01 
 8.922800000000e-09  3.491075159737e-01 
 8.932800000000e-09  2.265676817503e-01 
 8.942800000000e-09  8.490767187475e-02 
 8.952800000000e-09 -6.742307023650e-02 
 8.962800000000e-09 -2.171342694784e-01 
 8.972800000000e-09 -3.487998140758e-01 
 8.982800000000e-09 -4.399842177918e-01 
 8.992800000000e-09 -4.683518900232e-01 
 9.002800000000e-09 -4.307161258362e-01 
 9.012800000000e-09 -3.387056318358e-01 
 9.022800000000e-09 -2.139026094565e-01 
 9.032800000000e-09 -7.087131570127e-02 
 9.042800000000e-09  8.187736828560e-02 
 9.052800000000e-09  2.305415940726e-01 
 9.062800000000e-09  3.595718672475e-01 
 9.072800000000e-09  4.454903164158e-01 
 9.082800000000e-09  4.675397355177e-01 
 9.092800000000e-09  4.240695932483e-01 
 9.102800000000e-09  3.280314897958e-01 
 9.112800000000e-09  2.010962061139e-01 
 9.122800000000e-09  5.675543494979e-02 
 9.132800000000e-09 -9.628176645287e-02 
 9.142800000000e-09 -2.437723641513e-01 
 9.152800000000e-09 -3.699571845886e-01 
 9.162800000000e-09 -4.504155020770e-01 
 9.172800000000e-09 -4.661409029893e-01 
 9.182800000000e-09 -4.169577411648e-01 
 9.192800000000e-09 -3.171035478042e-01 
 9.202800000000e-09 -1.881456290984e-01 
 9.212800000000e-09 -4.256275090371e-02 
 9.222800000000e-09  1.106256308564e-01 
 9.232800000000e-09  2.568144819550e-01 
 9.242800000000e-09  3.799269080549e-01 
 9.252800000000e-09  4.547535565829e-01 
 9.262800000000e-09  4.641568159984e-01 
 9.272800000000e-09  4.093896712233e-01 
 9.282800000000e-09  3.059314304647e-01 
 9.292800000000e-09  1.750519328940e-01 
 9.302800000000e-09  2.829686120172e-02 
 9.312800000000e-09 -1.249018124772e-01 
 9.322800000000e-09 -2.696593062018e-01 
 9.332800000000e-09 -3.894549688811e-01 
 9.342800000000e-09 -4.585001247119e-01 
 9.352800000000e-09 -4.615895104387e-01 
 9.362800000000e-09 -4.013810433918e-01 
 9.372800000000e-09 -2.945323922121e-01 
 9.382800000000e-09 -1.618220339476e-01 
 9.392800000000e-09 -1.396797217195e-02 
 9.402800000000e-09  1.390970988485e-01 
 9.412800000000e-09  2.823015186819e-01 
 9.422800000000e-09  3.985409960755e-01 
 9.432800000000e-09  4.616700160128e-01 
 9.442800000000e-09  4.584694717261e-01 
 9.452800000000e-09  3.929574631313e-01 
 9.462800000000e-09  2.829022441341e-01 
 9.472800000000e-09  1.484395875901e-01 
 9.482800000000e-09 -4.355621705321e-04 
 9.492800000000e-09 -1.532266450476e-01 
 9.502800000000e-09 -2.947350993543e-01 
 9.512800000000e-09 -4.071368930169e-01 
 9.522800000000e-09 -4.642459479197e-01 
 9.532800000000e-09 -4.547820702528e-01 
 9.542800000000e-09 -3.841289925546e-01 
 9.552800000000e-09 -2.710629952159e-01 
 9.562800000000e-09 -1.349216754382e-01 
 9.572800000000e-09  1.488774719473e-02 
 9.582800000000e-09  1.672633597906e-01 
 9.592800000000e-09  3.069355643401e-01 
 9.602800000000e-09  4.152293811459e-01 
 9.612800000000e-09  4.662280658064e-01 
 9.622800000000e-09  4.505433590870e-01 
 9.632800000000e-09  3.749191080837e-01 
 9.642800000000e-09  2.590225982315e-01 
 9.652800000000e-09  1.212715487928e-01 
 9.662800000000e-09 -2.937714921297e-02 
 9.672800000000e-09 -1.811967705602e-01 
 9.682800000000e-09 -3.188825487376e-01 
 9.692800000000e-09 -4.227964866893e-01 
 9.702800000000e-09 -4.676117395268e-01 
 9.712800000000e-09 -4.457628508603e-01 
 9.722800000000e-09 -3.653504702539e-01 
 9.732800000000e-09 -2.467930502919e-01 
 9.742800000000e-09 -1.074997169021e-01 
 9.752800000000e-09  4.388310424644e-02 
 9.762800000000e-09  1.950096048203e-01 
 9.772800000000e-09  3.305484218683e-01 
 9.782800000000e-09  4.298144855882e-01 
 9.792800000000e-09  4.683868554915e-01 
 9.802800000000e-09  4.404486076737e-01 
 9.812800000000e-09  3.554463239898e-01 
 9.822800000000e-09  2.343895459814e-01 
 9.832800000000e-09  9.361830899455e-02 
 9.842800000000e-09 -5.838636427212e-02 
 9.852800000000e-09 -2.086826161765e-01 
 9.862800000000e-09 -3.419005488905e-01 
 9.872800000000e-09 -4.362706837992e-01 
 9.882800000000e-09 -4.685625769343e-01 
 9.892800000000e-09 -4.346171297460e-01 
 9.902800000000e-09 -3.452279230614e-01 
 9.912800000000e-09 -2.218175918633e-01 
 9.922800000000e-09 -7.963144433859e-02 
 9.932800000000e-09  7.287407906212e-02 
 9.942800000000e-09  2.222081925889e-01 
 9.952800000000e-09  3.529069802134e-01 
 9.962800000000e-09  4.421333792309e-01 
 9.972800000000e-09  4.681226204731e-01 
 9.982800000000e-09  4.282745917304e-01 
 9.992800000000e-09  3.347230382259e-01 
 1.000000000000e-08  2.460372803643e-01 
