% time-domain current integration by openEMS v0.0.35-108-gc651cce @Mon Jan 26 10:15:40 2026
% start-coordinates: (-3.87138e-05,-5.24e-05,0.00015475) m -> [59,27,20]
% stop-coordinates: (-3.87138e-05,-3.33525e-05,0.00015624) m -> [59,63,22]
% t/s	current
4.51346598274e-16	0
3.57015159235e-13	6.88684526073e-12
7.13578971872e-13	1.66064245688e-11
1.07014278451e-12	1.72450838332e-11
1.42670659714e-12	-5.41436817256e-12
1.78327040978e-12	-8.68496247142e-11
2.13983422242e-12	-2.8159405363e-10
2.49639803505e-12	-6.47909836893e-10
2.85296184769e-12	-1.20444088036e-09
3.20952566033e-12	-1.84916237878e-09
3.56608947296e-12	-2.25825580458e-09
3.9226532856e-12	-1.81894177498e-09
4.27921709824e-12	3.16978970849e-10
4.63578091087e-12	4.97247443221e-09
4.99234472351e-12	1.24586660988e-08
5.34890853615e-12	2.19917648536e-08
5.70547234878e-12	3.13053263312e-08
6.06203616142e-12	3.68088279856e-08
6.41859997406e-12	3.45189441475e-08
6.77516378669e-12	2.1634498637e-08
7.13172759933e-12	-1.82098103263e-09
7.48829141197e-12	-3.21114725921e-08
7.8448552246e-12	-6.23236928732e-08
8.20141903724e-12	-8.43992822297e-08
8.55798284988e-12	-9.19664628896e-08
8.91454666251e-12	-8.27609838439e-08
9.27111047515e-12	-5.95169815654e-08
9.62767428779e-12	-2.89011623522e-08
9.98423810042e-12	1.00520236579e-09
1.03408019131e-11	2.35162573858e-08
1.06973657257e-11	3.52580897811e-08
1.10539295383e-11	3.65545069769e-08
1.1410493351e-11	3.0422675934e-08
1.17670571636e-11	2.08925641232e-08
1.21236209762e-11	1.14662102035e-08
1.24801847889e-11	4.25956780958e-09
1.28367486015e-11	-8.7148392669e-11
1.31933124142e-11	-1.97619409725e-09
1.35498762268e-11	-2.26304908146e-09
1.39064400394e-11	-1.78664782968e-09
1.42630038521e-11	-1.13110631972e-09
1.46195676647e-11	-5.90701432213e-10
1.49761314773e-11	-2.47045855994e-10
1.533269529e-11	-7.05859815042e-11
1.56892591026e-11	-6.28483810133e-13
1.60458229152e-11	1.65181809203e-11
1.64023867279e-11	1.36206514817e-11
1.67589505405e-11	7.82399318944e-12
1.71155143532e-11	7.24316136583e-12
1.74720781658e-11	7.36426024328e-12
1.78286419784e-11	7.59320904764e-12
1.81852057911e-11	7.7623229025e-12
1.85417696037e-11	7.63019768896e-12
1.88983334163e-11	7.68052114963e-12
1.9254897229e-11	7.73241019825e-12
1.96114610416e-11	8.03061263321e-12
1.99680248543e-11	7.98138291569e-12
2.03245886669e-11	8.0929889526e-12
2.06811524795e-11	8.07800180913e-12
2.10377162922e-11	8.16011667959e-12
2.13942801048e-11	8.30324871359e-12
2.17508439174e-11	8.4616732024e-12
2.21074077301e-11	8.44143158152e-12
2.24639715427e-11	8.41471944207e-12
2.28205353553e-11	8.61778270272e-12
2.3177099168e-11	8.63499723114e-12
2.35336629806e-11	8.74878034601e-12
2.38902267933e-11	8.81378477147e-12
2.42467906059e-11	8.76383427634e-12
2.46033544185e-11	8.77153731593e-12
2.49599182312e-11	8.9081528612e-12
2.53164820438e-11	8.9795375996e-12
