 1.628000000000e-10  2.218109711283e-02 
 1.728000000000e-10  1.274443117743e-02 
 1.828000000000e-10  1.566068546700e-03 
 1.928000000000e-10 -1.009724170968e-02 
 2.028000000000e-10 -2.089746699562e-02 
 2.128000000000e-10 -2.954660370615e-02 
 2.228000000000e-10 -3.497358067508e-02 
 2.328000000000e-10 -3.645639856290e-02 
 2.428000000000e-10 -3.371923743809e-02 
 2.528000000000e-10 -2.697124792610e-02 
 2.628000000000e-10 -1.689559649421e-02 
 2.728000000000e-10 -4.578227497924e-03 
 2.828000000000e-10  8.603092669788e-03 
 2.928000000000e-10  2.113262146363e-02 
 3.028000000000e-10  3.152778812551e-02 
 3.128000000000e-10  3.851566024388e-02 
 3.228000000000e-10  4.118818522240e-02 
 3.328000000000e-10  3.912113458118e-02 
 3.428000000000e-10  3.243301893917e-02 
 3.528000000000e-10  2.178406928170e-02 
 3.628000000000e-10  8.307118996858e-03 
 3.728000000000e-10 -6.503772734545e-03 
 3.828000000000e-10 -2.095444610678e-02 
 3.928000000000e-10 -3.334376497592e-02 
 4.028000000000e-10 -4.216463529414e-02 
 4.128000000000e-10 -4.628879614943e-02 
 4.228000000000e-10 -4.511209392990e-02 
 4.328000000000e-10 -3.863621082971e-02 
 4.428000000000e-10 -2.748183021646e-02 
 4.528000000000e-10 -1.282544480557e-02 
 4.628000000000e-10  3.719435843492e-03 
 4.728000000000e-10  2.027396528176e-02 
 4.828000000000e-10  3.490241732891e-02 
 4.928000000000e-10  4.583932819130e-02 
 5.028000000000e-10  5.170534088771e-02 
 5.128000000000e-10  5.168299932474e-02 
 5.228000000000e-10  4.562574144002e-02 
 5.328000000000e-10  3.408682286287e-02 
 5.428000000000e-10  1.826646471873e-02 
 5.528000000000e-10 -1.076775044069e-04 
 5.628000000000e-10 -1.896326541666e-02 
 5.728000000000e-10 -3.610837806563e-02 
 5.828000000000e-10 -4.948600610598e-02 
 5.928000000000e-10 -5.742539954080e-02 
 6.028000000000e-10 -5.885663780117e-02 
 6.128000000000e-10 -5.345062697155e-02 
 6.228000000000e-10 -4.166912062599e-02 
 6.328000000000e-10 -2.472139197408e-02 
 6.428000000000e-10 -4.442174131922e-03 
 6.528000000000e-10  1.689800362964e-02 
 6.628000000000e-10  3.683520204368e-02 
 6.728000000000e-10  5.299340596761e-02 
 6.828000000000e-10  6.337340525954e-02 
 6.928000000000e-10  6.660948416261e-02 
 7.028000000000e-10  6.214778296280e-02 
 7.128000000000e-10  5.032236841524e-02 
 7.228000000000e-10  3.232553361941e-02 
 7.328000000000e-10  1.008717379397e-02 
 7.428000000000e-10 -1.392206981150e-02 
 7.528000000000e-10 -3.694827761836e-02 
 7.628000000000e-10 -5.626292866474e-02 
 7.728000000000e-10 -6.949323467769e-02 
 7.828000000000e-10 -7.492878864418e-02 
 7.928000000000e-10 -7.174427164823e-02 
 8.028000000000e-10 -6.010963110807e-02 
 8.128000000000e-10 -4.117645381607e-02 
 8.228000000000e-10 -1.695585503622e-02 
 8.328000000000e-10  9.883617365307e-03 
 8.428000000000e-10  3.628669750051e-02 
 8.528000000000e-10  5.914502855767e-02 
 8.628000000000e-10  7.566941902096e-02 
 8.728000000000e-10  8.375045659014e-02 
 8.828000000000e-10  8.223893759349e-02 
 8.928000000000e-10  7.109553428449e-02 
 9.028000000000e-10  5.139502687091e-02 
 9.128000000000e-10  2.520887009031e-02 
 9.228000000000e-10 -4.602914857547e-03 
 9.328000000000e-10 -3.467350562390e-02 
 9.428000000000e-10 -6.148519710275e-02 
 9.528000000000e-10 -8.178462322555e-02 
 9.628000000000e-10 -9.300533495175e-02 
 9.728000000000e-10 -9.361450969065e-02 
 9.828000000000e-10 -8.331283981057e-02 
 9.928000000000e-10 -6.306320239962e-02 
 1.002800000000e-09 -3.497507374296e-02 
 1.012800000000e-09 -2.088797252726e-03 
 1.022800000000e-09  3.191488002998e-02 
 1.032800000000e-09  6.308755615566e-02 
 1.042800000000e-09  8.766811451625e-02 
 1.052800000000e-09  1.025717212893e-01 
 1.062800000000e-09  1.058148397956e-01 
 1.072800000000e-09  9.677751132482e-02 
 1.082800000000e-09  7.626496235538e-02 
 1.092800000000e-09  4.639558739418e-02 
 1.102800000000e-09  1.037417126837e-02 
 1.112800000000e-09 -2.780625409359e-02 
 1.122800000000e-09 -6.374775066622e-02 
 1.132800000000e-09 -9.313732092761e-02 
 1.142800000000e-09 -1.123064418788e-01 
 1.152800000000e-09 -1.187468249353e-01 
 1.162800000000e-09 -1.114534230183e-01 
 1.172800000000e-09 -9.102693208246e-02 
 1.182800000000e-09 -5.956262775916e-02 
 1.192800000000e-09 -2.040924614433e-02 
 1.202800000000e-09  2.213839880403e-02 
 1.212800000000e-09  6.322570440699e-02 
 1.222800000000e-09  9.795258880191e-02 
 1.232800000000e-09  1.220027448558e-01 
 1.242800000000e-09  1.322635797073e-01 
 1.252800000000e-09  1.272679309929e-01 
 1.262800000000e-09  1.073529749742e-01 
 1.272800000000e-09  7.455384659909e-02 
 1.282800000000e-09  3.233939973301e-02 
 1.292800000000e-09 -1.470958286119e-02 
 1.302800000000e-09 -6.128238443374e-02 
 1.312800000000e-09 -1.018632438372e-01 
 1.322800000000e-09 -1.314256445656e-01 
 1.332800000000e-09 -1.461689548145e-01 
 1.342800000000e-09 -1.440808992186e-01 
 1.352800000000e-09 -1.251716805108e-01 
 1.362800000000e-09 -9.137643464651e-02 
 1.372800000000e-09 -4.625784228754e-02 
 1.382800000000e-09  5.340451783864e-03 
 1.392800000000e-09  5.766667473856e-02 
 1.402800000000e-09  1.045766754686e-01 
 1.412800000000e-09  1.402800538765e-01 
 1.422800000000e-09  1.602022208485e-01 
 1.432800000000e-09  1.616933643733e-01 
 1.442800000000e-09  1.443604076068e-01 
 1.452800000000e-09  1.099907399513e-01 
 1.462800000000e-09  6.221399256991e-02 
 1.472800000000e-09  6.110829879081e-03 
 1.482800000000e-09 -5.215119856067e-02 
 1.492800000000e-09 -1.058019664759e-01 
 1.502800000000e-09 -1.482451856667e-01 
 1.512800000000e-09 -1.740495251471e-01 
 1.522800000000e-09 -1.798290633813e-01 
 1.532800000000e-09 -1.647046472648e-01 
 1.542800000000e-09 -1.302641743685e-01 
 1.552800000000e-09 -8.017515818097e-02 
 1.562800000000e-09 -1.972718441051e-02 
 1.572800000000e-09  4.453443502438e-02 
 1.582800000000e-09  1.052382551921e-01 
 1.592800000000e-09  1.549603514883e-01 
 1.602800000000e-09  1.873381698974e-01 
 1.612800000000e-09  1.981475801586e-01 
 1.622800000000e-09  1.859269168351e-01 
 1.632800000000e-09  1.519992773655e-01 
 1.642800000000e-09  1.000394414213e-01 
 1.652800000000e-09  3.552140113513e-02 
 1.662800000000e-09 -3.467536942515e-02 
 1.672800000000e-09 -1.026225178213e-01 
 1.682800000000e-09 -1.600700829634e-01 
 1.692800000000e-09 -1.996653735291e-01 
 1.702800000000e-09 -2.162471800691e-01 
 1.712800000000e-09 -2.076677727171e-01 
 1.722800000000e-09 -1.749085729990e-01 
 1.732800000000e-09 -1.216144606768e-01 
 1.742800000000e-09 -5.342274024522e-02 
 1.752800000000e-09  2.249885996406e-02 
 1.762800000000e-09  9.773038880311e-02 
 1.772800000000e-09  1.632278377542e-01 
 1.782800000000e-09  2.106111478132e-01 
 1.792800000000e-09  2.336896481830e-01 
 1.802800000000e-09  2.295193296400e-01 
 1.812800000000e-09  1.986473522358e-01 
 1.822800000000e-09  1.446393670968e-01 
 1.832800000000e-09  7.327875802928e-02 
 1.842800000000e-09 -8.017305725617e-03 
 1.852800000000e-09 -9.041505138289e-02 
 1.862800000000e-09 -1.641385563123e-01 
 1.872800000000e-09 -2.197724359426e-01 
 1.882800000000e-09 -2.500193603186e-01 
 1.892800000000e-09 -2.510289174817e-01 
 1.902800000000e-09 -2.228109392394e-01 
 1.912800000000e-09 -1.687851320664e-01 
 1.922800000000e-09 -9.486056038534e-02 
 1.932800000000e-09 -8.675530154374e-03 
 1.942800000000e-09  8.060569465075e-02 
 1.952800000000e-09  1.625674502309e-01 
 1.962800000000e-09  2.267846699214e-01 
 1.972800000000e-09  2.647956643585e-01 
 1.982800000000e-09  2.717358477667e-01 
 1.992800000000e-09  2.469677204076e-01 
 2.002800000000e-09  1.936805750555e-01 
 2.012800000000e-09  1.178777586748e-01 
 2.022800000000e-09  2.740306206417e-02 
 2.032800000000e-09 -6.832485213561e-02 
 2.042800000000e-09 -1.583655047807e-01 
 2.052800000000e-09 -2.313461732970e-01 
 2.062800000000e-09 -2.776108111865e-01 
 2.072800000000e-09 -2.911815359006e-01 
 2.082800000000e-09 -2.706622626559e-01 
 2.092800000000e-09 -2.189164472995e-01 
 2.102800000000e-09 -1.419906291104e-01 
 2.112800000000e-09 -4.792318232997e-02 
 2.122800000000e-09  5.367396753516e-02 
 2.132800000000e-09  1.514644431106e-01 
 2.142800000000e-09  2.332263766935e-01 
 2.152800000000e-09  2.881107101310e-01 
 2.162800000000e-09  3.089390411530e-01 
 2.172800000000e-09  2.934443079642e-01 
 2.182800000000e-09  2.440667059411e-01 
 2.192800000000e-09  1.668246779066e-01 
 2.202800000000e-09  6.993611699769e-02 
 2.212800000000e-09 -3.683468674958e-02 
 2.222800000000e-09 -1.418848683284e-01 
 2.232800000000e-09 -2.322749306820e-01 
 2.242800000000e-09 -2.960013604023e-01 
 2.252800000000e-09 -3.246203242211e-01 
 2.262800000000e-09 -3.148805249402e-01 
 2.272800000000e-09 -2.687013885967e-01 
 2.282800000000e-09 -1.919867936480e-01 
 2.292800000000e-09 -9.310601652059e-02 
 2.302800000000e-09  1.804857965993e-02 
 2.312800000000e-09  1.297255346706e-01 
 2.322800000000e-09  2.284248472901e-01 
 2.332800000000e-09  3.010655741223e-01 
 2.342800000000e-09  3.379009533959e-01 
 2.352800000000e-09  3.345856958544e-01 
 2.362800000000e-09  2.924162728411e-01 
 2.372800000000e-09  2.170869675494e-01 
 2.382800000000e-09  1.170762513872e-01 
 2.392800000000e-09  2.391635188707e-03 
 2.402800000000e-09 -1.151630033474e-01 
 2.412800000000e-09 -2.216983425808e-01 
 2.422800000000e-09 -3.031706732755e-01 
 2.432800000000e-09 -3.485295060500e-01 
 2.442800000000e-09 -3.522371701565e-01 
 2.452800000000e-09 -3.148527864805e-01 
 2.462800000000e-09 -2.417632847987e-01 
 2.472800000000e-09 -1.414966470244e-01 
 2.482800000000e-09 -2.416894123946e-02 
 2.492800000000e-09  9.843340318882e-02 
 2.502800000000e-09  2.122032936470e-01 
 2.512800000000e-09  3.022802702892e-01 
 2.522800000000e-09  3.563463272550e-01 
 2.532800000000e-09  3.675920151107e-01 
 2.542800000000e-09  3.357176052377e-01 
 2.552800000000e-09  2.657017232062e-01 
 2.562800000000e-09  1.660415977479e-01 
 2.572800000000e-09  4.695989596022e-02 
 2.582800000000e-09 -7.981651258632e-02 
 2.592800000000e-09 -2.001213435621e-01 
 2.602800000000e-09 -2.984464102611e-01 
 2.612800000000e-09 -3.612801048520e-01 
 2.622800000000e-09 -3.804857977600e-01 
 2.632800000000e-09 -3.547862081006e-01 
 2.642800000000e-09 -2.886435035700e-01 
 2.652800000000e-09 -1.904249300054e-01 
 2.662800000000e-09 -7.045676597202e-02 
 2.672800000000e-09  5.961036293433e-02 
 2.682800000000e-09  1.856861683061e-01 
 2.692800000000e-09  2.917961542744e-01 
 2.702800000000e-09  3.633420247265e-01 
 2.712800000000e-09  3.908320677686e-01 
 2.722800000000e-09  3.719017211928e-01 
 2.732800000000e-09  3.103806895711e-01 
 2.742800000000e-09  2.144000642991e-01 
 2.752800000000e-09  9.437414913090e-02 
 2.762800000000e-09 -3.811683935226e-02 
 2.772800000000e-09 -1.691637278385e-01 
 2.782800000000e-09 -2.825099601118e-01 
 2.792800000000e-09 -3.626050925287e-01 
 2.802800000000e-09 -3.986045821312e-01 
 2.812800000000e-09 -3.869589332185e-01 
 2.822800000000e-09 -3.307480516144e-01 
 2.832800000000e-09 -2.377629413569e-01 
 2.842800000000e-09 -1.184620652827e-01 
 2.852800000000e-09  1.562123489517e-02 
 2.862800000000e-09  1.508294374798e-01 
 2.872800000000e-09  2.708018716364e-01 
 2.882800000000e-09  3.591895549770e-01 
 2.892800000000e-09  4.038287368960e-01 
 2.902800000000e-09  3.998997591231e-01 
 2.912800000000e-09  3.496232044156e-01 
 2.922800000000e-09  2.603503017486e-01 
 2.932800000000e-09  1.425071520951e-01 
 2.942800000000e-09  7.615167900116e-03 
 2.952800000000e-09 -1.309554386262e-01 
 2.962800000000e-09 -2.569037287284e-01 
 2.972800000000e-09 -3.532471194038e-01 
 2.982800000000e-09 -4.065677201188e-01 
 2.992800000000e-09 -4.107049172974e-01 
 3.002800000000e-09 -3.669223803201e-01 
 3.012800000000e-09 -2.820323161414e-01 
 3.022800000000e-09 -1.663290357781e-01 
 3.032800000000e-09 -3.135771988286e-02 
 3.042800000000e-09  1.098030323767e-01 
 3.052800000000e-09  2.410545856473e-01 
 3.062800000000e-09  3.449497112710e-01 
 3.072800000000e-09  4.069104332992e-01 
 3.082800000000e-09  4.193831776746e-01 
 3.092800000000e-09  3.825880819484e-01 
 3.102800000000e-09  3.026977745318e-01 
 3.112800000000e-09  1.897694356444e-01 
 3.122800000000e-09  5.539421002906e-02 
 3.132800000000e-09 -8.761952483527e-02 
 3.142800000000e-09 -2.234905608427e-01 
 3.152800000000e-09 -3.344752510419e-01 
 3.162800000000e-09 -4.049552535947e-01 
 3.172800000000e-09 -4.259568544893e-01 
 3.182800000000e-09 -3.965766293417e-01 
 3.192800000000e-09 -3.222481261248e-01 
 3.202800000000e-09 -2.126910103423e-01 
 3.212800000000e-09 -7.953771135829e-02 
 3.222800000000e-09  6.463170987631e-02 
 3.232800000000e-09  2.044366588310e-01 
 3.242800000000e-09  3.220005587808e-01 
 3.252800000000e-09  4.008046276451e-01 
 3.262800000000e-09  4.304570271507e-01 
 3.272800000000e-09  4.088540384425e-01 
 3.282800000000e-09  3.405979090564e-01 
 3.292800000000e-09  2.349793413628e-01 
 3.302800000000e-09  1.036312753514e-01 
 3.312800000000e-09 -4.103891813404e-02 
 3.322800000000e-09 -1.840993188752e-01 
 3.332800000000e-09 -3.076962193989e-01 
 3.342800000000e-09 -3.945631718780e-01 
 3.352800000000e-09 -4.329255146702e-01 
 3.362800000000e-09 -4.194028729127e-01 
 3.372800000000e-09 -3.576834105273e-01 
 3.382800000000e-09 -2.565447881003e-01 
 3.392800000000e-09 -1.275471938596e-01 
 3.402800000000e-09  1.701318488961e-02 
 3.412800000000e-09  1.626673945634e-01 
 3.422800000000e-09  2.917293471765e-01 
 3.432800000000e-09  3.863433580390e-01 
 3.442800000000e-09  4.334173729753e-01 
 3.452800000000e-09  4.282216621855e-01 
 3.462800000000e-09  3.734591293518e-01 
 3.472800000000e-09  2.773121538897e-01 
 3.482800000000e-09  1.511755192335e-01 
 3.492800000000e-09  7.291908070333e-03 
 3.502800000000e-09 -1.403178548457e-01 
 3.512800000000e-09 -2.742652103377e-01 
 3.522800000000e-09 -3.762634775589e-01 
 3.532800000000e-09 -4.319956298615e-01 
 3.542800000000e-09 -4.353192274881e-01 
 3.552800000000e-09 -3.878892944542e-01 
 3.562800000000e-09 -2.972101198720e-01 
 3.572800000000e-09 -1.744138717096e-01 
 3.582800000000e-09 -3.173292979641e-02 
 3.592800000000e-09  1.172218685724e-01 
 3.602800000000e-09  2.554692043180e-01 
 3.612800000000e-09  3.644458241108e-01 
 3.622800000000e-09  4.287250382533e-01 
 3.632800000000e-09  4.407062619701e-01 
 3.642800000000e-09  4.009382631395e-01 
 3.652800000000e-09  3.161649334265e-01 
 3.662800000000e-09  1.971643380092e-01 
 3.672800000000e-09  5.617603200893e-02 
 3.682800000000e-09 -9.354315906392e-02 
 3.692800000000e-09 -2.355024638900e-01 
 3.702800000000e-09 -3.510109688542e-01 
 3.712800000000e-09 -4.236665086505e-01 
 3.722800000000e-09 -4.443914884235e-01 
 3.732800000000e-09 -4.125691052343e-01 
 3.742800000000e-09 -3.341046423244e-01 
 3.752800000000e-09 -2.193390889819e-01 
 3.762800000000e-09 -8.050351416466e-02 
 3.772800000000e-09  6.943051799286e-02 
 3.782800000000e-09  2.145150418450e-01 
 3.792800000000e-09  3.360736022714e-01 
 3.802800000000e-09  4.168767011162e-01 
 3.812800000000e-09  4.463836861232e-01 
 3.822800000000e-09  4.227481352488e-01 
 3.832800000000e-09  3.509658425801e-01 
 3.842800000000e-09  2.408655271775e-01 
 3.852800000000e-09  1.046196384837e-01 
 3.862800000000e-09 -4.501094072300e-02 
 3.872800000000e-09 -1.926403452425e-01 
 3.882800000000e-09 -3.197408000318e-01 
 3.892800000000e-09 -4.084117233810e-01 
 3.902800000000e-09 -4.466965063690e-01 
 3.912800000000e-09 -4.314503835202e-01 
 3.922800000000e-09 -3.666983378148e-01 
 3.932800000000e-09 -2.616842416074e-01 
 3.942800000000e-09 -1.284461930372e-01 
 3.952800000000e-09  2.039276742625e-02 
 3.962800000000e-09  1.699981508678e-01 
 3.972800000000e-09  3.021157665944e-01 
 3.982800000000e-09  3.983309927585e-01 
 3.992800000000e-09  4.453512083362e-01 
 4.002800000000e-09  4.386621918448e-01 
 4.012800000000e-09  3.812628874192e-01 
 4.022800000000e-09  2.817411104793e-01 
 4.032800000000e-09  1.519120582389e-01 
 4.042800000000e-09  4.323998418056e-03 
 4.052800000000e-09 -1.467045554184e-01 
 4.062800000000e-09 -2.833059003756e-01 
 4.072800000000e-09 -3.867048497146e-01 
 4.082800000000e-09 -4.423771479956e-01 
 4.092800000000e-09 -4.443750444769e-01 
 4.102800000000e-09 -3.946222681465e-01 
 4.112800000000e-09 -3.009773885689e-01 
 4.122800000000e-09 -1.749439034566e-01 
 4.132800000000e-09 -2.903949255316e-02 
 4.142800000000e-09  1.228789385404e-01 
 4.152800000000e-09  2.634258043457e-01 
 4.162800000000e-09  3.736125378791e-01 
 4.172800000000e-09  4.378072388920e-01 
 4.182800000000e-09  4.485814628988e-01 
 4.192800000000e-09  4.067361437011e-01 
 4.202800000000e-09  3.193280747301e-01 
 4.212800000000e-09  1.974657099386e-01 
 4.222800000000e-09  5.365373996975e-02 
 4.232800000000e-09 -9.864345627649e-02 
 4.242800000000e-09 -2.425946428843e-01 
 4.252800000000e-09 -3.591381331243e-01 
 4.262800000000e-09 -4.316738640605e-01 
 4.272800000000e-09 -4.512723646647e-01 
 4.282800000000e-09 -4.175609633059e-01 
 4.292800000000e-09 -3.367260594336e-01 
 4.302800000000e-09 -2.194063311559e-01 
 4.312800000000e-09 -7.807691176954e-02 
 4.322800000000e-09  7.411217609026e-02 
 4.332800000000e-09  2.209262702085e-01 
 4.342800000000e-09  3.433636847129e-01 
 4.352800000000e-09  4.240070526989e-01 
 4.362800000000e-09  4.524394259582e-01 
 4.372800000000e-09  4.270563967665e-01 
 4.382800000000e-09  3.531118409804e-01 
 4.392800000000e-09  2.407059738402e-01 
 4.402800000000e-09  1.022352890578e-01 
 4.412800000000e-09 -4.938325261187e-02 
 4.422800000000e-09 -1.985223397350e-01 
 4.432800000000e-09 -3.263658452650e-01 
 4.442800000000e-09 -4.148364187576e-01 
 4.452800000000e-09 -4.520779998042e-01 
 4.462800000000e-09 -4.351887951739e-01 
 4.472800000000e-09 -3.684359922074e-01 
 4.482800000000e-09 -2.613142963463e-01 
 4.492800000000e-09 -1.260685313724e-01 
 4.502800000000e-09  2.454004501754e-02 
 4.512800000000e-09  1.754735328074e-01 
 4.522800000000e-09  3.082186449165e-01 
 4.532800000000e-09  4.041951308668e-01 
 4.542800000000e-09  4.501901414284e-01 
 4.552800000000e-09  4.419339461948e-01 
 4.562800000000e-09  3.826576086255e-01 
 4.572800000000e-09  2.811836742825e-01 
 4.582800000000e-09  1.495203229598e-01 
 4.592800000000e-09  3.394025496366e-04 
 4.602800000000e-09 -1.518692728536e-01 
 4.612800000000e-09 -2.890022913235e-01 
 4.622800000000e-09 -3.921290272164e-01 
 4.632800000000e-09 -4.467870280052e-01 
 4.642800000000e-09 -4.472727665755e-01 
 4.652800000000e-09 -3.957366684915e-01 
 4.662800000000e-09 -3.002600729812e-01 
 4.672800000000e-09 -1.725292242947e-01 
 4.682800000000e-09 -2.517357957685e-02 
 4.692800000000e-09  1.278060363016e-01 
 4.702800000000e-09  2.688080476458e-01 
 4.712800000000e-09  3.786967741126e-01 
 4.722800000000e-09  4.418862289396e-01 
 4.732800000000e-09  4.511884622631e-01 
 4.742800000000e-09  4.076298644272e-01 
 4.752800000000e-09  3.184817240328e-01 
 4.762800000000e-09  1.950279388153e-01 
 4.772800000000e-09  4.987639681173e-02 
 4.782800000000e-09 -1.033882236260e-01 
 4.792800000000e-09 -2.477367695352e-01 
 4.802800000000e-09 -3.639662818090e-01 
 4.812800000000e-09 -4.355077162911e-01 
 4.822800000000e-09 -4.536639319485e-01 
 4.832800000000e-09 -4.182904177801e-01 
 4.842800000000e-09 -3.357829856014e-01 
 4.852800000000e-09 -2.169508880204e-01 
 4.862800000000e-09 -7.436760108701e-02 
 4.872800000000e-09  7.871713570223e-02 
 4.882800000000e-09  2.258884747774e-01 
 4.892800000000e-09  3.480066405156e-01 
 4.902800000000e-09  4.276706973804e-01 
 4.912800000000e-09  4.546832483136e-01 
 4.922800000000e-09  4.276741591047e-01 
 4.932800000000e-09  3.521042847579e-01 
 4.942800000000e-09  2.382416831246e-01 
 4.952800000000e-09  9.858018183540e-02 
 4.962800000000e-09 -5.388147124258e-02 
 4.972800000000e-09 -2.033537048508e-01 
 4.982800000000e-09 -3.308829845971e-01 
 4.992800000000e-09 -4.183939966589e-01 
 5.002800000000e-09 -4.542336785794e-01 
 5.012800000000e-09 -4.357428103157e-01 
 5.022800000000e-09 -3.673951058626e-01 
 5.032800000000e-09 -2.588525594430e-01 
 5.042800000000e-09 -1.224595583949e-01 
 5.052800000000e-09  2.895619699751e-02 
 5.062800000000e-09  1.802126808861e-01 
 5.072800000000e-09  3.126578331853e-01 
 5.082800000000e-09  4.076995046924e-01 
 5.092800000000e-09  4.523086184221e-01 
 5.102800000000e-09  4.424668766858e-01 
 5.112800000000e-09  3.816130817674e-01 
 5.122800000000e-09  2.787384875474e-01 
 5.132800000000e-09  1.459552338387e-01 
 5.142800000000e-09 -4.010847620225e-03 
 5.152800000000e-09 -1.565439985828e-01 
 5.162800000000e-09 -2.933995722475e-01 
 5.172800000000e-09 -3.956216340171e-01 
 5.182800000000e-09 -4.489108425045e-01 
 5.192800000000e-09 -4.478224041646e-01 
 5.202800000000e-09 -3.947170933747e-01 
 5.212800000000e-09 -2.978482039509e-01 
 5.222800000000e-09 -1.690110455987e-01 
 5.232800000000e-09 -2.088062337645e-02 
 5.242800000000e-09  1.324342486108e-01 
 5.252800000000e-09  2.731889336832e-01 
 5.262800000000e-09  3.822093356800e-01 
 5.272800000000e-09  4.440509866622e-01 
 5.282800000000e-09  4.517884476102e-01 
 5.292800000000e-09  4.066627348351e-01 
 5.302800000000e-09  3.161214694872e-01 
 5.312800000000e-09  1.915638146448e-01 
 5.322800000000e-09  4.563862735245e-02 
 5.332800000000e-09 -1.079795240942e-01 
 5.342800000000e-09 -2.521182742047e-01 
 5.352800000000e-09 -3.675231417959e-01 
 5.362800000000e-09 -4.377440545956e-01 
 5.372800000000e-09 -4.543450528450e-01 
 5.382800000000e-09 -4.174026361114e-01 
 5.392800000000e-09 -3.334940437671e-01 
 5.402800000000e-09 -2.135497468833e-01 
 5.412800000000e-09 -7.018529705359e-02 
 5.422800000000e-09  8.327714584294e-02 
 5.432800000000e-09  2.302828584883e-01 
 5.442800000000e-09  3.516273091424e-01 
 5.452800000000e-09  4.300051655668e-01 
 5.462800000000e-09  4.554729614593e-01 
 5.472800000000e-09  4.268903524662e-01 
 5.482800000000e-09  3.499050030923e-01 
 5.492800000000e-09  2.349124569226e-01 
 5.502800000000e-09  9.445460713597e-02 
 5.512800000000e-09 -5.841380851882e-02 
 5.522800000000e-09 -2.077702564352e-01 
 5.532800000000e-09 -3.345831413894e-01 
 5.542800000000e-09 -4.208490463153e-01 
 5.552800000000e-09 -4.551559428756e-01 
 5.562800000000e-09 -4.350850852473e-01 
 5.572800000000e-09 -3.653023954552e-01 
 5.582800000000e-09 -2.556043893781e-01 
 5.592800000000e-09 -1.183930354149e-01 
 5.602800000000e-09  3.346263953300e-02 
 5.612800000000e-09  1.846577144886e-01 
 5.622800000000e-09  3.164488963364e-01 
 5.632800000000e-09  4.102926570342e-01 
 5.642800000000e-09  4.533833190597e-01 
 5.652800000000e-09  4.419544917102e-01 
 5.662800000000e-09  3.796426818920e-01 
 5.672800000000e-09  2.755816299834e-01 
 5.682800000000e-09  1.419523313849e-01 
 5.692800000000e-09 -8.490084145617e-03 
 5.702800000000e-09 -1.610194712960e-01 
 5.712800000000e-09 -2.972874760009e-01 
 5.722800000000e-09 -3.983644638768e-01 
 5.732800000000e-09 -4.501535850557e-01 
 5.742800000000e-09 -4.474721983628e-01 
 5.752800000000e-09 -3.928844259007e-01 
 5.762800000000e-09 -2.947949154169e-01 
 5.772800000000e-09 -1.650793391732e-01 
 5.782800000000e-09 -1.643374256317e-02 
 5.792800000000e-09  1.369369843073e-01 
 5.802800000000e-09  2.771738758180e-01 
 5.812800000000e-09  3.851078903568e-01 
 5.822800000000e-09  4.454738587986e-01 
 5.832800000000e-09  4.516154794997e-01 
 5.842800000000e-09  4.049833680535e-01 
 5.852800000000e-09  3.131857527107e-01 
 5.862800000000e-09  1.877130905470e-01 
 5.872800000000e-09  4.123203050162e-02 
 5.882800000000e-09 -1.125023792290e-01 
 5.892800000000e-09 -2.561961602948e-01 
 5.902800000000e-09 -3.705795646314e-01 
 5.912800000000e-09 -4.393568371154e-01 
 5.922800000000e-09 -4.543630645531e-01 
 5.932800000000e-09 -4.158919403435e-01 
 5.942800000000e-09 -3.306903397719e-01 
 5.952800000000e-09 -2.097901630340e-01 
 5.962800000000e-09 -6.582734724471e-02 
 5.972800000000e-09  8.781166651187e-02 
 5.982800000000e-09  2.344478110467e-01 
 5.992800000000e-09  3.548417775081e-01 
 6.002800000000e-09  4.318162122625e-01 
 6.012800000000e-09  4.556943561684e-01 
 6.022800000000e-09  4.255625884004e-01 
 6.032800000000e-09  3.472466555938e-01 
 6.042800000000e-09  2.312532158795e-01 
 6.052800000000e-09  9.015255210441e-02 
 6.062800000000e-09 -6.295223404334e-02 
 6.072800000000e-09 -2.120163948367e-01 
 6.082800000000e-09 -3.379548764008e-01 
 6.092800000000e-09 -4.228649821960e-01 
 6.102800000000e-09 -4.555915146693e-01 
 6.112800000000e-09 -4.339533901594e-01 
 6.122800000000e-09 -3.628015910302e-01 
 6.132800000000e-09 -2.520542166864e-01 
 6.142800000000e-09 -1.141534411238e-01 
 6.152800000000e-09  3.799793071050e-02 
 6.162800000000e-09  1.889792460158e-01 
 6.172800000000e-09  3.199759870738e-01 
 6.182800000000e-09  4.125188220399e-01 
 6.192800000000e-09  4.540417759992e-01 
 6.202800000000e-09  4.410288613629e-01 
 6.212800000000e-09  3.773095824099e-01 
 6.222800000000e-09  2.721489754789e-01 
 6.232800000000e-09  1.377820784160e-01 
 6.242800000000e-09 -1.301443917095e-02 
 6.252800000000e-09 -1.654086518172e-01 
 6.262800000000e-09 -3.009645489984e-01 
 6.272800000000e-09 -4.008009664392e-01 
 6.282800000000e-09 -4.510403077155e-01 
 6.292800000000e-09 -4.467618378146e-01 
 6.302800000000e-09 -3.907295097482e-01 
 6.312800000000e-09 -2.914902022279e-01 
 6.322800000000e-09 -1.609874769908e-01 
 6.332800000000e-09 -1.193032688996e-02 
 6.342800000000e-09  1.413831338109e-01 
 6.352800000000e-09  2.809920991385e-01 
 6.362800000000e-09  3.877515968112e-01 
 6.372800000000e-09  4.465923428946e-01 
 6.382800000000e-09  4.511285461526e-01 
 6.392800000000e-09  4.030176248657e-01 
 6.402800000000e-09  3.100211261244e-01 
 6.412800000000e-09  1.837103777253e-01 
 6.422800000000e-09  3.676136850812e-02 
 6.432800000000e-09 -1.169921064856e-01 
 6.442800000000e-09 -2.601436764929e-01 
 6.452800000000e-09 -3.734245273861e-01 
 6.462800000000e-09 -4.407092230670e-01 
 6.472800000000e-09 -4.541071187990e-01 
 6.482800000000e-09 -4.141266211881e-01 
 6.492800000000e-09 -3.276785338885e-01 
 6.502800000000e-09 -2.058874509393e-01 
 6.512800000000e-09 -6.140104061429e-02 
 6.522800000000e-09  9.233111013546e-02 
 6.532800000000e-09  2.385119028488e-01 
 6.542800000000e-09  3.578809863390e-01 
 6.552800000000e-09  4.334041074770e-01 
 6.562800000000e-09  4.556763031873e-01 
 6.572800000000e-09  4.240082644969e-01 
 6.582800000000e-09  3.443993915241e-01 
 6.592800000000e-09  2.274600612849e-01 
 6.602800000000e-09  8.578040426628e-02 
 6.612800000000e-09 -6.748907994083e-02 
 6.622800000000e-09 -2.161853118633e-01 
 6.632800000000e-09 -3.411813704811e-01 
 6.642800000000e-09 -4.246895420484e-01 
 6.652800000000e-09 -4.558172721952e-01 
 6.662800000000e-09 -4.326192565205e-01 
 6.672800000000e-09 -3.601289201238e-01 
 6.682800000000e-09 -2.483788762512e-01 
 6.692800000000e-09 -1.098435276822e-01 
 6.702800000000e-09  4.254168219531e-02 
 6.712800000000e-09  1.932423720706e-01 
 6.722800000000e-09  3.233825538557e-01 
 6.732800000000e-09  4.145798026588e-01 
 6.742800000000e-09  4.545157346288e-01 
 6.752800000000e-09  4.399226632182e-01 
 6.762800000000e-09  3.748203915423e-01 
 6.772800000000e-09  2.685996962734e-01 
 6.782800000000e-09  1.335423745097e-01 
 6.792800000000e-09 -1.755488368361e-02 
 6.802800000000e-09 -1.697549880238e-01 
 6.812800000000e-09 -3.045423371701e-01 
 6.822800000000e-09 -4.030955601210e-01 
 6.832800000000e-09 -4.517648742896e-01 
 6.842800000000e-09 -4.458899657574e-01 
 6.852800000000e-09 -3.884324296949e-01 
 6.862800000000e-09 -2.880765452262e-01 
 6.872800000000e-09 -1.568274141352e-01 
 6.882800000000e-09 -7.404844786858e-03 
 6.892800000000e-09  1.457994543102e-01 
 6.902800000000e-09  2.847292372861e-01 
 6.912800000000e-09  3.902735959432e-01 
 6.922800000000e-09  4.475679914260e-01 
 6.932800000000e-09  4.504966555795e-01 
 6.942800000000e-09  4.009218782197e-01 
 6.952800000000e-09  3.067544032793e-01 
 6.962800000000e-09  1.796409941294e-01 
 6.972800000000e-09  3.226405578948e-02 
 6.982800000000e-09 -1.214628407552e-01 
 6.992800000000e-09 -2.640256093223e-01 
 7.002800000000e-09 -3.761651692197e-01 
 7.012800000000e-09 -4.419353242935e-01 
 7.022800000000e-09 -4.537205161382e-01 
 7.032800000000e-09 -4.122419330331e-01 
 7.042800000000e-09 -3.245708768962e-01 
 7.052800000000e-09 -2.019199711244e-01 
 7.062800000000e-09 -5.694488451279e-02 
 7.072800000000e-09  9.684026397401e-02 
 7.082800000000e-09  2.425233091101e-01 
 7.092800000000e-09  3.608305926779e-01 
 7.102800000000e-09  4.348797591270e-01 
 7.112800000000e-09  4.555399143799e-01 
 7.122800000000e-09  4.223439520004e-01 
 7.132800000000e-09  3.414621060755e-01 
 7.142800000000e-09  2.236043977059e-01 
 7.152800000000e-09  8.137646592451e-02 
 7.162800000000e-09 -7.202234354792e-02 
 7.172800000000e-09 -2.203120323712e-01 
 7.182800000000e-09 -3.443305994353e-01 
 7.192800000000e-09 -4.264137881983e-01 
 7.202800000000e-09 -4.559353471932e-01 
 7.212800000000e-09 -4.311834561347e-01 
 7.222800000000e-09 -3.573716579485e-01 
 7.232800000000e-09 -2.446434035302e-01 
 7.242800000000e-09 -1.055007356419e-01 
 7.252800000000e-09  4.708701503372e-02 
 7.262800000000e-09  1.974718819575e-01 
 7.272800000000e-09  3.267223410192e-01 
 7.282800000000e-09  4.165508329223e-01 
 7.292800000000e-09  4.548913303442e-01 
 7.302800000000e-09  4.387221627846e-01 
 7.312800000000e-09  3.722514935786e-01 
 7.322800000000e-09  2.649924154668e-01 
 7.332800000000e-09  1.292690200518e-01 
 7.342800000000e-09 -2.210116480204e-02 
 7.352800000000e-09 -1.740750663852e-01 
 7.362800000000e-09 -3.080625994500e-01 
 7.372800000000e-09 -4.053095051105e-01 
 7.382800000000e-09 -4.523993360049e-01 
 7.392800000000e-09 -4.449302565208e-01 
 7.402800000000e-09 -3.860598261182e-01 
 7.412800000000e-09 -2.846065187721e-01 
 7.422800000000e-09 -1.526328948292e-01 
 7.432800000000e-09 -2.869720720730e-03 
 7.442800000000e-09  1.501961802983e-01 
 7.452800000000e-09  2.884172997921e-01 
 7.462800000000e-09  3.927234564398e-01 
 7.472800000000e-09  4.484608506925e-01 
 7.482800000000e-09  4.497825238949e-01 
 7.492800000000e-09  3.987540561224e-01 
 7.502800000000e-09  3.034324564728e-01 
 7.512800000000e-09  1.755363240459e-01 
 7.522800000000e-09  2.775371009604e-02 
 7.532800000000e-09 -1.259200263868e-01 
 7.542800000000e-09 -2.678661447293e-01 
 7.552800000000e-09 -3.788413584898e-01 
 7.562800000000e-09 -4.430850037149e-01 
 7.572800000000e-09 -4.532564629994e-01 
 7.582800000000e-09 -4.102880231198e-01 
 7.592800000000e-09 -3.214088993055e-01 
 7.602800000000e-09 -1.979165783662e-01 
 7.612800000000e-09 -5.247294341786e-02 
 7.622800000000e-09  1.013410600558e-01 
 7.632800000000e-09  2.465000140763e-01 
 7.642800000000e-09  3.637224708607e-01 
 7.652800000000e-09  4.362844208250e-01 
 7.662800000000e-09  4.553301757728e-01 
 7.672800000000e-09  4.206128896955e-01 
 7.682800000000e-09  3.384714014642e-01 
 7.692800000000e-09  2.197125304039e-01 
 7.702800000000e-09  7.695474665446e-02 
 7.712800000000e-09 -7.655142072293e-02 
 7.722800000000e-09 -2.244096444475e-01 
 7.732800000000e-09 -3.474278574779e-01 
 7.742800000000e-09 -4.280716940582e-01 
 7.752800000000e-09 -4.559836428711e-01 
 7.762800000000e-09 -4.296831447588e-01 
 7.772800000000e-09 -3.545619415620e-01 
 7.782800000000e-09 -2.408716533635e-01 
 7.792800000000e-09 -1.011387216534e-01 
 7.802800000000e-09  5.163149272294e-02 
 7.812800000000e-09  2.016769752746e-01 
 7.822800000000e-09  3.300152047466e-01 
 7.832800000000e-09  4.184597143746e-01 
 7.842800000000e-09  4.552003743058e-01 
 7.852800000000e-09  4.374591956551e-01 
 7.862800000000e-09  3.696310379660e-01 
 7.872800000000e-09  2.613486935023e-01 
 7.882800000000e-09  1.249751405952e-01 
 7.892800000000e-09 -2.664953108458e-02 
 7.902800000000e-09 -1.783749844249e-01 
 7.912800000000e-09 -3.115406923434e-01 
 7.922800000000e-09 -4.074653791785e-01 
 7.932800000000e-09 -4.529702829218e-01 
 7.942800000000e-09 -4.439099133086e-01 
 7.952800000000e-09 -3.836363041256e-01 
 7.962800000000e-09 -2.810995355799e-01 
 7.972800000000e-09 -1.484163680126e-01 
 7.982800000000e-09  1.670413160408e-03 
 7.992800000000e-09  1.545769770321e-01 
 8.002800000000e-09  2.920679634006e-01 
 8.012800000000e-09  3.951193798057e-01 
 8.022800000000e-09  4.492930667052e-01 
 8.032800000000e-09  4.490093290107e-01 
 8.042800000000e-09  3.965355982769e-01 
 8.052800000000e-09  3.000726583217e-01 
 8.062800000000e-09  1.714079963931e-01 
 8.072800000000e-09  2.323544720139e-02 
 8.082800000000e-09 -1.303655079593e-01 
 8.092800000000e-09 -2.716740246148e-01 
 8.102800000000e-09 -3.814676853525e-01 
 8.112800000000e-09 -4.441766505804e-01 
 8.122800000000e-09 -4.527346426057e-01 
 8.132800000000e-09 -4.082834863254e-01 
 8.142800000000e-09 -3.182080258792e-01 
 8.152800000000e-09 -1.938879762329e-01 
 8.162800000000e-09 -4.799049174510e-02 
 8.172800000000e-09  1.058340488320e-01 
 8.182800000000e-09  2.504484712141e-01 
 8.192800000000e-09  3.665682603111e-01 
 8.202800000000e-09  4.376333128597e-01 
 8.212800000000e-09  4.550637417819e-01 
 8.222800000000e-09  4.188311240184e-01 
 8.232800000000e-09  3.354408753268e-01 
 8.242800000000e-09  2.157942101746e-01 
 8.252800000000e-09  7.252047347268e-02 
 8.262800000000e-09 -8.107595720553e-02 
 8.272800000000e-09 -2.284828193959e-01 
 8.282800000000e-09 -3.504823628740e-01 
 8.292800000000e-09 -4.296757890047e-01 
 8.302800000000e-09 -4.559761901605e-01 
 8.312800000000e-09 -4.281321109395e-01 
 8.322800000000e-09 -3.517117070919e-01 
 8.332800000000e-09 -2.370724743680e-01 
 8.342800000000e-09 -9.676257648772e-02 
 8.352800000000e-09  5.617409844194e-02 
 8.362800000000e-09  2.058608936568e-01 
 8.372800000000e-09  3.332683394985e-01 
 8.382800000000e-09  4.203166646710e-01 
 8.392800000000e-09  4.554546248593e-01 
 8.402800000000e-09  4.361455743675e-01 
 8.412800000000e-09  3.669694929202e-01 
 8.422800000000e-09  2.576765670399e-01 
 8.432800000000e-09  1.206656655616e-01 
 8.442800000000e-09 -3.119845120026e-02 
 8.452800000000e-09 -1.826568001798e-01 
 8.462800000000e-09 -3.149820960754e-01 
 8.472800000000e-09 -4.095714113295e-01 
 8.482800000000e-09 -4.534875153688e-01 
 8.492800000000e-09 -4.428390345184e-01 
 8.502800000000e-09 -3.811710491117e-01 
 8.512800000000e-09 -2.775628957666e-01 
 8.522800000000e-09 -1.441825678377e-01 
 8.532800000000e-09  6.213648973031e-03 
 8.542800000000e-09  1.589429410137e-01 
 8.552800000000e-09  2.956852824317e-01 
 8.562800000000e-09  3.974679191142e-01 
 8.572800000000e-09  4.500727774386e-01 
 8.582800000000e-09  4.481856875348e-01 
 8.592800000000e-09  3.942745526108e-01 
 8.602800000000e-09  2.966816634922e-01 
 8.612800000000e-09  1.672602529257e-01 
 8.622800000000e-09  1.871095656650e-02 
 8.632800000000e-09 -1.348000226837e-01 
 8.642800000000e-09 -2.754524261108e-01 
 8.652800000000e-09 -3.840494422820e-01 
 8.662800000000e-09 -4.452169652330e-01 
 8.672800000000e-09 -4.521621949921e-01 
 8.682800000000e-09 -4.062350324544e-01 
 8.692800000000e-09 -3.149737599893e-01 
 8.702800000000e-09 -1.898378698863e-01 
 8.712800000000e-09 -4.349926975652e-02 
 8.722800000000e-09  1.103195155865e-01 
 8.732800000000e-09  2.543710528819e-01 
 8.742800000000e-09  3.693722070156e-01 
 8.752800000000e-09  4.389320179737e-01 
 8.762800000000e-09  4.547466765413e-01 
 8.772800000000e-09  4.170044505578e-01 
 8.782800000000e-09  3.323753609694e-01 
 8.792800000000e-09  2.118527753595e-01 
 8.802800000000e-09  6.807532594415e-02 
 8.812800000000e-09 -8.559596304767e-02 
 8.822800000000e-09 -2.325333325210e-01 
 8.832800000000e-09 -3.534975188611e-01 
 8.842800000000e-09 -4.312307027594e-01 
 8.852800000000e-09 -4.559181124413e-01 
 8.862800000000e-09 -4.265353292697e-01 
 8.872800000000e-09 -3.488251721820e-01 
 8.882800000000e-09 -2.332488700682e-01 
 8.892800000000e-09 -9.237390657974e-02 
 8.902800000000e-09  6.071464060914e-02 
 8.912800000000e-09  2.100249292765e-01 
 8.922800000000e-09  3.364844297604e-01 
 8.932800000000e-09  4.221252170247e-01 
 8.942800000000e-09  4.556584676742e-01 
 8.952800000000e-09  4.347861321446e-01 
 8.962800000000e-09  3.642709824062e-01 
 8.972800000000e-09  2.539791015833e-01 
 8.982800000000e-09  1.163423508081e-01 
 8.992800000000e-09 -3.574750859427e-02 
 9.002800000000e-09 -1.869214962198e-01 
 9.012800000000e-09 -3.183891263483e-01 
 9.022800000000e-09 -4.116310168596e-01 
 9.032800000000e-09 -4.539550468933e-01 
 9.042800000000e-09 -4.417217007205e-01 
 9.052800000000e-09 -3.786677026689e-01 
 9.062800000000e-09 -2.739994199015e-01 
 9.072800000000e-09 -1.399332213504e-01 
 9.082800000000e-09  1.075937532236e-02 
 9.092800000000e-09  1.632946170114e-01 
 9.102800000000e-09  2.992709466526e-01 
 9.112800000000e-09  3.997717688946e-01 
 9.122800000000e-09  4.508033174901e-01 
 9.132800000000e-09  4.473150966449e-01 
 9.142800000000e-09  3.919741401560e-01 
 9.152800000000e-09  2.932619474306e-01 
 9.162800000000e-09  1.630951800379e-01 
 9.172800000000e-09  1.418176646850e-02 
 9.182800000000e-09 -1.392231236997e-01 
 9.192800000000e-09 -2.792020871296e-01 
 9.202800000000e-09 -3.865885555425e-01 
 9.212800000000e-09 -4.462088213182e-01 
 9.222800000000e-09 -4.515424844185e-01 
 9.232800000000e-09 -4.041460695076e-01 
 9.242800000000e-09 -3.117091487337e-01 
 9.252800000000e-09 -1.857685628469e-01 
 9.262800000000e-09 -3.900078667399e-02 
 9.272800000000e-09  1.147968099934e-01 
 9.282800000000e-09  2.582681095500e-01 
 9.292800000000e-09  3.721357322812e-01 
 9.302800000000e-09  4.401828777474e-01 
 9.312800000000e-09  4.543818251877e-01 
 9.322800000000e-09  4.151358333970e-01 
 9.332800000000e-09  3.292775663334e-01 
 9.342800000000e-09  2.078903274646e-01 
 9.352800000000e-09  6.362074106418e-02 
 9.362800000000e-09 -9.011069700056e-02 
 9.372800000000e-09 -2.365612799851e-01 
 9.382800000000e-09 -3.564743537551e-01 
 9.392800000000e-09 -4.327383179730e-01 
 9.402800000000e-09 -4.558117886195e-01 
 9.412800000000e-09 -4.248953452652e-01 
 9.422800000000e-09 -3.459047169427e-01 
 9.432800000000e-09 -2.294027552315e-01 
 9.442800000000e-09 -8.797407682362e-02 
 9.452800000000e-09  6.525232064538e-02 
 9.462800000000e-09  2.141689735081e-01 
 9.472800000000e-09  3.396641559451e-01 
 9.482800000000e-09  4.238873539855e-01 
 9.492800000000e-09  4.558136545502e-01 
 9.502800000000e-09  4.333818115337e-01 
 9.512800000000e-09  3.615366855370e-01 
 9.522800000000e-09  2.502573831918e-01 
 9.532800000000e-09  1.120061434870e-01 
 9.542800000000e-09 -4.029587893890e-02 
 9.552800000000e-09 -1.911684615173e-01 
 9.562800000000e-09 -3.217615229345e-01 
 9.572800000000e-09 -4.136444059877e-01 
 9.582800000000e-09 -4.543735017134e-01 
 9.592800000000e-09 -4.405588261720e-01 
 9.602800000000e-09 -3.761273273591e-01 
 9.612800000000e-09 -2.704101851675e-01 
 9.622800000000e-09 -1.356693054436e-01 
 9.632800000000e-09  1.530669693576e-02 
 9.642800000000e-09  1.676312548509e-01 
 9.652800000000e-09  3.028244970733e-01 
 9.662800000000e-09  4.020309127945e-01 
 9.672800000000e-09  4.514851287335e-01 
 9.682800000000e-09  4.463983365192e-01 
 9.692800000000e-09  3.896353535911e-01 
 9.702800000000e-09  2.898146313132e-01 
 9.712800000000e-09  1.589135642749e-01 
 9.722800000000e-09  9.648437233337e-03 
 9.732800000000e-09 -1.436342664146e-01 
 9.742800000000e-09 -2.829226145375e-01 
 9.752800000000e-09 -3.890849294207e-01 
 9.762800000000e-09 -4.471524814481e-01 
 9.772800000000e-09 -4.508760045169e-01 
 9.782800000000e-09 -4.020172411954e-01 
 9.792800000000e-09 -3.084148686525e-01 
 9.802800000000e-09 -1.816806301657e-01 
 9.812800000000e-09 -3.449558374281e-02 
 9.822800000000e-09  1.192653771494e-01 
 9.832800000000e-09  2.621392091013e-01 
 9.842800000000e-09  3.748586786595e-01 
 9.852800000000e-09  4.413860990022e-01 
 9.862800000000e-09  4.539696162305e-01 
 9.872800000000e-09  4.132258478925e-01 
 9.882800000000e-09  3.261480944545e-01 
 9.892800000000e-09  2.039073669293e-01 
 9.902800000000e-09  5.915717870988e-02 
 9.912800000000e-09 -9.461966679028e-02 
 9.922800000000e-09 -2.405662575431e-01 
 9.932800000000e-09 -3.594126916181e-01 
 9.942800000000e-09 -4.341987951456e-01 
 9.952800000000e-09 -4.556575770253e-01 
 9.962800000000e-09 -4.232126495939e-01 
 9.972800000000e-09 -3.429508543801e-01 
 9.982800000000e-09 -2.255345629043e-01 
 9.992800000000e-09 -8.356347437998e-02 
 1.000000000000e-08  2.702001476425e-02 
