 1.628000000000e-10  7.148700138490e-03 
 1.728000000000e-10 -6.556248283308e-03 
 1.828000000000e-10 -1.971437135227e-02 
 1.928000000000e-10 -3.046832510057e-02 
 2.028000000000e-10 -3.724484206798e-02 
 2.128000000000e-10 -3.898722404017e-02 
 2.228000000000e-10 -3.531874717656e-02 
 2.328000000000e-10 -2.661104433390e-02 
 2.428000000000e-10 -1.394722371181e-02 
 2.528000000000e-10  1.010890375025e-03 
 2.628000000000e-10  1.623518558993e-02 
 2.728000000000e-10  2.959972790204e-02 
 2.828000000000e-10  3.917676561508e-02 
 2.928000000000e-10  4.351854183212e-02 
 3.028000000000e-10  4.187897998930e-02 
 3.128000000000e-10  3.433491833145e-02 
 3.228000000000e-10  2.178964009036e-02 
 3.328000000000e-10  5.862674403261e-03 
 3.428000000000e-10 -1.131445345393e-02 
 3.528000000000e-10 -2.737440631426e-02 
 3.628000000000e-10 -4.003447001271e-02 
 3.728000000000e-10 -4.742374767739e-02 
 3.828000000000e-10 -4.836506885182e-02 
 3.928000000000e-10 -4.256093597883e-02 
 4.028000000000e-10 -3.065096603476e-02 
 4.128000000000e-10 -1.413831435399e-02 
 4.228000000000e-10  4.797692448234e-03 
 4.328000000000e-10  2.357802655500e-02 
 4.428000000000e-10  3.956516961760e-02 
 4.528000000000e-10  5.043395269242e-02 
 4.628000000000e-10  5.451894284417e-02 
 4.728000000000e-10  5.107393783219e-02 
 4.828000000000e-10  4.039477807846e-02 
 4.928000000000e-10  2.378773582336e-02 
 5.028000000000e-10  3.413561417878e-03 
 5.128000000000e-10 -1.798715588926e-02 
 5.228000000000e-10 -3.745223885697e-02 
 5.328000000000e-10 -5.219304612990e-02 
 5.428000000000e-10 -6.000529045762e-02 
 5.528000000000e-10 -5.961153530135e-02 
 5.628000000000e-10 -5.086480313709e-02 
 5.728000000000e-10 -3.478185641254e-02 
 5.828000000000e-10 -1.341169371011e-02 
 5.928000000000e-10  1.040945866726e-02 
 6.028000000000e-10  3.341949825708e-02 
 6.128000000000e-10  5.236916475376e-02 
 6.228000000000e-10  6.447462396568e-02 
 6.328000000000e-10  6.785013248012e-02 
 6.428000000000e-10  6.180915454835e-02 
 6.528000000000e-10  4.697450683375e-02 
 6.628000000000e-10  2.519746679797e-02 
 6.728000000000e-10 -6.776776351147e-04 
 6.828000000000e-10 -2.716208434665e-02 
 6.928000000000e-10 -5.056367134551e-02 
 7.028000000000e-10 -6.749672582915e-02 
 7.128000000000e-10 -7.539559216107e-02 
 7.228000000000e-10 -7.292479233089e-02 
 7.328000000000e-10 -6.019185889536e-02 
 7.428000000000e-10 -3.873280044736e-02 
 7.528000000000e-10 -1.130779870607e-02 
 7.628000000000e-10  1.843768499398e-02 
 7.728000000000e-10  4.641599263197e-02 
 7.828000000000e-10  6.863616257149e-02 
 7.928000000000e-10  8.179396300279e-02 
 8.028000000000e-10  8.380193448312e-02 
 8.128000000000e-10  7.412652679349e-02 
 8.228000000000e-10  5.386352623579e-02 
 8.328000000000e-10  2.557596790521e-02 
 8.428000000000e-10 -7.030899690316e-03 
 8.528000000000e-10 -3.954688119292e-02 
 8.628000000000e-10 -6.739251915773e-02 
 8.728000000000e-10 -8.649559268171e-02 
 8.828000000000e-10 -9.393416573073e-02 
 8.928000000000e-10 -8.838791787859e-02 
 9.028000000000e-10 -7.035847201347e-02 
 9.128000000000e-10 -4.208134290242e-02 
 9.228000000000e-10 -7.209932410129e-03 
 9.328000000000e-10  2.961392813569e-02 
 9.428000000000e-10  6.330095111983e-02 
 9.528000000000e-10  8.899032817750e-02 
 9.628000000000e-10  1.028055993739e-01 
 9.728000000000e-10  1.025103411192e-01 
 9.828000000000e-10  8.786720591515e-02 
 9.928000000000e-10  6.063594554746e-02 
 1.002800000000e-09  2.429231581003e-02 
 1.012800000000e-09 -1.640725204041e-02 
 1.022800000000e-09 -5.592731109875e-02 
 1.032800000000e-09 -8.865561721934e-02 
 1.042800000000e-09 -1.097431255659e-01 
 1.052800000000e-09 -1.158862907220e-01 
 1.062800000000e-09 -1.059221446957e-01 
 1.072800000000e-09 -8.096333148560e-02 
 1.082800000000e-09 -4.416377846535e-02 
 1.092800000000e-09 -2.658805670344e-04 
 1.102800000000e-09  4.485683762439e-02 
 1.112800000000e-09  8.489574096964e-02 
 1.122800000000e-09  1.140298593979e-01 
 1.132800000000e-09  1.277941551577e-01 
 1.142800000000e-09  1.238991423665e-01 
 1.152800000000e-09  1.026147696876e-01 
 1.162800000000e-09  6.660558568785e-02 
 1.172800000000e-09  2.045707725809e-02 
 1.182800000000e-09 -2.977040382182e-02 
 1.192800000000e-09 -7.715799040877e-02 
 1.202800000000e-09 -1.149245187352e-01 
 1.212800000000e-09 -1.374116372868e-01 
 1.222800000000e-09 -1.410361906765e-01 
 1.232800000000e-09 -1.249774939878e-01 
 1.242800000000e-09 -9.121657356521e-02 
 1.252800000000e-09 -4.402957513171e-02 
 1.262800000000e-09  1.048639543592e-02 
 1.272800000000e-09  6.497276354141e-02 
 1.282800000000e-09  1.117276895535e-01 
 1.292800000000e-09  1.438573561656e-01 
 1.302800000000e-09  1.564112839747e-01 
 1.312800000000e-09  1.472444164192e-01 
 1.322800000000e-09  1.173904520081e-01 
 1.332800000000e-09  7.064630499838e-02 
 1.342800000000e-09  1.298851375611e-02 
 1.352800000000e-09 -4.796590495619e-02 
 1.362800000000e-09 -1.037738506580e-01 
 1.372800000000e-09 -1.462838567932e-01 
 1.382800000000e-09 -1.690469648080e-01 
 1.392800000000e-09 -1.684589187758e-01 
 1.402800000000e-09 -1.443307853150e-01 
 1.412800000000e-09 -9.974170663916e-02 
 1.422800000000e-09 -4.039423500355e-02 
 1.432800000000e-09  2.602020404264e-02 
 1.442800000000e-09  9.051891950498e-02 
 1.452800000000e-09  1.438453665716e-01 
 1.462800000000e-09  1.779999435746e-01 
 1.472800000000e-09  1.876679852542e-01 
 1.482800000000e-09  1.711644043150e-01 
 1.492800000000e-09  1.306516256143e-01 
 1.502800000000e-09  7.135015911371e-02 
 1.512800000000e-09  7.956327021845e-04 
 1.522800000000e-09 -7.167424360659e-02 
 1.532800000000e-09 -1.358854828244e-01 
 1.542800000000e-09 -1.822694385988e-01 
 1.552800000000e-09 -2.036931671261e-01 
 1.562800000000e-09 -1.967898467271e-01 
 1.572800000000e-09 -1.624014513528e-01 
 1.582800000000e-09 -1.050598207809e-01 
 1.592800000000e-09 -3.207327467436e-02 
 1.602800000000e-09  4.713294477471e-02 
 1.612800000000e-09  1.217469234933e-01 
 1.622800000000e-09  1.808393320889e-01 
 1.632800000000e-09  2.153821990715e-01 
 1.642800000000e-09  2.200025335940e-01 
 1.652800000000e-09  1.938916561667e-01 
 1.662800000000e-09  1.406366438872e-01 
 1.672800000000e-09  6.716207549639e-02 
 1.682800000000e-09 -1.719516702157e-02 
 1.692800000000e-09 -1.012741747911e-01 
 1.702800000000e-09 -1.730554267322e-01 
 1.712800000000e-09 -2.216048287376e-01 
 1.722800000000e-09 -2.393973127106e-01 
 1.732800000000e-09 -2.237503440226e-01 
 1.742800000000e-09 -1.769173085615e-01 
 1.752800000000e-09 -1.051814588075e-01 
 1.762800000000e-09 -1.766078446920e-02 
 1.772800000000e-09  7.440307377995e-02 
 1.782800000000e-09  1.582616177664e-01 
 1.792800000000e-09  2.213276907858e-01 
 1.802800000000e-09  2.538171424413e-01 
 1.812800000000e-09  2.507767745020e-01 
 1.822800000000e-09  2.127681399725e-01 
 1.832800000000e-09  1.451586894143e-01 
 1.842800000000e-09  5.667012824847e-02 
 1.852800000000e-09 -4.154856627854e-02 
 1.862800000000e-09 -1.363787066297e-01 
 1.872800000000e-09 -2.139238658971e-01 
 1.882800000000e-09 -2.621247503047e-01 
 1.892800000000e-09 -2.735421173292e-01 
 1.902800000000e-09 -2.467114619458e-01 
 1.912800000000e-09 -1.857012223731e-01 
 1.922800000000e-09 -9.868333479581e-02 
 1.932800000000e-09  3.422216277006e-03 
 1.942800000000e-09  1.074824256018e-01 
 1.952800000000e-09  1.987566180838e-01 
 1.962800000000e-09  2.631919442829e-01 
 1.972800000000e-09  2.907163946638e-01 
 1.982800000000e-09  2.773803318602e-01 
 1.992800000000e-09  2.255222603737e-01 
 2.002800000000e-09  1.425137686338e-01 
 2.012800000000e-09  3.896421212897e-02 
 2.022800000000e-09 -7.219349468508e-02 
 2.032800000000e-09 -1.758637825119e-01 
 2.042800000000e-09 -2.564151818236e-01 
 2.052800000000e-09 -3.011190007746e-01 
 2.062800000000e-09 -3.032508857680e-01 
 2.072800000000e-09 -2.631141437102e-01 
 2.082800000000e-09 -1.868443968754e-01 
 2.092800000000e-09 -8.449104035527e-02 
 2.102800000000e-09  3.128188250133e-02 
 2.112800000000e-09  1.454282993861e-01 
 2.122800000000e-09  2.413002992226e-01 
 2.132800000000e-09  3.037884198607e-01 
 2.142800000000e-09  3.231821041828e-01 
 2.152800000000e-09  2.971704310716e-01 
 2.162800000000e-09  2.302255938592e-01 
 2.172800000000e-09  1.317293079600e-01 
 2.182800000000e-09  1.401633510291e-02 
 2.192800000000e-09 -1.082173826294e-01 
 2.202800000000e-09 -2.179172364091e-01 
 2.212800000000e-09 -2.980594054383e-01 
 2.222800000000e-09 -3.359507712982e-01 
 2.232800000000e-09 -3.262521456316e-01 
 2.242800000000e-09 -2.712644014697e-01 
 2.252800000000e-09 -1.793305661427e-01 
 2.262800000000e-09 -6.240746237994e-02 
 2.272800000000e-09  6.524620183146e-02 
 2.282800000000e-09  1.867115388883e-01 
 2.292800000000e-09  2.836817423597e-01 
 2.302800000000e-09  3.405920534211e-01 
 2.312800000000e-09  3.488563324357e-01 
 2.322800000000e-09  3.083679804650e-01 
 2.332800000000e-09  2.258653773592e-01 
 2.342800000000e-09  1.125792171780e-01 
 2.352800000000e-09 -1.760508630673e-02 
 2.362800000000e-09 -1.482510567441e-01 
 2.372800000000e-09 -2.604995925893e-01 
 2.382800000000e-09 -3.364632566419e-01 
 2.392800000000e-09 -3.641874700021e-01 
 2.402800000000e-09 -3.404387828583e-01 
 2.412800000000e-09 -2.699172030902e-01 
 2.422800000000e-09 -1.629947399732e-01 
 2.432800000000e-09 -3.316150693893e-02 
 2.442800000000e-09  1.037975206654e-01 
 2.452800000000e-09  2.291431356829e-01 
 2.462800000000e-09  3.233578151894e-01 
 2.472800000000e-09  3.711917109186e-01 
 2.482800000000e-09  3.659591826516e-01 
 2.492800000000e-09  3.099687304721e-01 
 2.502800000000e-09  2.122024988077e-01 
 2.512800000000e-09  8.561512425561e-02 
 2.522800000000e-09 -5.459606428701e-02 
 2.532800000000e-09 -1.903194940107e-01 
 2.542800000000e-09 -3.012178023833e-01 
 2.552800000000e-09 -3.692569685188e-01 
 2.562800000000e-09 -3.840694207960e-01 
 2.572800000000e-09 -3.449920942662e-01 
 2.582800000000e-09 -2.590898711929e-01 
 2.592800000000e-09 -1.384869769108e-01 
 2.602800000000e-09  2.048874826807e-03 
 2.612800000000e-09  1.452390308013e-01 
 2.622800000000e-09  2.707131119232e-01 
 2.632800000000e-09  3.583479502921e-01 
 2.642800000000e-09  3.941649286666e-01 
 2.652800000000e-09  3.739364679171e-01 
 2.662800000000e-09  3.023289525811e-01 
 2.672800000000e-09  1.903511757031e-01 
 2.682800000000e-09  5.234751706855e-02 
 2.692800000000e-09 -9.523535196489e-02 
 2.702800000000e-09 -2.326331900274e-01 
 2.712800000000e-09 -3.384915022605e-01 
 2.722800000000e-09 -3.954476343935e-01 
 2.732800000000e-09 -3.954635278762e-01 
 2.742800000000e-09 -3.405864023401e-01 
 2.752800000000e-09 -2.400414613364e-01 
 2.762800000000e-09 -1.073822622810e-01 
 2.772800000000e-09  4.150886108833e-02 
 2.782800000000e-09  1.878356108149e-01 
 2.792800000000e-09  3.098996526972e-01 
 2.802800000000e-09  3.876851778252e-01 
 2.812800000000e-09  4.091864879724e-01 
 2.822800000000e-09  3.730116305614e-01 
 2.832800000000e-09  2.862387815883e-01 
 2.842800000000e-09  1.615399061279e-01 
 2.852800000000e-09  1.429949387993e-02 
 2.862800000000e-09 -1.377718240006e-01 
 2.872800000000e-09 -2.734104276057e-01 
 2.882800000000e-09 -3.708389529822e-01 
 2.892800000000e-09 -4.143280005550e-01 
 2.902800000000e-09 -3.985830553671e-01 
 2.912800000000e-09 -3.279611141443e-01 
 2.922800000000e-09 -2.137506193658e-01 
 2.932800000000e-09 -7.088140529828e-02 
 2.942800000000e-09  8.383155584913e-02 
 2.952800000000e-09  2.301126537707e-01 
 2.962800000000e-09  3.453744099013e-01 
 2.972800000000e-09  4.105361931211e-01 
 2.982800000000e-09  4.162425531004e-01 
 2.992800000000e-09  3.639558813817e-01 
 3.002800000000e-09  2.629029125712e-01 
 3.012800000000e-09  1.270995026131e-01 
 3.022800000000e-09 -2.719291589066e-02 
 3.032800000000e-09 -1.809203370349e-01 
 3.042800000000e-09 -3.115907576558e-01 
 3.052800000000e-09 -3.977041004153e-01 
 3.062800000000e-09 -4.257831376299e-01 
 3.072800000000e-09 -3.935742468913e-01 
 3.082800000000e-09 -3.078952416981e-01 
 3.092800000000e-09 -1.816394011369e-01 
 3.102800000000e-09 -3.059579160053e-02 
 3.112800000000e-09  1.273597191001e-01 
 3.122800000000e-09  2.705441670977e-01 
 3.132800000000e-09  3.760484564013e-01 
 3.142800000000e-09  4.265486444738e-01 
 3.152800000000e-09  4.157289179505e-01 
 3.162800000000e-09  3.477458376719e-01 
 3.172800000000e-09  2.336790781647e-01 
 3.182800000000e-09  8.853881898550e-02 
 3.192800000000e-09 -7.056518593147e-02 
 3.202800000000e-09 -2.231789432522e-01 
 3.212800000000e-09 -3.459807468487e-01 
 3.222800000000e-09 -4.185276194298e-01 
 3.232800000000e-09 -4.301823716164e-01 
 3.242800000000e-09 -3.816512696214e-01 
 3.252800000000e-09 -2.819123727269e-01 
 3.262800000000e-09 -1.451618865825e-01 
 3.272800000000e-09  1.211424434142e-02 
 3.282800000000e-09  1.708533900892e-01 
 3.292800000000e-09  3.081886012680e-01 
 3.302800000000e-09  4.015423298995e-01 
 3.312800000000e-09  4.360991422248e-01 
 3.322800000000e-09  4.086339662461e-01 
 3.332800000000e-09  3.254912783119e-01 
 3.342800000000e-09  1.995309697241e-01 
 3.352800000000e-09  4.677353324670e-02 
 3.362800000000e-09 -1.148989549350e-01 
 3.372800000000e-09 -2.637105684554e-01 
 3.382800000000e-09 -3.760215960330e-01 
 3.392800000000e-09 -4.332315189045e-01 
 3.402800000000e-09 -4.278880002964e-01 
 3.412800000000e-09 -3.634729823184e-01 
 3.422800000000e-09 -2.508347204023e-01 
 3.432800000000e-09 -1.051490163853e-01 
 3.442800000000e-09  5.642111967785e-02 
 3.452800000000e-09  2.135062591801e-01 
 3.462800000000e-09  3.424039579032e-01 
 3.472800000000e-09  4.216061231566e-01 
 3.482800000000e-09  4.392439009265e-01 
 3.492800000000e-09  3.951648797999e-01 
 3.502800000000e-09  2.979284288406e-01 
 3.512800000000e-09  1.617038729252e-01 
 3.522800000000e-09  3.094406264446e-03 
 3.532800000000e-09 -1.589639631847e-01 
 3.542800000000e-09 -3.015127026753e-01 
 3.552800000000e-09 -4.012118749243e-01 
 3.562800000000e-09 -4.420392036281e-01 
 3.572800000000e-09 -4.197340828683e-01 
 3.582800000000e-09 -3.400302595468e-01 
 3.592800000000e-09 -2.155815496487e-01 
 3.602800000000e-09 -6.250732511425e-02 
 3.612800000000e-09  1.013863584631e-01 
 3.622800000000e-09  2.544326524613e-01 
 3.632800000000e-09  3.725556128024e-01 
 3.642800000000e-09  4.360684993020e-01 
 3.652800000000e-09  4.363722865961e-01 
 3.662800000000e-09  3.761769816303e-01 
 3.672800000000e-09  2.659607738525e-01 
 3.682800000000e-09  1.209022932249e-01 
 3.692800000000e-09 -4.184245833596e-02 
 3.702800000000e-09 -2.021147489527e-01 
 3.712800000000e-09 -3.360741465119e-01 
 3.722800000000e-09 -4.213766501735e-01 
 3.732800000000e-09 -4.449720124966e-01 
 3.742800000000e-09 -4.057782947501e-01 
 3.752800000000e-09 -3.118206707814e-01 
 3.762800000000e-09 -1.770969985886e-01 
 3.772800000000e-09 -1.825180588927e-02 
 3.782800000000e-09  1.459741071650e-01 
 3.792800000000e-09  2.927138819686e-01 
 3.802800000000e-09  3.980981908841e-01 
 3.812800000000e-09  4.449162722959e-01 
 3.822800000000e-09  4.279069945588e-01 
 3.832800000000e-09  3.523939747505e-01 
 3.842800000000e-09  2.304948648088e-01 
 3.852800000000e-09  7.806858961289e-02 
 3.862800000000e-09 -8.705373884443e-02 
 3.872800000000e-09 -2.434126417664e-01 
 3.882800000000e-09 -3.667031627096e-01 
 3.892800000000e-09 -4.362916349468e-01 
 3.902800000000e-09 -4.424154161085e-01 
 3.912800000000e-09 -3.869309646048e-01 
 3.922800000000e-09 -2.798446345973e-01 
 3.932800000000e-09 -1.362158039085e-01 
 3.942800000000e-09  2.684030268943e-02 
 3.952800000000e-09  1.894474697250e-01 
 3.962800000000e-09  3.277914979301e-01 
 3.972800000000e-09  4.188614643566e-01 
 3.982800000000e-09  4.484580123404e-01 
 3.992800000000e-09  4.145031315586e-01 
 4.002800000000e-09  3.243953444562e-01 
 4.012800000000e-09  1.918579412469e-01 
 4.022800000000e-09  3.351987347420e-02 
 4.032800000000e-09 -1.321041421442e-01 
 4.042800000000e-09 -2.823608026371e-01 
 4.052800000000e-09 -3.930187530303e-01 
 4.062800000000e-09 -4.458303316835e-01 
 4.072800000000e-09 -4.344302042391e-01 
 4.082800000000e-09 -3.633699593281e-01 
 4.092800000000e-09 -2.443591503268e-01 
 4.102800000000e-09 -9.320218954166e-02 
 4.112800000000e-09  7.241823590303e-02 
 4.122800000000e-09  2.313604515469e-01 
 4.132800000000e-09  3.592426659465e-01 
 4.142800000000e-09  4.346215599414e-01 
 4.152800000000e-09  4.465826608248e-01 
 4.162800000000e-09  3.960804614218e-01 
 4.172800000000e-09  2.925783535359e-01 
 4.182800000000e-09  1.509275659802e-01 
 4.192800000000e-09 -1.182037376398e-02 
 4.202800000000e-09 -1.761014444495e-01 
 4.212800000000e-09 -3.182457116187e-01 
 4.222800000000e-09 -4.147234091036e-01 
 4.232800000000e-09 -4.502443861846e-01 
 4.242800000000e-09 -4.216953104870e-01 
 4.252800000000e-09 -3.357864506240e-01 
 4.262800000000e-09 -2.058942068049e-01 
 4.272800000000e-09 -4.858679705157e-02 
 4.282800000000e-09  1.178524954807e-01 
 4.292800000000e-09  2.710610567089e-01 
 4.302800000000e-09  3.865836270775e-01 
 4.312800000000e-09  4.452265969897e-01 
 4.322800000000e-09  4.395062868883e-01 
 4.332800000000e-09  3.731571253711e-01 
 4.342800000000e-09  2.574215751877e-01 
 4.352800000000e-09  1.079772567998e-01 
 4.362800000000e-09 -5.763880726732e-02 
 4.372800000000e-09 -2.186405831505e-01 
 4.382800000000e-09 -3.506797463517e-01 
 4.392800000000e-09 -4.316187371044e-01 
 4.402800000000e-09 -4.494103896830e-01 
 4.412800000000e-09 -4.040682854076e-01 
 4.422800000000e-09 -3.044597969385e-01 
 4.432800000000e-09 -1.651628025086e-01 
 4.442800000000e-09 -3.151005009160e-03 
 4.452800000000e-09  1.623299471195e-01 
 4.462800000000e-09  3.078346913894e-01 
 4.472800000000e-09  4.094342698254e-01 
 4.482800000000e-09  4.508056471657e-01 
 4.492800000000e-09  4.277695176214e-01 
 4.502800000000e-09  3.464754759972e-01 
 4.512800000000e-09  2.197351894046e-01 
 4.522800000000e-09  6.377451979619e-02 
 4.532800000000e-09 -1.031789201592e-01 
 4.542800000000e-09 -2.590613479212e-01 
 4.552800000000e-09 -3.792818416463e-01 
 4.562800000000e-09 -4.437538409464e-01 
 4.572800000000e-09 -4.438478644656e-01 
 4.582800000000e-09 -3.824340874877e-01 
 4.592800000000e-09 -2.702434040912e-01 
 4.602800000000e-09 -1.227760926410e-01 
 4.612800000000e-09  4.255957006791e-02 
 4.622800000000e-09  2.053469797291e-01 
 4.632800000000e-09  3.413399298812e-01 
 4.642800000000e-09  4.277829578033e-01 
 4.652800000000e-09  4.514961040063e-01 
 4.662800000000e-09  4.115053677173e-01 
 4.672800000000e-09  3.160333583063e-01 
 4.682800000000e-09  1.793392706242e-01 
 4.692800000000e-09  1.831471168221e-02 
 4.702800000000e-09 -1.481022872447e-01 
 4.712800000000e-09 -2.967423528805e-01 
 4.722800000000e-09 -4.033577943192e-01 
 4.732800000000e-09 -4.505353421439e-01 
 4.742800000000e-09 -4.330646939644e-01 
 4.752800000000e-09 -3.564206992869e-01 
 4.762800000000e-09 -2.329235320056e-01 
 4.772800000000e-09 -7.867056750310e-02 
 4.782800000000e-09  8.833703701769e-02 
 4.792800000000e-09  2.464194557553e-01 
 4.802800000000e-09  3.709576766856e-01 
 4.812800000000e-09  4.410728138436e-01 
 4.822800000000e-09  4.469925130856e-01 
 4.832800000000e-09  3.906873535991e-01 
 4.842800000000e-09  2.823280405418e-01 
 4.852800000000e-09  1.371764027989e-01 
 4.862800000000e-09 -2.748809763935e-02 
 4.872800000000e-09 -1.916279789479e-01 
 4.882800000000e-09 -3.311820964222e-01 
 4.892800000000e-09 -4.228883965678e-01 
 4.902800000000e-09 -4.524749665361e-01 
 4.912800000000e-09 -4.179469588790e-01 
 4.922800000000e-09 -3.268375012521e-01 
 4.932800000000e-09 -1.930362269311e-01 
 4.942800000000e-09 -3.333190640457e-02 
 4.952800000000e-09  1.336351275887e-01 
 4.962800000000e-09  2.850243389742e-01 
 4.972800000000e-09  3.963750379220e-01 
 4.982800000000e-09  4.493213773298e-01 
 4.992800000000e-09  4.375462491890e-01 
 5.002800000000e-09  3.657094634544e-01 
 5.012800000000e-09  2.456540061969e-01 
 5.022800000000e-09  9.333551717566e-02 
 5.032800000000e-09 -7.345189170439e-02 
 5.042800000000e-09 -2.334277955384e-01 
 5.052800000000e-09 -3.620185196221e-01 
 5.062800000000e-09 -4.376356743324e-01 
 5.072800000000e-09 -4.493733383532e-01 
 5.082800000000e-09 -3.982745749729e-01 
 5.092800000000e-09 -2.939157477925e-01 
 5.102800000000e-09 -1.512781481447e-01 
 5.112800000000e-09  1.247935907657e-02 
 5.122800000000e-09  1.776888349322e-01 
 5.132800000000e-09  3.205270437796e-01 
 5.142800000000e-09  4.173137839880e-01 
 5.152800000000e-09  4.527266476960e-01 
 5.162800000000e-09  4.237235060298e-01 
 5.172800000000e-09  3.371129892632e-01 
 5.182800000000e-09  2.063816216319e-01 
 5.192800000000e-09  4.820123453350e-02 
 5.202800000000e-09 -1.190627133892e-01 
 5.212800000000e-09 -2.729280772878e-01 
 5.222800000000e-09 -3.888006633784e-01 
 5.232800000000e-09 -4.474247144904e-01 
 5.242800000000e-09 -4.413661284824e-01 
 5.252800000000e-09 -3.744436368231e-01 
 5.262800000000e-09 -2.579925491708e-01 
 5.272800000000e-09 -1.077883034052e-01 
 5.282800000000e-09  5.855820359311e-02 
 5.292800000000e-09  2.201699217775e-01 
 5.302800000000e-09  3.525793225546e-01 
 5.312800000000e-09  4.335671920830e-01 
 5.322800000000e-09  4.511095701252e-01 
 5.332800000000e-09  4.052950583099e-01 
 5.342800000000e-09  3.050743963154e-01 
 5.352800000000e-09  1.651124085734e-01 
 5.362800000000e-09  2.453406883355e-03 
 5.372800000000e-09 -1.635874072246e-01 
 5.382800000000e-09 -3.094660799040e-01 
 5.392800000000e-09 -4.111651170660e-01 
 5.402800000000e-09 -4.523567448826e-01 
 5.412800000000e-09 -4.289277900293e-01 
 5.422800000000e-09 -3.471071645222e-01 
 5.432800000000e-09 -2.197814536101e-01 
 5.442800000000e-09 -6.324398612689e-02 
 5.452800000000e-09  1.042204038601e-01 
 5.462800000000e-09  2.604685273157e-01 
 5.472800000000e-09  3.808242547212e-01 
 5.482800000000e-09  4.451748873662e-01 
 5.492800000000e-09  4.449433602630e-01 
 5.502800000000e-09  3.830711531518e-01 
 5.512800000000e-09  2.703585424667e-01 
 5.522800000000e-09  1.223716801552e-01 
 5.532800000000e-09 -4.343152127598e-02 
 5.542800000000e-09 -2.065716438055e-01 
 5.552800000000e-09 -3.427257951236e-01 
 5.562800000000e-09 -4.290958478040e-01 
 5.572800000000e-09 -4.525359066652e-01 
 5.582800000000e-09 -4.121402236532e-01 
 5.592800000000e-09 -3.161981038449e-01 
 5.602800000000e-09 -1.790304235564e-01 
 5.612800000000e-09 -1.757599494896e-02 
 5.622800000000e-09  1.491786199266e-01 
 5.632800000000e-09  2.979971258897e-01 
 5.642800000000e-09  4.045803087305e-01 
 5.652800000000e-09  4.515297208669e-01 
 5.662800000000e-09  4.336987038356e-01 
 5.672800000000e-09  3.566272526616e-01 
 5.682800000000e-09  2.326927119262e-01 
 5.692800000000e-09  7.803903677108e-02 
 5.702800000000e-09 -8.929279535557e-02 
 5.712800000000e-09 -2.475661837267e-01 
 5.722800000000e-09 -3.721080937986e-01 
 5.732800000000e-09 -4.420356039653e-01 
 5.742800000000e-09 -4.476316030416e-01 
 5.752800000000e-09 -3.909313268800e-01 
 5.762800000000e-09 -2.821617554345e-01 
 5.772800000000e-09 -1.366320418911e-01 
 5.782800000000e-09  2.834432294743e-02 
 5.792800000000e-09  1.926838745143e-01 
 5.802800000000e-09  3.322730500098e-01 
 5.812800000000e-09  4.238301631456e-01 
 5.822800000000e-09  4.531246455905e-01 
 5.832800000000e-09  4.182270087871e-01 
 5.842800000000e-09  3.267281222976e-01 
 5.852800000000e-09  1.925649055690e-01 
 5.862800000000e-09  3.255872128929e-02 
 5.872800000000e-09 -1.346146639370e-01 
 5.882800000000e-09 -2.860658576396e-01 
 5.892800000000e-09 -3.973039070802e-01 
 5.902800000000e-09 -4.499889190912e-01 
 5.912800000000e-09 -4.378672938782e-01 
 5.922800000000e-09 -3.656580869349e-01 
 5.932800000000e-09 -2.452512222201e-01 
 5.942800000000e-09 -9.263589885403e-02 
 5.952800000000e-09  7.436522049121e-02 
 5.962800000000e-09  2.344283045648e-01 
 5.972800000000e-09  3.629433615632e-01 
 5.982800000000e-09  4.383309082897e-01 
 5.992800000000e-09  4.497425449808e-01 
 6.002800000000e-09  3.982829151160e-01 
 6.012800000000e-09  2.935775837171e-01 
 6.022800000000e-09  1.506446452819e-01 
 6.032800000000e-09 -1.333310888113e-02 
 6.042800000000e-09 -1.786522004354e-01 
 6.052800000000e-09 -3.214506252573e-01 
 6.062800000000e-09 -4.180415406940e-01 
 6.072800000000e-09 -4.531483429842e-01 
 6.082800000000e-09 -4.237934241428e-01 
 6.092800000000e-09 -3.368386752578e-01 
 6.102800000000e-09 -2.058098565868e-01 
 6.112800000000e-09 -4.740247032705e-02 
 6.122800000000e-09  1.199911591083e-01 
 6.132800000000e-09  2.738503733411e-01 
 6.142800000000e-09  3.895624310380e-01 
 6.152800000000e-09  4.479038287138e-01 
 6.162800000000e-09  4.415044550403e-01 
 6.172800000000e-09  3.742394859462e-01 
 6.182800000000e-09  2.574856932616e-01 
 6.192800000000e-09  1.070448037276e-01 
 6.202800000000e-09 -5.945129415316e-02 
 6.212800000000e-09 -2.210902476148e-01 
 6.222800000000e-09 -3.533778429436e-01 
 6.232800000000e-09 -4.341106359302e-01 
 6.242800000000e-09 -4.513236412508e-01 
 6.252800000000e-09 -4.051660174368e-01 
 6.262800000000e-09 -3.046342192661e-01 
 6.272800000000e-09 -1.644241824532e-01 
 6.282800000000e-09 -1.597687104830e-03 
 6.292800000000e-09  1.645013262186e-01 
 6.302800000000e-09  3.102975938827e-01 
 6.312800000000e-09  4.117736296715e-01 
 6.322800000000e-09  4.526496809116e-01 
 6.332800000000e-09  4.288773116639e-01 
 6.342800000000e-09  3.467384945714e-01 
 6.352800000000e-09  2.191532900740e-01 
 6.362800000000e-09  6.243116668248e-02 
 6.372800000000e-09 -1.051205706633e-01 
 6.382800000000e-09 -2.613258061701e-01 
 6.392800000000e-09 -3.814955608889e-01 
 6.402800000000e-09 -4.455519965392e-01 
 6.412800000000e-09 -4.449824384864e-01 
 6.422800000000e-09 -3.827837072787e-01 
 6.432800000000e-09 -2.697949113003e-01 
 6.442800000000e-09 -1.216048446404e-01 
 6.452800000000e-09  4.431272990907e-02 
 6.462800000000e-09  2.074482717505e-01 
 6.472800000000e-09  3.434569154053e-01 
 6.482800000000e-09  4.295589302343e-01 
 6.492800000000e-09  4.526677323571e-01 
 6.502800000000e-09  4.119381484774e-01 
 6.512800000000e-09  3.157037971491e-01 
 6.522800000000e-09  1.783138790857e-01 
 6.532800000000e-09  1.672070461295e-02 
 6.542800000000e-09 -1.500651785273e-01 
 6.552800000000e-09 -2.987800270015e-01 
 6.562800000000e-09 -4.051271152203e-01 
 6.572800000000e-09 -4.517576970242e-01 
 6.582800000000e-09 -4.335892375834e-01 
 6.592800000000e-09 -3.562119702528e-01 
 6.602800000000e-09 -2.320358295781e-01 
 6.612800000000e-09 -7.721932382598e-02 
 6.622800000000e-09  9.017852369161e-02 
 6.632800000000e-09  2.483915429759e-01 
 6.642800000000e-09  3.727359980060e-01 
 6.652800000000e-09  4.423639703294e-01 
 6.662800000000e-09  4.476228769375e-01 
 6.672800000000e-09  3.906033473837e-01 
 6.682800000000e-09  2.815703297821e-01 
 6.692800000000e-09  1.358542224595e-01 
 6.702800000000e-09 -2.921905543934e-02 
 6.712800000000e-09 -1.935393867442e-01 
 6.722800000000e-09 -3.329731407507e-01 
 6.732800000000e-09 -4.242569877345e-01 
 6.742800000000e-09 -4.532191334792e-01 
 6.752800000000e-09 -4.179913503037e-01 
 6.762800000000e-09 -3.262087975954e-01 
 6.772800000000e-09 -1.918356638224e-01 
 6.782800000000e-09 -3.170465554624e-02 
 6.792800000000e-09  1.354879795326e-01 
 6.802800000000e-09  2.868272173136e-01 
 6.812800000000e-09  3.978246369545e-01 
 6.822800000000e-09  4.501891374374e-01 
 6.832800000000e-09  4.377317720538e-01 
 6.842800000000e-09  3.652219350369e-01 
 6.852800000000e-09  2.445816952961e-01 
 6.862800000000e-09  9.181417442116e-02 
 6.872800000000e-09 -7.524320241308e-02 
 6.882800000000e-09 -2.352392066114e-01 
 6.892800000000e-09 -3.635534079937e-01 
 6.902800000000e-09 -4.386399758076e-01 
 6.912800000000e-09 -4.497148284065e-01 
 6.922800000000e-09 -3.979386785893e-01 
 6.932800000000e-09 -2.929751890382e-01 
 6.942800000000e-09 -1.498635038181e-01 
 6.952800000000e-09  1.420345890372e-02 
 6.962800000000e-09  1.794982142068e-01 
 6.972800000000e-09  3.221391512618e-01 
 6.982800000000e-09  4.184562565203e-01 
 6.992800000000e-09  4.532304753875e-01 
 7.002800000000e-09  4.235464462256e-01 
 7.012800000000e-09  3.363110845818e-01 
 7.022800000000e-09  2.050772806964e-01 
 7.032800000000e-09  4.655087830826e-02 
 7.042800000000e-09 -1.208581519926e-01 
 7.052800000000e-09 -2.746043652828e-01 
 7.062800000000e-09 -3.900763135214e-01 
 7.072800000000e-09 -4.480974792065e-01 
 7.082800000000e-09 -4.413628553731e-01 
 7.092800000000e-09 -3.737985800655e-01 
 7.102800000000e-09 -2.568138667525e-01 
 7.112800000000e-09 -1.062247036159e-01 
 7.122800000000e-09  6.032481086846e-02 
 7.132800000000e-09  2.218965196501e-01 
 7.142800000000e-09  3.539849918828e-01 
 7.152800000000e-09  4.344180933327e-01 
 7.162800000000e-09  4.512945383319e-01 
 7.172800000000e-09  4.048205989524e-01 
 7.182800000000e-09  3.040315720209e-01 
 7.192800000000e-09  1.636449243428e-01 
 7.202800000000e-09  7.310997426349e-04 
 7.212800000000e-09 -1.653441829344e-01 
 7.222800000000e-09 -3.109857585534e-01 
 7.232800000000e-09 -4.121905650896e-01 
 7.242800000000e-09 -4.527345878258e-01 
 7.252800000000e-09 -4.286327234880e-01 
 7.262800000000e-09 -3.462148146484e-01 
 7.272800000000e-09 -2.184271262887e-01 
 7.282800000000e-09 -6.158668581548e-02 
 7.292800000000e-09  1.059825748726e-01 
 7.302800000000e-09  2.620796529042e-01 
 7.312800000000e-09  3.820147090838e-01 
 7.322800000000e-09  4.457541018708e-01 
 7.332800000000e-09  4.448503265094e-01 
 7.342800000000e-09  3.823519830960e-01 
 7.352800000000e-09  2.691313908070e-01 
 7.362800000000e-09  1.207925821351e-01 
 7.372800000000e-09 -4.518044806513e-02 
 7.382800000000e-09 -2.082537425182e-01 
 7.392800000000e-09 -3.440697336480e-01 
 7.402800000000e-09 -4.298767486274e-01 
 7.412800000000e-09 -4.526505931314e-01 
 7.422800000000e-09 -4.116043288987e-01 
 7.432800000000e-09 -3.151114799416e-01 
 7.442800000000e-09 -1.775436699036e-01 
 7.452800000000e-09 -1.586108401901e-02 
 7.462800000000e-09  1.509060016887e-01 
 7.472800000000e-09  2.994732552628e-01 
 7.482800000000e-09  4.055552446561e-01 
 7.492800000000e-09  4.518577755664e-01 
 7.502800000000e-09  4.333613685931e-01 
 7.512800000000e-09  3.557031954498e-01 
 7.522800000000e-09  2.313212265592e-01 
 7.532800000000e-09  7.638306707386e-02 
 7.542800000000e-09 -9.103790894707e-02 
 7.552800000000e-09 -2.491508297629e-01 
 7.562800000000e-09 -3.732685310033e-01 
 7.572800000000e-09 -4.425839241033e-01 
 7.582800000000e-09 -4.475093395178e-01 
 7.592800000000e-09 -3.901883110754e-01 
 7.602800000000e-09 -2.809201118140e-01 
 7.612800000000e-09 -1.350517639326e-01 
 7.622800000000e-09  3.008200039167e-02 
 7.632800000000e-09  1.943479060390e-01 
 7.642800000000e-09  3.335978834820e-01 
 7.652800000000e-09  4.245929249058e-01 
 7.662800000000e-09  4.532218782474e-01 
 7.672800000000e-09  4.176760083879e-01 
 7.682800000000e-09  3.256317822098e-01 
 7.692800000000e-09  1.910769229022e-01 
 7.702800000000e-09  3.085187663860e-02 
 7.712800000000e-09 -1.363292828189e-01 
 7.722800000000e-09 -2.875301070108e-01 
 7.732800000000e-09 -3.982700946290e-01 
 7.742800000000e-09 -4.503098978561e-01 
 7.752800000000e-09 -4.375242704341e-01 
 7.762800000000e-09 -3.647306057776e-01 
 7.772800000000e-09 -2.438801411396e-01 
 7.782800000000e-09 -9.098645929918e-02 
 7.792800000000e-09  7.610062103479e-02 
 7.802800000000e-09  2.360054926400e-01 
 7.812800000000e-09  3.641017446377e-01 
 7.822800000000e-09  4.388807689593e-01 
 7.832800000000e-09  4.496228216452e-01 
 7.842800000000e-09  3.975427835286e-01 
 7.852800000000e-09  2.923399216838e-01 
 7.862800000000e-09  1.490714714847e-01 
 7.872800000000e-09 -1.506186328175e-02 
 7.882800000000e-09 -1.803107819833e-01 
 7.892800000000e-09 -3.227775586578e-01 
 7.902800000000e-09 -4.188126725671e-01 
 7.912800000000e-09 -4.532556221154e-01 
 7.922800000000e-09 -4.232518061215e-01 
 7.932800000000e-09 -3.357510021860e-01 
 7.942800000000e-09 -2.043307717794e-01 
 7.952800000000e-09 -4.570496696407e-02 
 7.962800000000e-09  1.217004827930e-01 
 7.972800000000e-09  2.753180020773e-01 
 7.982800000000e-09  3.905407570148e-01 
 7.992800000000e-09  4.482409267913e-01 
 8.002800000000e-09  4.411776601887e-01 
 8.012800000000e-09  3.733262552326e-01 
 8.022800000000e-09  2.561263095202e-01 
 8.032800000000e-09  1.054058229458e-01 
 8.042800000000e-09 -6.118043076191e-02 
 8.052800000000e-09 -2.226704240164e-01 
 8.062800000000e-09 -3.545502986493e-01 
 8.072800000000e-09 -4.346813731784e-01 
 8.082800000000e-09 -4.512257838136e-01 
 8.092800000000e-09 -4.044453279617e-01 
 8.102800000000e-09 -3.034123134946e-01 
 8.112800000000e-09 -1.628637659678e-01 
 8.122800000000e-09  1.227403854043e-04 
 8.132800000000e-09  1.661611212644e-01 
 8.142800000000e-09  3.116385510449e-01 
 8.152800000000e-09  4.125686421349e-01 
 8.162800000000e-09  4.527835271671e-01 
 8.172800000000e-09  4.283600783758e-01 
 8.182800000000e-09  3.456742908771e-01 
 8.192800000000e-09  2.176969643918e-01 
 8.202800000000e-09  6.075113117837e-02 
 8.212800000000e-09 -1.068237739657e-01 
 8.222800000000e-09 -2.628035899010e-01 
 8.232800000000e-09 -3.824997032154e-01 
 8.242800000000e-09 -4.459235737529e-01 
 8.252800000000e-09 -4.446918798180e-01 
 8.262800000000e-09 -3.819034904249e-01 
 8.272800000000e-09 -2.684624086510e-01 
 8.282800000000e-09 -1.199863799953e-01 
 8.292800000000e-09  4.603137612030e-02 
 8.302800000000e-09  2.090337758211e-01 
 8.312800000000e-09  3.446523580322e-01 
 8.322800000000e-09  4.301647660121e-01 
 8.332800000000e-09  4.526086953756e-01 
 8.342800000000e-09  4.112540123518e-01 
 8.352800000000e-09  3.145126892591e-01 
 8.362800000000e-09  1.767773800346e-01 
 8.372800000000e-09  1.501511692795e-02 
 8.382800000000e-09 -1.517250350381e-01 
 8.392800000000e-09 -3.001396658121e-01 
 8.402800000000e-09 -4.059560327283e-01 
 8.412800000000e-09 -4.520205631328e-01 
 8.422800000000e-09 -4.333013889991e-01 
 8.432800000000e-09 -3.553501134873e-01 
 8.442800000000e-09 -2.307017917929e-01 
 8.452800000000e-09 -7.557691179721e-02 
 8.462800000000e-09  9.193544079149e-02 
 8.472800000000e-09  2.500118267419e-01 
 8.482800000000e-09  3.739500525906e-01 
 8.492800000000e-09  4.429749828217e-01 
 8.502800000000e-09  4.475628116676e-01 
 8.512800000000e-09  3.899136556992e-01 
 8.522800000000e-09  2.803664639685e-01 
 8.532800000000e-09  1.342921979718e-01 
 8.542800000000e-09 -3.095980481447e-02 
 8.552800000000e-09 -1.952272295913e-01 
 8.562800000000e-09 -3.343389203470e-01 
 8.572800000000e-09 -4.250708604665e-01 
 8.582800000000e-09 -4.533696663363e-01 
 8.592800000000e-09 -4.174882844728e-01 
 8.602800000000e-09 -3.251489451374e-01 
 8.612800000000e-09 -1.903685195829e-01 
 8.622800000000e-09 -3.000103383995e-02 
 8.632800000000e-09  1.372172585006e-01 
 8.642800000000e-09  2.883217905722e-01 
 8.652800000000e-09  3.988318116407e-01 
 8.662800000000e-09  4.505550418705e-01 
 8.672800000000e-09  4.374310982897e-01 
 8.682800000000e-09  3.643286108290e-01 
 8.692800000000e-09  2.432325104502e-01 
 8.702800000000e-09  9.017208092605e-02 
 8.712800000000e-09 -7.698638669816e-02 
 8.722800000000e-09 -2.368381648259e-01 
 8.732800000000e-09 -3.647439781147e-01 
 8.742800000000e-09 -4.392271095061e-01 
 8.752800000000e-09 -4.496318190528e-01 
 8.762800000000e-09 -3.972297454706e-01 
 8.772800000000e-09 -2.917592971055e-01 
 8.782800000000e-09 -1.483002995478e-01 
 8.792800000000e-09  1.593497814495e-02 
 8.802800000000e-09  1.811717426943e-01 
 8.812800000000e-09  3.234908782015e-01 
 8.822800000000e-09  4.192578535185e-01 
 8.832800000000e-09  4.533691567007e-01 
 8.842800000000e-09  4.230327410595e-01 
 8.852800000000e-09  3.352442492525e-01 
 8.862800000000e-09  2.036095302049e-01 
 8.872800000000e-09  4.485411613014e-02 
 8.882800000000e-09 -1.225772356004e-01 
 8.892800000000e-09 -2.760907078269e-01 
 8.902800000000e-09 -3.910792039687e-01 
 8.912800000000e-09 -4.484610142738e-01 
 8.922800000000e-09 -4.410605637271e-01 
 8.932800000000e-09 -3.729046886868e-01 
 8.942800000000e-09 -2.554663339083e-01 
 8.952800000000e-09 -1.045887957783e-01 
 8.962800000000e-09  6.205981505962e-02 
 8.972800000000e-09  2.234905463095e-01 
 8.982800000000e-09  3.551769795941e-01 
 8.992800000000e-09  4.350108318704e-01 
 9.002800000000e-09  4.512178790282e-01 
 9.012800000000e-09  4.041174506079e-01 
 9.022800000000e-09  3.028213425265e-01 
 9.032800000000e-09  1.620889968087e-01 
 9.042800000000e-09 -9.924088109476e-04 
 9.052800000000e-09 -1.670140235930e-01 
 9.062800000000e-09 -3.123420802246e-01 
 9.072800000000e-09 -4.130036886060e-01 
 9.082800000000e-09 -4.528865389636e-01 
 9.092800000000e-09 -4.281310782305e-01 
 9.102800000000e-09 -3.451616986157e-01 
 9.112800000000e-09 -2.169760700597e-01 
 9.122800000000e-09 -5.990554642082e-02 
 9.132800000000e-09  1.076929419654e-01 
 9.142800000000e-09  2.635694599151e-01 
 9.152800000000e-09  3.830337087674e-01 
 9.162800000000e-09  4.461410144829e-01 
 9.172800000000e-09  4.445734193731e-01 
 9.182800000000e-09  3.814819626487e-01 
 9.192800000000e-09  2.678043947074e-01 
 9.202800000000e-09  1.191742902063e-01 
 9.212800000000e-09 -4.690413962261e-02 
 9.222800000000e-09 -2.098486274487e-01 
 9.232800000000e-09 -3.452772829161e-01 
 9.242800000000e-09 -4.304954499246e-01 
 9.252800000000e-09 -4.526033413583e-01 
 9.262800000000e-09 -4.109293493119e-01 
 9.272800000000e-09 -3.139257444767e-01 
 9.282800000000e-09 -1.760081177959e-01 
 9.292800000000e-09 -1.415196561556e-02 
 9.302800000000e-09  1.525732116921e-01 
 9.312800000000e-09  3.008427992731e-01 
 9.322800000000e-09  4.063949573273e-01 
 9.332800000000e-09  4.521293740465e-01 
 9.342800000000e-09  4.330785923072e-01 
 9.352800000000e-09  3.548436621013e-01 
 9.362800000000e-09  2.299870281050e-01 
 9.372800000000e-09  7.473788162702e-02 
 9.382800000000e-09 -9.279973807112e-02 
 9.392800000000e-09 -2.507772460749e-01 
 9.402800000000e-09 -3.744888347925e-01 
 9.412800000000e-09 -4.432003893128e-01 
 9.422800000000e-09 -4.474532871830e-01 
 9.432800000000e-09 -3.895007293034e-01 
 9.442800000000e-09 -2.797162000302e-01 
 9.452800000000e-09 -1.334874635932e-01 
 9.462800000000e-09  3.182693263112e-02 
 9.472800000000e-09  1.960410584103e-01 
 9.482800000000e-09  3.349690861408e-01 
 9.492800000000e-09  4.254114804469e-01 
 9.502800000000e-09  4.533758279939e-01 
 9.512800000000e-09  4.171747267070e-01 
 9.522800000000e-09  3.245718547999e-01 
 9.532800000000e-09  1.896078083623e-01 
 9.542800000000e-09  2.914458686168e-02 
 9.552800000000e-09 -1.380632740455e-01 
 9.562800000000e-09 -2.890295264146e-01 
 9.572800000000e-09 -3.992814056422e-01 
 9.582800000000e-09 -4.506787354590e-01 
 9.592800000000e-09 -4.372250333377e-01 
 9.602800000000e-09 -3.638370987793e-01 
 9.612800000000e-09 -2.425291719588e-01 
 9.622800000000e-09 -8.934108102947e-02 
 9.632800000000e-09  7.784809038302e-02 
 9.642800000000e-09  2.376089032823e-01 
 9.652800000000e-09  3.652960855145e-01 
 9.662800000000e-09  4.394704812004e-01 
 9.672800000000e-09  4.495409940984e-01 
 9.682800000000e-09  3.968335606967e-01 
 9.692800000000e-09  2.911223051032e-01 
 9.702800000000e-09  1.475052155362e-01 
 9.712800000000e-09 -1.679738560355e-02 
 9.722800000000e-09 -1.819885123124e-01 
 9.732800000000e-09 -3.241328388856e-01 
 9.742800000000e-09 -4.196166178959e-01 
 9.752800000000e-09 -4.533952907688e-01 
 9.762800000000e-09 -4.227377063925e-01 
 9.772800000000e-09 -3.346824428589e-01 
 9.782800000000e-09 -2.028601212935e-01 
 9.792800000000e-09 -4.400439860500e-02 
 9.802800000000e-09  1.234236306485e-01 
 9.812800000000e-09  2.768078469650e-01 
 9.822800000000e-09  3.915459502709e-01 
 9.832800000000e-09  4.486053590697e-01 
 9.842800000000e-09  4.408748739016e-01 
 9.852800000000e-09  3.724306116446e-01 
 9.862800000000e-09  2.547759754158e-01 
 9.872800000000e-09  1.037662637715e-01 
 9.882800000000e-09 -6.291942160305e-02 
 9.892800000000e-09 -2.242679826661e-01 
 9.902800000000e-09 -3.557446468578e-01 
 9.912800000000e-09 -4.352750113677e-01 
 9.922800000000e-09 -4.511486238742e-01 
 9.932800000000e-09 -4.037404398857e-01 
 9.942800000000e-09 -3.021993202790e-01 
 9.952800000000e-09 -1.613042783594e-01 
 9.962800000000e-09  1.850204572038e-03 
 9.972800000000e-09  1.678345791808e-01 
 9.982800000000e-09  3.129973889485e-01 
 9.992800000000e-09  4.133827788063e-01 
 1.000000000000e-08  4.484478536981e-01 
