 1.628000000000e-10  7.462015324670e-03 
 1.728000000000e-10 -6.256359287127e-03 
 1.828000000000e-10 -1.947939464126e-02 
 1.928000000000e-10 -3.034608665676e-02 
 2.028000000000e-10 -3.727079390626e-02 
 2.128000000000e-10 -3.917713039254e-02 
 2.228000000000e-10 -3.566402772378e-02 
 2.328000000000e-10 -2.707763600809e-02 
 2.428000000000e-10 -1.447813124100e-02 
 2.528000000000e-10  4.893286847443e-04 
 2.628000000000e-10  1.580373551747e-02 
 2.728000000000e-10  2.933423360913e-02 
 2.828000000000e-10  3.913545495466e-02 
 2.928000000000e-10  4.373093390651e-02 
 3.028000000000e-10  4.233865012378e-02 
 3.128000000000e-10  3.499740504213e-02 
 3.228000000000e-10  2.257588627703e-02 
 3.328000000000e-10  6.667647601252e-03 
 3.428000000000e-10 -1.060854651401e-02 
 3.528000000000e-10 -2.688147204474e-02 
 3.628000000000e-10 -3.984650084814e-02 
 3.728000000000e-10 -4.759459078779e-02 
 3.828000000000e-10 -4.889923297470e-02 
 3.928000000000e-10 -4.340960680427e-02 
 4.028000000000e-10 -3.171564611244e-02 
 4.128000000000e-10 -1.528141085475e-02 
 4.228000000000e-10  3.736367483853e-03 
 4.328000000000e-10  2.275994025390e-02 
 4.428000000000e-10  3.912897403376e-02 
 4.528000000000e-10  5.047226151644e-02 
 4.628000000000e-10  5.506070810499e-02 
 4.728000000000e-10  5.207617346251e-02 
 4.828000000000e-10  4.174493772919e-02 
 4.928000000000e-10  2.531567528440e-02 
 5.028000000000e-10  4.911723956107e-03 
 5.128000000000e-10 -1.673757535376e-02 
 5.228000000000e-10 -3.664841605540e-02 
 5.328000000000e-10 -5.198143089124e-02 
 5.428000000000e-10 -6.045703787421e-02 
 5.528000000000e-10 -6.070345153897e-02 
 5.628000000000e-10 -5.247997862317e-02 
 5.728000000000e-10 -3.672223292437e-02 
 5.828000000000e-10 -1.542077171418e-02 
 5.928000000000e-10  8.614774586663e-03 
 6.028000000000e-10  3.211102099655e-02 
 6.128000000000e-10  5.176683473586e-02 
 6.228000000000e-10  6.470866636109e-02 
 6.328000000000e-10  6.893549128004e-02 
 6.428000000000e-10  6.363851994286e-02 
 6.528000000000e-10  4.932951175817e-02 
 6.628000000000e-10  2.777449238700e-02 
 6.728000000000e-10  1.768559576540e-03 
 6.828000000000e-10 -2.520396944487e-02 
 6.928000000000e-10 -4.940453912813e-02 
 7.028000000000e-10 -6.734986991857e-02 
 7.128000000000e-10 -7.633734398201e-02 
 7.228000000000e-10 -7.487697893714e-02 
 7.328000000000e-10 -6.292918840577e-02 
 7.428000000000e-10 -4.191025305346e-02 
 7.528000000000e-10 -1.450157143681e-02 
 7.628000000000e-10  1.567936075059e-02 
 7.728000000000e-10  4.451254050313e-02 
 7.828000000000e-10  6.790927766425e-02 
 7.928000000000e-10  8.240991634168e-02 
 8.028000000000e-10  8.573801967081e-02 
 8.128000000000e-10  7.716987257538e-02 
 8.228000000000e-10  5.763855877903e-02 
 8.328000000000e-10  2.959033352585e-02 
 8.428000000000e-10 -3.328969675841e-03 
 8.528000000000e-10 -3.670029431796e-02 
 8.628000000000e-10 -6.586749096797e-02 
 8.728000000000e-10 -8.658456907611e-02 
 8.828000000000e-10 -9.568791924153e-02 
 8.928000000000e-10 -9.162366398835e-02 
 9.028000000000e-10 -7.468602174666e-02 
 9.128000000000e-10 -4.694677766078e-02 
 9.228000000000e-10 -1.196144888915e-02 
 9.328000000000e-10  2.565107287183e-02 
 9.428000000000e-10  6.073447681596e-02 
 9.528000000000e-10  8.826085073530e-02 
 9.628000000000e-10  1.041023277672e-01 
 9.728000000000e-10  1.057312283824e-01 
 9.828000000000e-10  9.263379059812e-02 
 9.928000000000e-10  6.634796759795e-02 
 1.002800000000e-09  3.020162460443e-02 
 1.012800000000e-09 -1.110879011600e-02 
 1.022800000000e-09 -5.202925280837e-02 
 1.032800000000e-09 -8.679865122132e-02 
 1.042800000000e-09 -1.102800593840e-01 
 1.052800000000e-09 -1.188335204989e-01 
 1.062800000000e-09 -1.109486788865e-01 
 1.072800000000e-09 -8.744437602796e-02 
 1.082800000000e-09 -5.126552030946e-02 
 1.092800000000e-09 -7.033286149749e-03 
 1.102800000000e-09  3.939255309838e-02 
 1.112800000000e-09  8.155671434407e-02 
 1.122800000000e-09  1.133549575170e-01 
 1.132800000000e-09  1.299984918510e-01 
 1.142800000000e-09  1.288083705108e-01 
 1.152800000000e-09  1.096376067759e-01 
 1.162800000000e-09  7.484854679885e-02 
 1.172800000000e-09  2.884004915010e-02 
 1.182800000000e-09 -2.240810172925e-02 
 1.192800000000e-09 -7.190966934979e-02 
 1.202800000000e-09 -1.126431360758e-01 
 1.212800000000e-09 -1.385484303909e-01 
 1.222800000000e-09 -1.455410736411e-01 
 1.232800000000e-09 -1.323095643591e-01 
 1.242800000000e-09 -1.004494263485e-01 
 1.252800000000e-09 -5.397485658337e-02 
 1.262800000000e-09  1.163151823916e-03 
 1.272800000000e-09  5.761026789043e-02 
 1.282800000000e-09  1.074705253488e-01 
 1.292800000000e-09  1.434136966323e-01 
 1.302800000000e-09  1.599589000088e-01 
 1.312800000000e-09  1.544239373438e-01 
 1.322800000000e-09  1.273119872972e-01 
 1.332800000000e-09  8.204355266655e-02 
 1.342800000000e-09  2.437528289482e-02 
 1.352800000000e-09 -3.816758544726e-02 
 1.362800000000e-09 -9.703299953333e-02 
 1.372800000000e-09 -1.437033223974e-01 
 1.382800000000e-09 -1.711448362067e-01 
 1.392800000000e-09 -1.750592166422e-01 
 1.402800000000e-09 -1.546040461286e-01 
 1.412800000000e-09 -1.124265193069e-01 
 1.422800000000e-09 -5.387980000143e-02 
 1.432800000000e-09  1.358751979042e-02 
 1.442800000000e-09  8.094481862007e-02 
 1.452800000000e-09  1.386381018355e-01 
 1.462800000000e-09  1.780283777447e-01 
 1.472800000000e-09  1.930455851535e-01 
 1.482800000000e-09  1.812795304609e-01 
 1.492800000000e-09  1.442214159806e-01 
 1.502800000000e-09  8.665025987117e-02 
 1.512800000000e-09  1.584846254613e-02 
 1.522800000000e-09 -5.896130453386e-02 
 1.532800000000e-09 -1.274441358957e-01 
 1.542800000000e-09 -1.794946786279e-01 
 1.552800000000e-09 -2.071466383415e-01 
 1.562800000000e-09 -2.060908858808e-01 
 1.572800000000e-09 -1.763343973120e-01 
 1.582800000000e-09 -1.218466477637e-01 
 1.592800000000e-09 -4.959288242863e-02 
 1.602800000000e-09  3.121946440027e-02 
 1.612800000000e-09  1.097677926793e-01 
 1.622800000000e-09  1.747088604498e-01 
 1.632800000000e-09  2.161239630882e-01 
 1.642800000000e-09  2.276080174630e-01 
 1.652800000000e-09  2.074169997431e-01 
 1.662800000000e-09  1.583531880793e-01 
 1.672800000000e-09  8.684251201688e-02 
 1.682800000000e-09  1.919505546404e-03 
 1.692800000000e-09 -8.540323345021e-02 
 1.702800000000e-09 -1.628818222294e-01 
 1.712800000000e-09 -2.188200899005e-01 
 1.722800000000e-09 -2.445539128617e-01 
 1.732800000000e-09 -2.361880339380e-01 
 1.742800000000e-09 -1.950173636171e-01 
 1.752800000000e-09 -1.266663951914e-01 
 1.762800000000e-09 -3.980034594598e-02 
 1.772800000000e-09  5.458475279066e-02 
 1.782800000000e-09  1.437142935328e-01 
 1.792800000000e-09  2.144082062127e-01 
 1.802800000000e-09  2.556717037898e-01 
 1.812800000000e-09  2.611883817907e-01 
 1.822800000000e-09  2.303567520905e-01 
 1.832800000000e-09  1.676626350947e-01 
 1.842800000000e-09  8.130183852979e-02 
 1.852800000000e-09 -1.793550455136e-02 
 1.862800000000e-09 -1.171415290016e-01 
 1.872800000000e-09 -2.020948564490e-01 
 1.882800000000e-09 -2.596684206308e-01 
 1.892800000000e-09 -2.809160416971e-01 
 1.902800000000e-09 -2.628779358057e-01 
 1.912800000000e-09 -2.084778922011e-01 
 1.922800000000e-09 -1.252175816419e-01 
 1.932800000000e-09 -2.359097293111e-02 
 1.942800000000e-09  8.363531959636e-02 
 1.952800000000e-09  1.817063926684e-01 
 1.962800000000e-09  2.557277514004e-01 
 1.972800000000e-09  2.940976497452e-01 
 1.982800000000e-09  2.911218774919e-01 
 1.992800000000e-09  2.477198146681e-01 
 2.002800000000e-09  1.703154883659e-01 
 2.012800000000e-09  6.892834946402e-02 
 2.022800000000e-09 -4.392355947660e-02 
 2.032800000000e-09 -1.533982419258e-01 
 2.042800000000e-09 -2.433634862187e-01 
 2.052800000000e-09 -2.996241108343e-01 
 2.062800000000e-09 -3.135402131516e-01 
 2.072800000000e-09 -2.836584677660e-01 
 2.082800000000e-09 -2.148632168332e-01 
 2.092800000000e-09 -1.165373172112e-01 
 2.102800000000e-09 -8.663765029182e-04 
 2.112800000000e-09  1.175999085806e-01 
 2.122800000000e-09  2.221354008321e-01 
 2.132800000000e-09  2.964353227525e-01 
 2.142800000000e-09  3.288060180409e-01 
 2.152800000000e-09  3.148518135591e-01 
 2.162800000000e-09  2.574290466385e-01 
 2.172800000000e-09  1.649880551228e-01 
 2.182800000000e-09  4.933809661673e-02 
 2.192800000000e-09 -7.540857220757e-02 
 2.202800000000e-09 -1.925311575827e-01 
 2.212800000000e-09 -2.842361456745e-01 
 2.222800000000e-09 -3.358313722986e-01 
 2.232800000000e-09 -3.396883920803e-01 
 2.242800000000e-09 -2.963576228637e-01 
 2.252800000000e-09 -2.127956224083e-01 
 2.262800000000e-09 -1.001219128361e-01 
 2.272800000000e-09  2.793854213991e-02 
 2.282800000000e-09  1.550871327990e-01 
 2.292800000000e-09  2.627946128184e-01 
 2.302800000000e-09  3.338545356402e-01 
 2.312800000000e-09  3.572119675117e-01 
 2.322800000000e-09  3.303804827310e-01 
 2.332800000000e-09  2.583850240712e-01 
 2.342800000000e-09  1.515547925787e-01 
 2.352800000000e-09  2.320067493512e-02 
 2.362800000000e-09 -1.110304449510e-01 
 2.372800000000e-09 -2.326037090250e-01 
 2.382800000000e-09 -3.224855615732e-01 
 2.392800000000e-09 -3.662069661257e-01 
 2.402800000000e-09 -3.578566537553e-01 
 2.412800000000e-09 -3.002584072799e-01 
 2.422800000000e-09 -2.023384448783e-01 
 2.432800000000e-09 -7.670461462409e-02 
 2.442800000000e-09  6.151420094831e-02 
 2.452800000000e-09  1.943113194789e-01 
 2.462800000000e-09  3.016596311708e-01 
 2.472800000000e-09  3.661065448805e-01 
 2.482800000000e-09  3.780019713225e-01 
 2.492800000000e-09  3.371661805738e-01 
 2.502800000000e-09  2.507556787464e-01 
 2.512800000000e-09  1.307421854877e-01 
 2.522800000000e-09 -8.279988820111e-03 
 2.532800000000e-09 -1.491757570182e-01 
 2.542800000000e-09 -2.717798672688e-01 
 2.552800000000e-09 -3.563740290940e-01 
 2.562800000000e-09 -3.895796460499e-01 
 2.572800000000e-09 -3.676808726853e-01 
 2.582800000000e-09 -2.955051757839e-01 
 2.592800000000e-09 -1.839479390486e-01 
 2.602800000000e-09 -4.714850335233e-02 
 2.612800000000e-09  9.861320020618e-02 
 2.622800000000e-09  2.337425844083e-01 
 2.632800000000e-09  3.371550256486e-01 
 2.642800000000e-09  3.919399112071e-01 
 2.652800000000e-09  3.905408750952e-01 
 2.662800000000e-09  3.352191236868e-01 
 2.672800000000e-09  2.350815543513e-01 
 2.682800000000e-09  1.034613938740e-01 
 2.692800000000e-09 -4.392957839007e-02 
 2.702800000000e-09 -1.884751996038e-01 
 2.712800000000e-09 -3.086781823149e-01 
 2.722800000000e-09 -3.848177432188e-01 
 2.732800000000e-09 -4.052770325861e-01 
 2.742800000000e-09 -3.688903832450e-01 
 2.752800000000e-09 -2.826469865554e-01 
 2.762800000000e-09 -1.589910288887e-01 
 2.772800000000e-09 -1.310656017793e-02 
 2.782800000000e-09  1.374985765475e-01 
 2.792800000000e-09  2.717558981183e-01 
 2.802800000000e-09  3.680770346546e-01 
 2.812800000000e-09  4.109892185984e-01 
 2.822800000000e-09  3.953834524767e-01 
 2.832800000000e-09  3.257221099879e-01 
 2.842800000000e-09  2.128988148455e-01 
 2.852800000000e-09  7.136277380161e-02 
 2.862800000000e-09 -8.212843364505e-02 
 2.872800000000e-09 -2.274875200417e-01 
 2.882800000000e-09 -3.422678534944e-01 
 2.892800000000e-09 -4.074840287057e-01 
 2.902800000000e-09 -4.138740233348e-01 
 2.912800000000e-09 -3.628339161672e-01 
 2.922800000000e-09 -2.632971311498e-01 
 2.932800000000e-09 -1.289935748665e-01 
 2.942800000000e-09  2.401138978887e-02 
 2.952800000000e-09  1.769330568668e-01 
 2.962800000000e-09  3.074608382415e-01 
 2.972800000000e-09  3.941200247530e-01 
 2.982800000000e-09  4.234112932095e-01 
 2.992800000000e-09  3.929591993068e-01 
 3.002800000000e-09  3.092586232899e-01 
 3.012800000000e-09  1.848561033716e-01 
 3.022800000000e-09  3.531319171037e-02 
 3.032800000000e-09 -1.217686007578e-01 
 3.042800000000e-09 -2.649725386839e-01 
 3.052800000000e-09 -3.714243926463e-01 
 3.062800000000e-09 -4.236571315630e-01 
 3.072800000000e-09 -4.151513676835e-01 
 3.082800000000e-09 -3.497378633974e-01 
 3.092800000000e-09 -2.380269687405e-01 
 3.102800000000e-09 -9.473564872018e-02 
 3.112800000000e-09  6.325311369660e-02 
 3.122800000000e-09  2.158407262002e-01 
 3.132800000000e-09  3.398312512854e-01 
 3.142800000000e-09  4.145871194830e-01 
 3.152800000000e-09  4.291493830004e-01 
 3.162800000000e-09  3.838307091415e-01 
 3.172800000000e-09  2.870785194120e-01 
 3.182800000000e-09  1.526842518029e-01 
 3.192800000000e-09 -3.086401263805e-03 
 3.202800000000e-09 -1.615512105084e-01 
 3.212800000000e-09 -3.001079182985e-01 
 3.222800000000e-09 -3.960315826203e-01 
 3.232800000000e-09 -4.340839575044e-01 
 3.242800000000e-09 -4.105187752114e-01 
 3.252800000000e-09 -3.313025894301e-01 
 3.262800000000e-09 -2.085671658456e-01 
 3.272800000000e-09 -5.777003434120e-02 
 3.282800000000e-09  1.033406906678e-01 
 3.292800000000e-09  2.533529154631e-01 
 3.302800000000e-09  3.685970975572e-01 
 3.312800000000e-09  4.299468579347e-01 
 3.322800000000e-09  4.292908683357e-01 
 3.332800000000e-09  3.694587106589e-01 
 3.342800000000e-09  2.606120557851e-01 
 3.352800000000e-09  1.175388997555e-01 
 3.362800000000e-09 -4.284791449985e-02 
 3.372800000000e-09 -2.006767456204e-01 
 3.382800000000e-09 -3.324221649637e-01 
 3.392800000000e-09 -4.161244402863e-01 
 3.402800000000e-09 -4.391257248088e-01 
 3.412800000000e-09 -4.004847836899e-01 
 3.422800000000e-09 -3.079666817782e-01 
 3.432800000000e-09 -1.751824604729e-01 
 3.442800000000e-09 -1.848620035360e-02 
 3.452800000000e-09  1.436660179708e-01 
 3.462800000000e-09  2.887156632051e-01 
 3.472800000000e-09  3.930627580816e-01 
 3.482800000000e-09  4.397439903497e-01 
 3.492800000000e-09  4.236125864869e-01 
 3.502800000000e-09  3.498182731277e-01 
 3.512800000000e-09  2.300133928158e-01 
 3.522800000000e-09  7.970348984654e-02 
 3.532800000000e-09 -8.351407457858e-02 
 3.542800000000e-09 -2.385271595482e-01 
 3.552800000000e-09 -3.612722036652e-01 
 3.562800000000e-09 -4.312330235614e-01 
 3.572800000000e-09 -4.386741133417e-01 
 3.582800000000e-09 -3.852817703581e-01 
 3.592800000000e-09 -2.805930173234e-01 
 3.602800000000e-09 -1.392492323537e-01 
 3.612800000000e-09  2.187267390091e-02 
 3.622800000000e-09  1.832602139013e-01 
 3.632800000000e-09  3.213879650557e-01 
 3.642800000000e-09  4.133060483218e-01 
 3.652800000000e-09  4.447285195204e-01 
 3.662800000000e-09  4.133411845036e-01 
 3.672800000000e-09  3.263370193384e-01 
 3.682800000000e-09  1.966963969928e-01 
 3.692800000000e-09  4.041698105671e-02 
 3.702800000000e-09 -1.240715943946e-01 
 3.712800000000e-09 -2.744455804227e-01 
 3.722800000000e-09 -3.865403560434e-01 
 3.732800000000e-09 -4.418627149772e-01 
 3.742800000000e-09 -4.336992002029e-01 
 3.752800000000e-09 -3.661407422863e-01 
 3.762800000000e-09 -2.502784187060e-01 
 3.772800000000e-09 -1.015415485635e-01 
 3.782800000000e-09  6.263438983338e-02 
 3.792800000000e-09  2.215636138317e-01 
 3.802800000000e-09  3.510497956146e-01 
 3.812800000000e-09  4.293870021118e-01 
 3.822800000000e-09  4.451805536572e-01 
 3.832800000000e-09  3.988505052006e-01 
 3.842800000000e-09  2.991815051632e-01 
 3.852800000000e-09  1.605176921695e-01 
 3.862800000000e-09 -3.308201557359e-04 
 3.872800000000e-09 -1.642553115919e-01 
 3.882800000000e-09 -3.079367241379e-01 
 3.892800000000e-09 -4.076746367692e-01 
 3.902800000000e-09 -4.476096604950e-01 
 3.912800000000e-09 -4.239405278391e-01 
 3.922800000000e-09 -3.428590344590e-01 
 3.932800000000e-09 -2.168801065447e-01 
 3.942800000000e-09 -6.198192633654e-02 
 3.952800000000e-09  1.037172026643e-01 
 3.962800000000e-09  2.583243277960e-01 
 3.972800000000e-09  3.773802249945e-01 
 3.982800000000e-09  4.410405928968e-01 
 3.992800000000e-09  4.409872988773e-01 
 4.002800000000e-09  3.801622320931e-01 
 4.012800000000e-09  2.689882675407e-01 
 4.022800000000e-09  1.226823512533e-01 
 4.032800000000e-09 -4.148250726558e-02 
 4.042800000000e-09 -2.033078096625e-01 
 4.052800000000e-09 -3.386842361109e-01 
 4.062800000000e-09 -4.249465482161e-01 
 4.072800000000e-09 -4.490785609795e-01 
 4.082800000000e-09 -4.101478767932e-01 
 4.092800000000e-09 -3.160921650425e-01 
 4.102800000000e-09 -1.808366855365e-01 
 4.112800000000e-09 -2.108833287035e-02 
 4.122800000000e-09  1.444500830596e-01 
 4.132800000000e-09  2.928171409096e-01 
 4.142800000000e-09  3.998044121999e-01 
 4.152800000000e-09  4.479858949706e-01 
 4.162800000000e-09  4.321215430464e-01 
 4.172800000000e-09  3.574566369184e-01 
 4.182800000000e-09  2.358452048656e-01 
 4.192800000000e-09  8.311678955327e-02 
 4.202800000000e-09 -8.290017368713e-02 
 4.212800000000e-09 -2.408334825385e-01 
 4.222800000000e-09 -3.661510927449e-01 
 4.232800000000e-09 -4.378429334788e-01 
 4.242800000000e-09 -4.459730768778e-01 
 4.252800000000e-09 -3.922523844803e-01 
 4.262800000000e-09 -2.863486590549e-01 
 4.272800000000e-09 -1.431486361008e-01 
 4.282800000000e-09  2.023816490822e-02 
 4.292800000000e-09  1.841211292244e-01 
 4.302800000000e-09  3.246453549655e-01 
 4.312800000000e-09  4.184048154300e-01 
 4.322800000000e-09  4.508241659956e-01 
 4.332800000000e-09  4.195417553641e-01 
 4.342800000000e-09  3.318248664914e-01 
 4.352800000000e-09  2.008149945655e-01 
 4.362800000000e-09  4.274003754521e-02 
 4.372800000000e-09 -1.238216995455e-01 
 4.382800000000e-09 -2.763355938118e-01 
 4.392800000000e-09 -3.902670850684e-01 
 4.402800000000e-09 -4.467847568546e-01 
 4.412800000000e-09 -4.390600501523e-01 
 4.422800000000e-09 -3.712065246265e-01 
 4.432800000000e-09 -2.544133522428e-01 
 4.442800000000e-09 -1.042989672064e-01 
 4.452800000000e-09  6.155565553917e-02 
 4.462800000000e-09  2.223303189103e-01 
 4.472800000000e-09  3.535605934191e-01 
 4.482800000000e-09  4.332056265551e-01 
 4.492800000000e-09  4.496878200993e-01 
 4.502800000000e-09  4.034005304561e-01 
 4.512800000000e-09  3.031817742142e-01 
 4.522800000000e-09  1.635070368672e-01 
 4.532800000000e-09  1.334076201758e-03 
 4.542800000000e-09 -1.641341238164e-01 
 4.552800000000e-09 -3.094012322916e-01 
 4.562800000000e-09 -4.104786148660e-01 
 4.572800000000e-09 -4.512770006404e-01 
 4.582800000000e-09 -4.279175062997e-01 
 4.592800000000e-09 -3.466056238476e-01 
 4.602800000000e-09 -2.199347127522e-01 
 4.612800000000e-09 -6.402153848648e-02 
 4.622800000000e-09  1.029285535225e-01 
 4.632800000000e-09  2.589180063860e-01 
 4.642800000000e-09  3.792695256596e-01 
 4.652800000000e-09  4.438937741354e-01 
 4.662800000000e-09  4.443504179283e-01 
 4.672800000000e-09  3.835604173805e-01 
 4.682800000000e-09  2.719835233788e-01 
 4.692800000000e-09  1.249392832254e-01 
 4.702800000000e-09 -4.020816092475e-02 
 4.712800000000e-09 -2.031964043529e-01 
 4.722800000000e-09 -3.397700465010e-01 
 4.732800000000e-09 -4.270397443884e-01 
 4.742800000000e-09 -4.518273936627e-01 
 4.752800000000e-09 -4.131437624953e-01 
 4.762800000000e-09 -3.189332076933e-01 
 4.772800000000e-09 -1.831832553144e-01 
 4.782800000000e-09 -2.269107328470e-02 
 4.792800000000e-09  1.437926679782e-01 
 4.802800000000e-09  2.932190181989e-01 
 4.812800000000e-09  4.012017475335e-01 
 4.822800000000e-09  4.501314750210e-01 
 4.832800000000e-09  4.346785406972e-01 
 4.842800000000e-09  3.600667546293e-01 
 4.852800000000e-09  2.381755475469e-01 
 4.862800000000e-09  8.491317691633e-02 
 4.872800000000e-09 -8.184144725846e-02 
 4.882800000000e-09 -2.406717440516e-01 
 4.892800000000e-09 -3.669229068086e-01 
 4.902800000000e-09 -4.394082548251e-01 
 4.912800000000e-09 -4.480704788466e-01 
 4.922800000000e-09 -3.945730274337e-01 
 4.932800000000e-09 -2.885836949321e-01 
 4.942800000000e-09 -1.450376786931e-01 
 4.952800000000e-09  1.889977492198e-02 
 4.962800000000e-09  1.835129210017e-01 
 4.972800000000e-09  3.248743375039e-01 
 4.982800000000e-09  4.194302558928e-01 
 4.992800000000e-09  4.524643689689e-01 
 5.002800000000e-09  4.215402841296e-01 
 5.012800000000e-09  3.339012004110e-01 
 5.022800000000e-09  2.027084709408e-01 
 5.032800000000e-09  4.424742932894e-02 
 5.042800000000e-09 -1.228812898237e-01 
 5.052800000000e-09 -2.761102938549e-01 
 5.062800000000e-09 -3.907994253022e-01 
 5.072800000000e-09 -4.479732353779e-01 
 5.082800000000e-09 -4.407061090075e-01 
 5.092800000000e-09 -3.730685846100e-01 
 5.102800000000e-09 -2.562455275981e-01 
 5.112800000000e-09 -1.058937677955e-01 
 5.122800000000e-09  6.037692713935e-02 
 5.132800000000e-09  2.217353003923e-01 
 5.142800000000e-09  3.536538298667e-01 
 5.152800000000e-09  4.339652669328e-01 
 5.162800000000e-09  4.509763905258e-01 
 5.172800000000e-09  4.050168831178e-01 
 5.182800000000e-09  3.049021449703e-01 
 5.192800000000e-09  1.651224948042e-01 
 5.202800000000e-09  2.668133800534e-03 
 5.212800000000e-09 -1.632533691990e-01 
 5.222800000000e-09 -3.091172895127e-01 
 5.232800000000e-09 -4.108400517921e-01 
 5.242800000000e-09 -4.522113534387e-01 
 5.252800000000e-09 -4.292673800455e-01 
 5.262800000000e-09 -3.481710272181e-01 
 5.272800000000e-09 -2.215114697290e-01 
 5.282800000000e-09 -6.543557239292e-02 
 5.292800000000e-09  1.018429801566e-01 
 5.302800000000e-09  2.583233085219e-01 
 5.312800000000e-09  3.792693287098e-01 
 5.322800000000e-09  4.444786078132e-01 
 5.332800000000e-09  4.454112823771e-01 
 5.342800000000e-09  3.849315628274e-01 
 5.352800000000e-09  2.734767382586e-01 
 5.362800000000e-09  1.263785713760e-01 
 5.372800000000e-09 -3.898327347647e-02 
 5.382800000000e-09 -2.023530806617e-01 
 5.392800000000e-09 -3.394492329988e-01 
 5.402800000000e-09 -4.272926481102e-01 
 5.412800000000e-09 -4.525972813791e-01 
 5.422800000000e-09 -4.142998375999e-01 
 5.432800000000e-09 -3.203074728379e-01 
 5.442800000000e-09 -1.846018309120e-01 
 5.452800000000e-09 -2.399660414951e-02 
 5.462800000000e-09  1.427630297033e-01 
 5.472800000000e-09  2.926259682112e-01 
 5.482800000000e-09  4.011471536318e-01 
 5.492800000000e-09  4.506115959493e-01 
 5.502800000000e-09  4.356013603009e-01 
 5.512800000000e-09  3.612881385049e-01 
 5.522800000000e-09  2.395299350598e-01 
 5.532800000000e-09  8.624604509789e-02 
 5.542800000000e-09 -8.068374022449e-02 
 5.552800000000e-09 -2.398558663776e-01 
 5.562800000000e-09 -3.665874082761e-01 
 5.572800000000e-09 -4.396030681021e-01 
 5.582800000000e-09 -4.487465251575e-01 
 5.592800000000e-09 -3.956151184440e-01 
 5.602800000000e-09 -2.898423999707e-01 
 5.612800000000e-09 -1.463586429191e-01 
 5.622800000000e-09  1.766399707648e-02 
 5.632800000000e-09  1.825252764379e-01 
 5.642800000000e-09  3.242946146325e-01 
 5.652800000000e-09  4.193556482310e-01 
 5.662800000000e-09  4.528926625215e-01 
 5.672800000000e-09  4.223881255488e-01 
 5.682800000000e-09  3.350355621075e-01 
 5.692800000000e-09  2.039786012435e-01 
 5.702800000000e-09  4.551234148100e-02 
 5.712800000000e-09 -1.217740032552e-01 
 5.722800000000e-09 -2.753277184669e-01 
 5.732800000000e-09 -3.904752792584e-01 
 5.742800000000e-09 -4.481513755592e-01 
 5.752800000000e-09 -4.413392311360e-01 
 5.762800000000e-09 -3.740496173843e-01 
 5.772800000000e-09 -2.574362397083e-01 
 5.782800000000e-09 -1.071535010810e-01 
 5.792800000000e-09  5.919172309922e-02 
 5.802800000000e-09  2.207895861459e-01 
 5.812800000000e-09  3.531049318313e-01 
 5.822800000000e-09  4.339018253606e-01 
 5.832800000000e-09  4.513909522210e-01 
 5.842800000000e-09  4.058293392676e-01 
 5.852800000000e-09  3.059901414346e-01 
 5.862800000000e-09  1.663474033931e-01 
 5.872800000000e-09  3.892405490392e-03 
 5.882800000000e-09 -1.621862503236e-01 
 5.892800000000e-09 -3.083751895666e-01 
 5.902800000000e-09 -4.105489510149e-01 
 5.912800000000e-09 -4.524070576142e-01 
 5.922800000000e-09 -4.298999702907e-01 
 5.932800000000e-09 -3.491336986608e-01 
 5.942800000000e-09 -2.226715501100e-01 
 5.952800000000e-09 -6.666104858820e-02 
 5.962800000000e-09  1.006966486220e-01 
 5.972800000000e-09  2.574239692665e-01 
 5.982800000000e-09  3.787692657377e-01 
 5.992800000000e-09  4.444539892124e-01 
 6.002800000000e-09  4.458461665572e-01 
 6.012800000000e-09  3.857445719464e-01 
 6.022800000000e-09  2.745487562866e-01 
 6.032800000000e-09  1.275785291017e-01 
 6.042800000000e-09 -3.779124162230e-02 
 6.052800000000e-09 -2.013298434073e-01 
 6.062800000000e-09 -3.387615671455e-01 
 6.072800000000e-09 -4.270548248038e-01 
 6.082800000000e-09 -4.528316504836e-01 
 6.092800000000e-09 -4.149511231624e-01 
 6.102800000000e-09 -3.215754509165e-01 
 6.112800000000e-09 -1.863588455889e-01 
 6.122800000000e-09 -2.571903025745e-02 
 6.132800000000e-09  1.413243069826e-01 
 6.142800000000e-09  2.916918350870e-01 
 6.152800000000e-09  4.008776523019e-01 
 6.162800000000e-09  4.510341246735e-01 
 6.172800000000e-09  4.366256595648e-01 
 6.182800000000e-09  3.627477618191e-01 
 6.192800000000e-09  2.412248352376e-01 
 6.202800000000e-09  8.798028459747e-02 
 6.212800000000e-09 -7.910949318896e-02 
 6.222800000000e-09 -2.386677044752e-01 
 6.232800000000e-09 -3.659850930454e-01 
 6.242800000000e-09 -4.396804591425e-01 
 6.252800000000e-09 -4.494656643469e-01 
 6.262800000000e-09 -3.968474175724e-01 
 6.272800000000e-09 -2.914072941152e-01 
 6.282800000000e-09 -1.480626521476e-01 
 6.292800000000e-09  1.601235442179e-02 
 6.302800000000e-09  1.811424744992e-01 
 6.312800000000e-09  3.234035091745e-01 
 6.322800000000e-09  4.191056303664e-01 
 6.332800000000e-09  4.533057348560e-01 
 6.342800000000e-09  4.233749574421e-01 
 6.352800000000e-09  3.364371247841e-01 
 6.362800000000e-09  2.056060265843e-01 
 6.372800000000e-09  4.718425253130e-02 
 6.382800000000e-09 -1.202591956077e-01 
 6.392800000000e-09 -2.741970823906e-01 
 6.402800000000e-09 -3.899217736505e-01 
 6.412800000000e-09 -4.482538149114e-01 
 6.422800000000e-09 -4.420547819027e-01 
 6.432800000000e-09 -3.752519638906e-01 
 6.442800000000e-09 -2.589538602245e-01 
 6.452800000000e-09 -1.088054465341e-01 
 6.462800000000e-09  5.759370470562e-02 
 6.472800000000e-09  2.194673179871e-01 
 6.482800000000e-09  3.522772559136e-01 
 6.492800000000e-09  4.337037118850e-01 
 6.502800000000e-09  4.518300934051e-01 
 6.512800000000e-09  4.068144911391e-01 
 6.522800000000e-09  3.073699569542e-01 
 6.532800000000e-09  1.679446242911e-01 
 6.542800000000e-09  5.526838446955e-03 
 6.552800000000e-09 -1.607228509449e-01 
 6.562800000000e-09 -3.073122411546e-01 
 6.572800000000e-09 -4.100667805393e-01 
 6.582800000000e-09 -4.525691830756e-01 
 6.592800000000e-09 -4.306538258897e-01 
 6.602800000000e-09 -3.503481996235e-01 
 6.612800000000e-09 -2.241774883034e-01 
 6.622800000000e-09 -6.828625255023e-02 
 6.632800000000e-09  9.914388262770e-02 
 6.642800000000e-09  2.561700915267e-01 
 6.652800000000e-09  3.780262355150e-01 
 6.662800000000e-09  4.443363946136e-01 
 6.672800000000e-09  4.463456063247e-01 
 6.682800000000e-09  3.867629279581e-01 
 6.692800000000e-09  2.759350505849e-01 
 6.702800000000e-09  1.291620657668e-01 
 6.712800000000e-09 -3.618992318691e-02 
 6.722800000000e-09 -1.999263122513e-01 
 6.732800000000e-09 -3.377838244914e-01 
 6.742800000000e-09 -4.266658318374e-01 
 6.752800000000e-09 -4.530727100001e-01 
 6.762800000000e-09 -4.157583593248e-01 
 6.772800000000e-09 -3.228146506988e-01 
 6.782800000000e-09 -1.878636391066e-01 
 6.792800000000e-09 -2.732202592791e-02 
 6.802800000000e-09  1.398206913734e-01 
 6.812800000000e-09  2.905172888879e-01 
 6.822800000000e-09  4.002319365478e-01 
 6.832800000000e-09  4.510090923528e-01 
 6.842800000000e-09  4.371967316474e-01 
 6.852800000000e-09  3.638094799843e-01 
 6.862800000000e-09  2.426247896568e-01 
 6.872800000000e-09  8.955378387009e-02 
 6.882800000000e-09 -7.754494614658e-02 
 6.892800000000e-09 -2.373338840856e-01 
 6.902800000000e-09 -3.651047391107e-01 
 6.912800000000e-09 -4.393949423923e-01 
 6.922800000000e-09 -4.497946678553e-01 
 6.932800000000e-09 -3.977155859444e-01 
 6.942800000000e-09 -2.926805361231e-01 
 6.952800000000e-09 -1.495789874633e-01 
 6.962800000000e-09  1.442458391662e-02 
 6.972800000000e-09  1.796908110624e-01 
 6.982800000000e-09  3.223188654730e-01 
 6.992800000000e-09  4.185710554106e-01 
 7.002800000000e-09  4.533899428186e-01 
 7.012800000000e-09  4.240367787828e-01 
 7.022800000000e-09  3.375594121023e-01 
 7.032800000000e-09  2.070333612352e-01 
 7.042800000000e-09  4.875510373476e-02 
 7.052800000000e-09 -1.187338649369e-01 
 7.062800000000e-09 -2.729443831640e-01 
 7.072800000000e-09 -3.891540645123e-01 
 7.082800000000e-09 -4.480871694944e-01 
 7.092800000000e-09 -4.424871165811e-01 
 7.102800000000e-09 -3.761954918703e-01 
 7.112800000000e-09 -2.602688915345e-01 
 7.122800000000e-09 -1.103326960467e-01 
 7.132800000000e-09  5.602927857493e-02 
 7.142800000000e-09  2.180813390525e-01 
 7.152800000000e-09  3.512977426176e-01 
 7.162800000000e-09  4.332918666835e-01 
 7.172800000000e-09  4.520283506027e-01 
 7.182800000000e-09  4.075654569222e-01 
 7.192800000000e-09  3.085525245878e-01 
 7.202800000000e-09  1.694036577856e-01 
 7.212800000000e-09  7.096490294215e-03 
 7.222800000000e-09 -1.592421019505e-01 
 7.232800000000e-09 -3.061507829333e-01 
 7.242800000000e-09 -4.094217537103e-01 
 7.252800000000e-09 -4.525316570934e-01 
 7.262800000000e-09 -4.312011369918e-01 
 7.272800000000e-09 -3.513766067663e-01 
 7.282800000000e-09 -2.255404024417e-01 
 7.292800000000e-09 -6.982608698537e-02 
 7.302800000000e-09  9.760874234269e-02 
 7.312800000000e-09  2.548624066386e-01 
 7.322800000000e-09  3.771660681607e-01 
 7.332800000000e-09  4.440590034156e-01 
 7.342800000000e-09  4.466676311783e-01 
 7.352800000000e-09  3.876109196287e-01 
 7.362800000000e-09  2.771794857804e-01 
 7.372800000000e-09  1.306477697913e-01 
 7.382800000000e-09 -3.463203927452e-02 
 7.392800000000e-09 -1.985050679973e-01 
 7.402800000000e-09 -3.367290247939e-01 
 7.412800000000e-09 -4.261538465409e-01 
 7.422800000000e-09 -4.531654409191e-01 
 7.432800000000e-09 -4.164134766722e-01 
 7.442800000000e-09 -3.239179457956e-01 
 7.452800000000e-09 -1.892647097285e-01 
 7.462800000000e-09 -2.886415632839e-02 
 7.472800000000e-09  1.383273308172e-01 
 7.482800000000e-09  2.892996871398e-01 
 7.492800000000e-09  3.994969639101e-01 
 7.502800000000e-09  4.508642198716e-01 
 7.512800000000e-09  4.376358532282e-01 
 7.522800000000e-09  3.647450909605e-01 
 7.532800000000e-09  2.439202325978e-01 
 7.542800000000e-09  9.105531360494e-02 
 7.552800000000e-09 -7.601157547902e-02 
 7.562800000000e-09 -2.359852246064e-01 
 7.572800000000e-09 -3.641652613357e-01 
 7.582800000000e-09 -4.390166510620e-01 
 7.592800000000e-09 -4.500124126457e-01 
 7.602800000000e-09 -3.984699414612e-01 
 7.612800000000e-09 -2.938521011684e-01 
 7.622800000000e-09 -1.510172347868e-01 
 7.632800000000e-09  1.288302938935e-02 
 7.642800000000e-09  1.782468448679e-01 
 7.652800000000e-09  3.212013477427e-01 
 7.662800000000e-09  4.179687503294e-01 
 7.672800000000e-09  4.533834024321e-01 
 7.682800000000e-09  4.245985525103e-01 
 7.692800000000e-09  3.385858944672e-01 
 7.702800000000e-09  2.083807485766e-01 
 7.712800000000e-09  5.027015698453e-02 
 7.722800000000e-09 -1.172332960898e-01 
 7.732800000000e-09 -2.716809260340e-01 
 7.742800000000e-09 -3.883416009487e-01 
 7.752800000000e-09 -4.478499582326e-01 
 7.762800000000e-09 -4.428344446694e-01 
 7.772800000000e-09 -3.770515517301e-01 
 7.782800000000e-09 -2.615051838720e-01 
 7.792800000000e-09 -1.117984505488e-01 
 7.802800000000e-09  5.450217991098e-02 
 7.812800000000e-09  2.167027600402e-01 
 7.822800000000e-09  3.502938781560e-01 
 7.832800000000e-09  4.328284672606e-01 
 7.842800000000e-09  4.521567774284e-01 
 7.852800000000e-09  4.082387428202e-01 
 7.862800000000e-09  3.096598745900e-01 
 7.872800000000e-09  1.707986921107e-01 
 7.882800000000e-09  8.620172569311e-03 
 7.892800000000e-09 -1.577830063807e-01 
 7.902800000000e-09 -3.049826374819e-01 
 7.912800000000e-09 -4.087428309903e-01 
 7.922800000000e-09 -4.524393452273e-01 
 7.932800000000e-09 -4.316815101044e-01 
 7.942800000000e-09 -3.523353175295e-01 
 7.952800000000e-09 -2.268395793936e-01 
 7.962800000000e-09 -7.131487485781e-02 
 7.972800000000e-09  9.610581379293e-02 
 7.982800000000e-09  2.535628101336e-01 
 7.992800000000e-09  3.762881864197e-01 
 8.002800000000e-09  4.437416390019e-01 
 8.012800000000e-09  4.469343179278e-01 
 8.022800000000e-09  3.883963646699e-01 
 8.032800000000e-09  2.783623962624e-01 
 8.042800000000e-09  1.320798527952e-01 
 8.052800000000e-09 -3.311390645816e-02 
 8.062800000000e-09 -1.971038773968e-01 
 8.072800000000e-09 -3.356708244784e-01 
 8.082800000000e-09 -4.256158336428e-01 
 8.092800000000e-09 -4.532144667852e-01 
 8.102800000000e-09 -4.170141159650e-01 
 8.112800000000e-09 -3.249635603903e-01 
 8.122800000000e-09 -1.906119369434e-01 
 8.132800000000e-09 -3.036194317104e-02 
 8.142800000000e-09  1.368630445857e-01 
 8.152800000000e-09  2.880909304380e-01 
 8.162800000000e-09  3.987490122466e-01 
 8.172800000000e-09  4.506873806062e-01 
 8.182800000000e-09  4.380294980889e-01 
 8.192800000000e-09  3.656283733840e-01 
 8.202800000000e-09  2.451632848626e-01 
 8.212800000000e-09  9.251005554693e-02 
 8.222800000000e-09 -7.451388261828e-02 
 8.232800000000e-09 -2.346555868590e-01 
 8.242800000000e-09 -3.632246557922e-01 
 8.252800000000e-09 -4.386177026190e-01 
 8.262800000000e-09 -4.501939643815e-01 
 8.272800000000e-09 -3.991782307031e-01 
 8.282800000000e-09 -2.949739838361e-01 
 8.292800000000e-09 -1.524079476743e-01 
 8.302800000000e-09  1.138161461266e-02 
 8.312800000000e-09  1.768299703984e-01 
 8.322800000000e-09  3.200931233939e-01 
 8.332800000000e-09  4.173564809096e-01 
 8.342800000000e-09  4.533499916252e-01 
 8.352800000000e-09  4.251211506737e-01 
 8.362800000000e-09  3.395665974700e-01 
 8.372800000000e-09  2.096815372195e-01 
 8.382800000000e-09  5.174274127787e-02 
 8.392800000000e-09 -1.157657190317e-01 
 8.402800000000e-09 -2.704356165358e-01 
 8.412800000000e-09 -3.875292235338e-01 
 8.422800000000e-09 -4.475953335291e-01 
 8.432800000000e-09 -4.431502402700e-01 
 8.442800000000e-09 -3.778668425139e-01 
 8.452800000000e-09 -2.626969325458e-01 
 8.462800000000e-09 -1.132208472776e-01 
 8.472800000000e-09  5.301224307938e-02 
 8.482800000000e-09  2.153495940818e-01 
 8.492800000000e-09  3.492991763846e-01 
 8.502800000000e-09  4.323567328409e-01 
 8.512800000000e-09  4.522614575248e-01 
 8.522800000000e-09  4.088768891609e-01 
 8.532800000000e-09  3.107256414182e-01 
 8.542800000000e-09  1.721507006670e-01 
 8.552800000000e-09  1.010411990704e-02 
 8.562800000000e-09 -1.563549513642e-01 
 8.572800000000e-09 -3.038316030612e-01 
 8.582800000000e-09 -4.080642061816e-01 
 8.592800000000e-09 -4.523311320066e-01 
 8.602800000000e-09 -4.321328530176e-01 
 8.612800000000e-09 -3.532563267463e-01 
 8.622800000000e-09 -2.280973056251e-01 
 8.632800000000e-09 -7.276293942902e-02 
 8.642800000000e-09  9.463789558236e-02 
 8.652800000000e-09  2.522870140042e-01 
 8.662800000000e-09  3.754187092405e-01 
 8.672800000000e-09  4.434163402641e-01 
 8.682800000000e-09  4.471787092513e-01 
 8.692800000000e-09  3.891488534365e-01 
 8.702800000000e-09  2.795062469926e-01 
 8.712800000000e-09  1.334712625982e-01 
 8.722800000000e-09 -3.163343142058e-02 
 8.732800000000e-09 -1.957318882626e-01 
 8.742800000000e-09 -3.346283213648e-01 
 8.752800000000e-09 -4.250775464201e-01 
 8.762800000000e-09 -4.532480283500e-01 
 8.772800000000e-09 -4.175870103221e-01 
 8.782800000000e-09 -3.259733161790e-01 
 8.792800000000e-09 -1.919197135388e-01 
 8.802800000000e-09 -3.182091541278e-02 
 8.812800000000e-09  1.354318691175e-01 
 8.822800000000e-09  2.869041667598e-01 
 8.832800000000e-09  3.980081561830e-01 
 8.842800000000e-09  4.505021677847e-01 
 8.852800000000e-09  4.384012808011e-01 
 8.862800000000e-09  3.664798440551e-01 
 8.872800000000e-09  2.463688773813e-01 
 8.882800000000e-09  9.392582327628e-02 
 8.892800000000e-09 -7.305202608030e-02 
 8.902800000000e-09 -2.333531951716e-01 
 8.912800000000e-09 -3.622979525889e-01 
 8.922800000000e-09 -4.382173287130e-01 
 8.932800000000e-09 -4.503597405701e-01 
 8.942800000000e-09 -3.998592516753e-01 
 8.952800000000e-09 -2.960610022145e-01 
 8.962800000000e-09 -1.537603460750e-01 
 8.972800000000e-09  9.917658135956e-03 
 8.982800000000e-09  1.754444577473e-01 
 8.992800000000e-09  3.190048626354e-01 
 9.002800000000e-09  4.167494868982e-01 
 9.012800000000e-09  4.533069968880e-01 
 9.022800000000e-09  4.256214087006e-01 
 9.032800000000e-09  3.405157290623e-01 
 9.042800000000e-09  2.109456368989e-01 
 9.052800000000e-09  5.317747545113e-02 
 9.062800000000e-09 -1.143323651434e-01 
 9.072800000000e-09 -2.692154568507e-01 
 9.082800000000e-09 -3.867285689919e-01 
 9.092800000000e-09 -4.473375609935e-01 
 9.102800000000e-09 -4.434492327994e-01 
 9.112800000000e-09 -3.786545807898e-01 
 9.122800000000e-09 -2.638542129423e-01 
 9.132800000000e-09 -1.146057654528e-01 
 9.142800000000e-09  5.155841744751e-02 
 9.152800000000e-09  2.140258361192e-01 
 9.162800000000e-09  3.483221038618e-01 
 9.172800000000e-09  4.318881267061e-01 
 9.182800000000e-09  4.523550063090e-01 
 9.192800000000e-09  4.094918937189e-01 
 9.202800000000e-09  3.117596780726e-01 
 9.212800000000e-09  1.734662900911e-01 
 9.222800000000e-09  1.155102157897e-02 
 9.232800000000e-09 -1.549595462786e-01 
 9.242800000000e-09 -3.027034233065e-01 
 9.252800000000e-09 -4.073947834745e-01 
 9.262800000000e-09 -4.522175723624e-01 
 9.272800000000e-09 -4.325658094666e-01 
 9.282800000000e-09 -3.541489664453e-01 
 9.292800000000e-09 -2.293204845041e-01 
 9.302800000000e-09 -7.417405465882e-02 
 9.312800000000e-09  9.320478651195e-02 
 9.322800000000e-09  2.510384881099e-01 
 9.332800000000e-09  3.745642376476e-01 
 9.342800000000e-09  4.433246588189e-01 
 9.352800000000e-09  4.478937360742e-01 
 9.362800000000e-09  3.902940459792e-01 
 9.372800000000e-09  2.808530270468e-01 
 9.382800000000e-09  1.348676419628e-01 
 9.392800000000e-09 -3.034463723182e-02 
 9.402800000000e-09 -1.947238870252e-01 
 9.412800000000e-09 -3.340658672346e-01 
 9.422800000000e-09 -4.250541255921e-01 
 9.432800000000e-09 -4.537507770786e-01 
 9.442800000000e-09 -4.185214018191e-01 
 9.452800000000e-09 -3.271947900137e-01 
 9.462800000000e-09 -1.932681902573e-01 
 9.472800000000e-09 -3.314769230310e-02 
 9.482800000000e-09  1.342887191779e-01 
 9.492800000000e-09  2.861199900574e-01 
 9.502800000000e-09  3.977168385702e-01 
 9.512800000000e-09  4.507402217909e-01 
 9.522800000000e-09  4.391110351565e-01 
 9.532800000000e-09  3.675437714408e-01 
 9.542800000000e-09  2.476385608832e-01 
 9.552800000000e-09  9.525356388976e-02 
 9.562800000000e-09 -7.181887626715e-02 
 9.572800000000e-09 -2.323889796051e-01 
 9.582800000000e-09 -3.617645976228e-01 
 9.592800000000e-09 -4.381991115127e-01 
 9.602800000000e-09 -4.508403569257e-01 
 9.612800000000e-09 -4.007485824978e-01 
 9.622800000000e-09 -2.972271731241e-01 
 9.632800000000e-09 -1.550568018439e-01 
 9.642800000000e-09  8.636202324294e-03 
 9.652800000000e-09  1.743446652303e-01 
 9.662800000000e-09  3.182618735244e-01 
 9.672800000000e-09  4.164889465397e-01 
 9.682800000000e-09  4.535572878800e-01 
 9.692800000000e-09  4.263236462633e-01 
 9.702800000000e-09  3.415536856094e-01 
 9.712800000000e-09  2.121781311737e-01 
 9.722800000000e-09  5.446571726142e-02 
 9.732800000000e-09 -1.131421009652e-01 
 9.742800000000e-09 -2.683001893320e-01 
 9.752800000000e-09 -3.862438201445e-01 
 9.762800000000e-09 -4.473550172008e-01 
 9.772800000000e-09 -4.439449184184e-01 
 9.782800000000e-09 -3.795383301655e-01 
 9.792800000000e-09 -2.649981277889e-01 
 9.802800000000e-09 -1.158721210561e-01 
 9.812800000000e-09  5.031372300316e-02 
 9.822800000000e-09  2.129735066346e-01 
 9.832800000000e-09  3.476354406006e-01 
 9.842800000000e-09  4.316799545378e-01 
 9.852800000000e-09  4.526408185429e-01 
 9.862800000000e-09  4.102081755019e-01 
 9.872800000000e-09  3.127946687819e-01 
 9.882800000000e-09  1.746852880125e-01 
 9.892800000000e-09  1.281626765136e-02 
 9.902800000000e-09 -1.538078553024e-01 
 9.912800000000e-09 -3.018441271548e-01 
 9.922800000000e-09 -4.069740187264e-01 
 9.932800000000e-09 -4.521973532026e-01 
 9.942800000000e-09 -4.329168386702e-01 
 9.952800000000e-09 -3.549020207436e-01 
 9.962800000000e-09 -2.303806136131e-01 
 9.972800000000e-09 -7.541460414883e-02 
 9.982800000000e-09  9.192950911472e-02 
 9.992800000000e-09  2.499117932946e-01 
 1.000000000000e-08  3.444880261518e-01 
