 1.628000000000e-10  2.248003125422e-02 
 1.728000000000e-10  1.187521421458e-02 
 1.828000000000e-10 -5.321126602438e-04 
 1.928000000000e-10 -1.332341363326e-02 
 2.028000000000e-10 -2.497856726268e-02 
 2.128000000000e-10 -3.405228577833e-02 
 2.228000000000e-10 -3.935937285945e-02 
 2.328000000000e-10 -4.012930813702e-02 
 2.428000000000e-10 -3.611748819713e-02 
 2.528000000000e-10 -2.764544394971e-02 
 2.628000000000e-10 -1.557821601050e-02 
 2.728000000000e-10 -1.233090945243e-03 
 2.828000000000e-10  1.375707855489e-02 
 2.928000000000e-10  2.762577252368e-02 
 3.028000000000e-10  3.867438379048e-02 
 3.128000000000e-10  4.548230235056e-02 
 3.228000000000e-10  4.708761976188e-02 
 3.328000000000e-10  4.312217106001e-02 
 3.428000000000e-10  3.386703873419e-02 
 3.528000000000e-10  2.024022255090e-02 
 3.628000000000e-10  3.710191468322e-03 
 3.728000000000e-10 -1.385394988152e-02 
 3.828000000000e-10 -3.038506287498e-02 
 3.928000000000e-10 -4.385559703645e-02 
 4.028000000000e-10 -5.253260951695e-02 
 4.128000000000e-10 -5.520647820790e-02 
 4.228000000000e-10 -5.135869790641e-02 
 4.328000000000e-10 -4.123901736694e-02 
 4.428000000000e-10 -2.585093973436e-02 
 4.528000000000e-10 -6.847684958376e-03 
 4.628000000000e-10  1.363483023181e-02 
 4.728000000000e-10  3.320475865658e-02 
 4.828000000000e-10  4.948318300809e-02 
 4.928000000000e-10  6.039710103098e-02 
 5.028000000000e-10  6.445038789867e-02 
 5.128000000000e-10  6.093119953863e-02 
 5.228000000000e-10  5.001317371552e-02 
 5.328000000000e-10  3.275123410860e-02 
 5.428000000000e-10  1.097871433126e-02 
 5.528000000000e-10 -1.287439844755e-02 
 5.628000000000e-10 -3.603150280294e-02 
 5.728000000000e-10 -5.567869262013e-02 
 5.828000000000e-10 -6.931471780909e-02 
 5.928000000000e-10 -7.508704812436e-02 
 6.028000000000e-10 -7.205190666952e-02 
 6.128000000000e-10 -6.030634381331e-02 
 6.228000000000e-10 -4.098112428253e-02 
 6.328000000000e-10 -1.611855600542e-02 
 6.428000000000e-10  1.152739821551e-02 
 6.528000000000e-10  3.876464139499e-02 
 6.628000000000e-10  6.230643974101e-02 
 6.728000000000e-10  7.917385043049e-02 
 6.828000000000e-10  8.709846326081e-02 
 6.928000000000e-10  8.484516353621e-02 
 7.028000000000e-10  7.238221960538e-02 
 7.128000000000e-10  5.088500724472e-02 
 7.228000000000e-10  2.260454890957e-02 
 7.328000000000e-10 -9.351863568858e-03 
 7.428000000000e-10 -4.131460927269e-02 
 7.528000000000e-10 -6.943400310958e-02 
 7.628000000000e-10 -9.015142549148e-02 
 7.728000000000e-10 -1.006940394439e-01 
 7.828000000000e-10 -9.948175878865e-02 
 7.928000000000e-10 -8.634392371580e-02 
 8.028000000000e-10 -6.251911853858e-02 
 8.128000000000e-10 -3.049282483163e-02 
 8.228000000000e-10  6.248017259931e-03 
 8.328000000000e-10  4.352486183261e-02 
 8.428000000000e-10  7.687664542726e-02 
 8.528000000000e-10  1.020945815347e-01 
 8.628000000000e-10  1.158172867851e-01 
 8.728000000000e-10  1.160411352517e-01 
 8.828000000000e-10  1.024003873639e-01 
 8.928000000000e-10  7.617243006644e-02 
 9.028000000000e-10  4.008192730929e-02 
 9.128000000000e-10 -1.977205046040e-03 
 9.228000000000e-10 -4.526315115189e-02 
 9.328000000000e-10 -8.461590303748e-02 
 9.428000000000e-10 -1.150641348305e-01 
 9.528000000000e-10 -1.325492155949e-01 
 9.628000000000e-10 -1.345730614705e-01 
 9.728000000000e-10 -1.205557676310e-01 
 9.828000000000e-10 -9.183282004480e-02 
 9.928000000000e-10 -5.139680213240e-02 
 1.002800000000e-09 -3.567800678155e-03 
 1.012800000000e-09  4.632968716226e-02 
 1.022800000000e-09  9.239245326920e-02 
 1.032800000000e-09  1.288049702074e-01 
 1.042800000000e-09  1.507056934936e-01 
 1.052800000000e-09  1.550029351699e-01 
 1.062800000000e-09  1.408452619654e-01 
 1.072800000000e-09  1.096177270853e-01 
 1.082800000000e-09  6.459761694262e-02 
 1.092800000000e-09  1.055340187100e-02 
 1.102800000000e-09 -4.657696059227e-02 
 1.112800000000e-09 -1.000834188853e-01 
 1.122800000000e-09 -1.432003388286e-01 
 1.132800000000e-09 -1.701428159877e-01 
 1.142800000000e-09 -1.771384210626e-01 
 1.152800000000e-09 -1.630391817996e-01 
 1.162800000000e-09 -1.293091065245e-01 
 1.172800000000e-09 -7.955127216338e-02 
 1.182800000000e-09 -1.899471784951e-02 
 1.192800000000e-09  4.581831773297e-02 
 1.202800000000e-09  1.073581232902e-01 
 1.212800000000e-09  1.578430863292e-01 
 1.222800000000e-09  1.904570382407e-01 
 1.232800000000e-09  2.006382701432e-01 
 1.242800000000e-09  1.868796860746e-01 
 1.252800000000e-09  1.507297314645e-01 
 1.262800000000e-09  9.615881782970e-02 
 1.272800000000e-09  2.887850874114e-02 
 1.282800000000e-09 -4.397141748524e-02 
 1.292800000000e-09 -1.140313996576e-01 
 1.302800000000e-09 -1.724385581766e-01 
 1.312800000000e-09 -2.112436653763e-01 
 1.322800000000e-09 -2.250070639086e-01 
 1.332800000000e-09 -2.118283948402e-01 
 1.342800000000e-09 -1.733735151882e-01 
 1.352800000000e-09 -1.140373065915e-01 
 1.362800000000e-09 -4.002791345479e-02 
 1.372800000000e-09  4.096055914307e-02 
 1.382800000000e-09  1.197830577990e-01 
 1.392800000000e-09  1.864843257976e-01 
 1.402800000000e-09  2.319137658254e-01 
 1.412800000000e-09  2.496591844210e-01 
 1.422800000000e-09  2.373551401774e-01 
 1.432800000000e-09  1.967836011576e-01 
 1.442800000000e-09  1.328204305046e-01 
 1.452800000000e-09  5.220284252607e-02 
 1.462800000000e-09 -3.685718012698e-02 
 1.472800000000e-09 -1.244860638080e-01 
 1.482800000000e-09 -1.996461278122e-01 
 1.492800000000e-09 -2.519463715598e-01 
 1.502800000000e-09 -2.739419515345e-01 
 1.512800000000e-09 -2.627586134170e-01 
 1.522800000000e-09 -2.203010677284e-01 
 1.532800000000e-09 -1.519733641962e-01 
 1.542800000000e-09 -6.506487445878e-02 
 1.552800000000e-09  3.175003853525e-02 
 1.562800000000e-09  1.279656339196e-01 
 1.572800000000e-09  2.115234263438e-01 
 1.582800000000e-09  2.708003035490e-01 
 1.592800000000e-09  2.972649353238e-01 
 1.602800000000e-09  2.874636885348e-01 
 1.612800000000e-09  2.434010287400e-01 
 1.622800000000e-09  1.710396690661e-01 
 1.632800000000e-09  7.825540114972e-02 
 1.642800000000e-09 -2.585378165294e-02 
 1.652800000000e-09 -1.302473765238e-01 
 1.662800000000e-09 -2.219304962911e-01 
 1.672800000000e-09 -2.880871922057e-01 
 1.682800000000e-09 -3.190796463261e-01 
 1.692800000000e-09 -3.108476248141e-01 
 1.702800000000e-09 -2.654877449251e-01 
 1.712800000000e-09 -1.895199703128e-01 
 1.722800000000e-09 -9.141467417046e-02 
 1.732800000000e-09  1.935514053966e-02 
 1.742800000000e-09  1.313239897655e-01 
 1.752800000000e-09  2.306775401335e-01 
 1.762800000000e-09  3.034829197512e-01 
 1.772800000000e-09  3.389931742227e-01 
 1.782800000000e-09  3.325028956452e-01 
 1.792800000000e-09  2.861689558021e-01 
 1.802800000000e-09  2.070478082919e-01 
 1.812800000000e-09  1.042184833252e-01 
 1.822800000000e-09 -1.250792096212e-02 
 1.832800000000e-09 -1.313376682893e-01 
 1.842800000000e-09 -2.377590962004e-01 
 1.852800000000e-09 -3.168204951131e-01 
 1.862800000000e-09 -3.567103040626e-01 
 1.872800000000e-09 -3.520828800125e-01 
 1.882800000000e-09 -3.051131860865e-01 
 1.892800000000e-09 -2.233375879307e-01 
 1.902800000000e-09 -1.164356077538e-01 
 1.912800000000e-09  5.482488907441e-03 
 1.922800000000e-09  1.303872063246e-01 
 1.932800000000e-09  2.431978247236e-01 
 1.942800000000e-09  3.280588619335e-01 
 1.952800000000e-09  3.721582900971e-01 
 1.962800000000e-09  3.695054504641e-01 
 1.972800000000e-09  3.222216481186e-01 
 1.982800000000e-09  2.382654314555e-01 
 1.992800000000e-09  1.279056273347e-01 
 2.002800000000e-09  1.531294280325e-03 
 2.012800000000e-09 -1.286673734254e-01 
 2.022800000000e-09 -2.471566426781e-01 
 2.032800000000e-09 -3.372957641375e-01 
 2.042800000000e-09 -3.853643550198e-01 
 2.052800000000e-09 -3.847500296551e-01 
 2.062800000000e-09 -3.374610311494e-01 
 2.072800000000e-09 -2.518014480790e-01 
 2.082800000000e-09 -1.385765939350e-01 
 2.092800000000e-09 -8.445147275236e-03 
 2.102800000000e-09  1.263045445547e-01 
 2.112800000000e-09  2.497922135545e-01 
 2.122800000000e-09  3.447071337747e-01 
 2.132800000000e-09  3.965107248897e-01 
 2.142800000000e-09  3.979803623552e-01 
 2.152800000000e-09  3.509439961774e-01 
 2.162800000000e-09  2.639954630952e-01 
 2.172800000000e-09  1.484262166866e-01 
 2.182800000000e-09  1.515804524736e-02 
 2.192800000000e-09 -1.234671957911e-01 
 2.202800000000e-09 -2.513131183424e-01 
 2.212800000000e-09 -3.505042774974e-01 
 2.222800000000e-09 -4.057811229260e-01 
 2.232800000000e-09 -4.093444416321e-01 
 2.242800000000e-09 -3.627902001057e-01 
 2.252800000000e-09 -2.749360775171e-01 
 2.262800000000e-09 -1.574956665197e-01 
 2.272800000000e-09 -2.164393622434e-02 
 2.282800000000e-09  1.202556739645e-01 
 2.292800000000e-09  2.518888291160e-01 
 2.302800000000e-09  3.549088375128e-01 
 2.312800000000e-09  4.134205155062e-01 
 2.322800000000e-09  4.190642062916e-01 
 2.332800000000e-09  3.731752155087e-01 
 2.342800000000e-09  2.847397929424e-01 
 2.352800000000e-09  1.658283335216e-01 
 2.362800000000e-09  2.786643033755e-02 
 2.372800000000e-09 -1.167831015844e-01 
 2.382800000000e-09 -2.516921112823e-01 
 2.392800000000e-09 -3.581236526158e-01 
 2.402800000000e-09 -4.196300109874e-01 
 2.412800000000e-09 -4.273242834356e-01 
 2.422800000000e-09 -3.822583325557e-01 
 2.432800000000e-09 -2.935273568763e-01 
 2.442800000000e-09 -1.734981561117e-01 
 2.452800000000e-09 -3.383560820931e-02 
 2.462800000000e-09  1.131118106857e-01 
 2.472800000000e-09  2.508562758483e-01 
 2.482800000000e-09  3.603320758269e-01 
 2.492800000000e-09  4.246151836872e-01 
 2.502800000000e-09  4.343258129032e-01 
 2.512800000000e-09  3.902044251472e-01 
 2.522800000000e-09  3.014122933947e-01 
 2.532800000000e-09  1.805654506598e-01 
 2.542800000000e-09  3.955379168125e-02 
 2.552800000000e-09 -1.092995727704e-01 
 2.562800000000e-09 -2.494899165569e-01 
 2.572800000000e-09 -3.616892198608e-01 
 2.582800000000e-09 -4.285553182576e-01 
 2.592800000000e-09 -4.402371251143e-01 
 2.602800000000e-09 -3.971642877125e-01 
 2.612800000000e-09 -3.085137484660e-01 
 2.622800000000e-09 -1.871056410370e-01 
 2.632800000000e-09 -4.503781617567e-02 
 2.642800000000e-09  1.053931154120e-01 
 2.652800000000e-09  2.477004754855e-01 
 2.662800000000e-09  3.623444901998e-01 
 2.672800000000e-09  4.316183555488e-01 
 2.682800000000e-09  4.452237133995e-01 
 2.692800000000e-09  4.032741447622e-01 
 2.702800000000e-09  3.149272736231e-01 
 2.712800000000e-09  1.931719386296e-01 
 2.722800000000e-09  5.029610367789e-02 
 2.732800000000e-09 -1.014318046589e-01 
 2.742800000000e-09 -2.455703173729e-01 
 2.752800000000e-09 -3.624110820295e-01 
 2.762800000000e-09 -4.339305648966e-01 
 2.772800000000e-09 -4.494120840801e-01 
 2.782800000000e-09 -4.086507838760e-01 
 2.792800000000e-09 -3.207483878504e-01 
 2.802800000000e-09 -1.988294710406e-01 
 2.812800000000e-09 -5.535513307491e-02 
 2.822800000000e-09  9.743395080037e-02 
 2.832800000000e-09  2.431627341217e-01 
 2.842800000000e-09  3.619908057255e-01 
 2.852800000000e-09  4.356165682598e-01 
 2.862800000000e-09  4.529276429166e-01 
 2.872800000000e-09  4.134010867416e-01 
 2.882800000000e-09  3.260563724137e-01 
 2.892800000000e-09  2.041269626704e-01 
 2.902800000000e-09  6.023028379645e-02 
 2.912800000000e-09 -9.341979562126e-02 
 2.922800000000e-09 -2.405310150380e-01 
 2.932800000000e-09 -3.611623990330e-01 
 2.942800000000e-09 -4.367688343292e-01 
 2.952800000000e-09 -4.558665591650e-01 
 2.962800000000e-09 -4.176155988006e-01 
 2.972800000000e-09 -3.309264434739e-01 
 2.982800000000e-09 -2.091167993150e-01 
 2.992800000000e-09 -6.494567405626e-02 
 3.002800000000e-09  8.939797811731e-02 
 3.012800000000e-09  2.377170649528e-01 
 3.022800000000e-09  3.599967562444e-01 
 3.032800000000e-09  4.374762462669e-01 
 3.042800000000e-09  4.583199151662e-01 
 3.052800000000e-09  4.213735393302e-01 
 3.062800000000e-09  3.354192699826e-01 
 3.072800000000e-09  2.138382879557e-01 
 3.082800000000e-09  6.951725572457e-02 
 3.092800000000e-09 -8.537797090659e-02 
 3.102800000000e-09 -2.347547865927e-01 
 3.112800000000e-09 -3.585477181560e-01 
 3.122800000000e-09 -4.378049324580e-01 
 3.132800000000e-09 -4.603585802955e-01 
 3.142800000000e-09 -4.247425695783e-01 
 3.152800000000e-09 -3.395915670608e-01 
 3.162800000000e-09 -2.183314545327e-01 
 3.172800000000e-09 -7.396480315986e-02 
 3.182800000000e-09  8.136336389054e-02 
 3.192800000000e-09  2.316716870874e-01 
 3.202800000000e-09  3.568638421134e-01 
 3.212800000000e-09  4.378169571506e-01 
 3.222800000000e-09  4.620471367466e-01 
 3.232800000000e-09  4.277798913520e-01 
 3.242800000000e-09  3.434882891243e-01 
 3.252800000000e-09  2.226266023888e-01 
 3.262800000000e-09  7.830245140949e-02 
 3.272800000000e-09 -7.735788795325e-02 
 3.282800000000e-09 -2.284891777292e-01 
 3.292800000000e-09 -3.549815819320e-01 
 3.302800000000e-09 -4.375588739169e-01 
 3.312800000000e-09 -4.634367000763e-01 
 3.322800000000e-09 -4.305348082549e-01 
 3.332800000000e-09 -3.471509790185e-01 
 3.342800000000e-09 -2.267533318335e-01 
 3.352800000000e-09 -8.254550466781e-02 
 3.362800000000e-09  7.336263081279e-02 
 3.372800000000e-09  2.252252290319e-01 
 3.382800000000e-09  3.529338430118e-01 
 3.392800000000e-09  4.370734153873e-01 
 3.402800000000e-09  4.645722936556e-01 
 3.412800000000e-09  4.330478382533e-01 
 3.422800000000e-09  3.506121999060e-01 
 3.432800000000e-09  2.307343202727e-01 
 3.442800000000e-09  8.670555371986e-02 
 3.452800000000e-09 -6.937841454883e-02 
 3.462800000000e-09 -2.218932641517e-01 
 3.472800000000e-09 -3.507451051615e-01 
 3.482800000000e-09 -4.363929378662e-01 
 3.492800000000e-09 -4.654901826722e-01 
 3.502800000000e-09 -4.353542583573e-01 
 3.512800000000e-09 -3.539017788430e-01 
 3.522800000000e-09 -2.345910005645e-01 
 3.532800000000e-09 -9.079406385348e-02 
 3.542800000000e-09  6.540513501109e-02 
 3.552800000000e-09  2.185049443871e-01 
 3.562800000000e-09  3.484374643796e-01 
 3.572800000000e-09  4.355465469787e-01 
 3.582800000000e-09  4.662214453291e-01 
 3.592800000000e-09  4.374825202445e-01 
 3.602800000000e-09  3.570430452497e-01 
 3.612800000000e-09  2.383400769979e-01 
 3.622800000000e-09  9.482015098377e-02 
 3.632800000000e-09 -6.144227561461e-02 
 3.642800000000e-09 -2.150686784154e-01 
 3.652800000000e-09 -3.460273421721e-01 
 3.662800000000e-09 -4.345566162120e-01 
 3.672800000000e-09 -4.667915279629e-01 
 3.682800000000e-09 -4.394574965179e-01 
 3.692800000000e-09 -3.600571032696e-01 
 3.702800000000e-09 -2.419968552264e-01 
 3.712800000000e-09 -9.879225434044e-02 
 3.722800000000e-09  5.748919290879e-02 
 3.732800000000e-09  2.115919457814e-01 
 3.742800000000e-09  3.435294373754e-01 
 3.752800000000e-09  4.334427894039e-01 
 3.762800000000e-09  4.672216916047e-01 
 3.772800000000e-09  4.412989829198e-01 
 3.782800000000e-09  3.629604916429e-01 
 3.792800000000e-09  2.455734764063e-01 
 3.802800000000e-09  1.027173508794e-01 
 3.812800000000e-09 -5.354483379351e-02 
 3.822800000000e-09 -2.080799645630e-01 
 3.832800000000e-09 -3.409546960730e-01 
 3.842800000000e-09 -4.322203996623e-01 
 3.852800000000e-09 -4.675296175434e-01 
 3.862800000000e-09 -4.430243583422e-01 
 3.872800000000e-09 -3.657680170296e-01 
 3.882800000000e-09 -2.490807914517e-01 
 3.892800000000e-09 -1.066015989847e-01 
 3.902800000000e-09  4.960836139953e-02 
 3.912800000000e-09  2.045374831672e-01 
 3.922800000000e-09  3.383128415698e-01 
 3.932800000000e-09  4.309026437256e-01 
 3.942800000000e-09  4.677297819523e-01 
 3.952800000000e-09  4.446473194622e-01 
 3.962800000000e-09  3.684913269601e-01 
 3.972800000000e-09  2.525275471177e-01 
 3.982800000000e-09  1.104502425812e-01 
 3.992800000000e-09 -4.567860245733e-02 
 4.002800000000e-09 -2.009677154381e-01 
 4.012800000000e-09 -3.356111459629e-01 
 4.022800000000e-09 -4.294999722109e-01 
 4.032800000000e-09 -4.678343788870e-01 
 4.042800000000e-09 -4.461799113724e-01 
 4.052800000000e-09 -3.711407347121e-01 
 4.062800000000e-09 -2.559213896906e-01 
 4.072800000000e-09 -1.142677457335e-01 
 4.082800000000e-09  4.175471089452e-02 
 4.092800000000e-09  1.973736457739e-01 
 4.102800000000e-09  3.328560133393e-01 
 4.112800000000e-09  4.280212217588e-01 
 4.122800000000e-09  4.678532317757e-01 
 4.132800000000e-09  4.476315683018e-01 
 4.142800000000e-09  3.737243939227e-01 
 4.152800000000e-09  2.592685662302e-01 
 4.162800000000e-09  1.180579848301e-01 
 4.172800000000e-09 -3.783560529861e-02 
 4.182800000000e-09 -1.937572536889e-01 
 4.192800000000e-09 -3.300522772846e-01 
 4.202800000000e-09 -4.264734954643e-01 
 4.212800000000e-09 -4.677947031395e-01 
 4.222800000000e-09 -4.490105788382e-01 
 4.232800000000e-09 -3.762494368387e-01 
 4.242800000000e-09 -2.625744259092e-01 
 4.252800000000e-09 -1.218241633225e-01 
 4.262800000000e-09  3.392053884069e-02 
 4.272800000000e-09  1.901204187919e-01 
 4.282800000000e-09  3.272041641689e-01 
 4.292800000000e-09  4.248627161898e-01 
 4.302800000000e-09  4.676654515033e-01 
 4.312800000000e-09  4.503234128407e-01 
 4.322800000000e-09  3.787215283055e-01 
 4.332800000000e-09  2.658433777614e-01 
 4.342800000000e-09  1.255690857281e-01 
 4.352800000000e-09 -3.000862971813e-02 
 4.362800000000e-09 -1.864643935555e-01 
 4.372800000000e-09 -3.243149192024e-01 
 4.382800000000e-09 -4.231937244421e-01 
 4.392800000000e-09 -4.674711946621e-01 
 4.402800000000e-09 -4.515757337084e-01 
 4.412800000000e-09 -3.811455543628e-01 
 4.422800000000e-09 -2.690791171362e-01 
 4.432800000000e-09 -1.292950036306e-01 
 4.442800000000e-09  2.609929917082e-02 
 4.452800000000e-09  1.827904049429e-01 
 4.462800000000e-09  3.213873757567e-01 
 4.472800000000e-09  4.214705252066e-01 
 4.482800000000e-09  4.672164561072e-01 
 4.492800000000e-09  4.527719558733e-01 
 4.502800000000e-09  3.835254048002e-01 
 4.512800000000e-09  2.722846951530e-01 
 4.522800000000e-09  1.330038773728e-01 
 4.532800000000e-09 -2.219191813448e-02 
 4.542800000000e-09 -1.790993155935e-01 
 4.552800000000e-09 -3.184237758767e-01 
 4.562800000000e-09 -4.196964582803e-01 
 4.572800000000e-09 -4.669051504708e-01 
 4.582800000000e-09 -4.539159193635e-01 
 4.592800000000e-09 -3.858643774481e-01 
 4.602800000000e-09 -2.754626046122e-01 
 4.612800000000e-09 -1.366972244734e-01 
 4.622800000000e-09  1.828611887497e-02 
 4.632800000000e-09  1.753920078287e-01 
 4.642800000000e-09  3.154260956339e-01 
 4.652800000000e-09  4.178742916706e-01 
 4.662800000000e-09  4.665403748400e-01 
 4.672800000000e-09  4.550106167559e-01 
 4.682800000000e-09  3.881650915725e-01 
 4.692800000000e-09  2.786148856211e-01 
 4.702800000000e-09  1.403763349594e-01 
 4.712800000000e-09 -1.438154581454e-02 
 4.722800000000e-09 -1.716691761701e-01 
 4.732800000000e-09 -3.123959732070e-01 
 4.742800000000e-09 -4.160063939286e-01 
 4.752800000000e-09 -4.661248313301e-01 
 4.762800000000e-09 -4.560586287448e-01 
 4.772800000000e-09 -3.904297184738e-01 
 4.782800000000e-09 -2.817431466177e-01 
 4.792800000000e-09 -1.440421499740e-01 
 4.802800000000e-09  1.047806294588e-02 
 4.812800000000e-09  1.679315615062e-01 
 4.822800000000e-09  3.093348865563e-01 
 4.832800000000e-09  4.140947560447e-01 
 4.842800000000e-09  4.656606750911e-01 
 4.852800000000e-09  4.570619673266e-01 
 4.862800000000e-09  3.926599651261e-01 
 4.872800000000e-09  2.848486705527e-01 
 4.882800000000e-09  1.476954259039e-01 
 4.892800000000e-09 -6.575585242163e-03 
 4.902800000000e-09 -1.641798288100e-01 
 4.912800000000e-09 -3.062441354659e-01 
 4.922800000000e-09 -4.121411365649e-01 
 4.932800000000e-09 -4.651498053524e-01 
 4.942800000000e-09 -4.580223491259e-01 
 4.952800000000e-09 -3.948572023826e-01 
 4.962800000000e-09 -2.879324111874e-01 
 4.972800000000e-09 -1.513366491571e-01 
 4.982800000000e-09  2.674207216785e-03 
 4.992800000000e-09  1.604147015497e-01 
 5.002800000000e-09  3.031249316969e-01 
 5.012800000000e-09  4.101470534935e-01 
 5.022800000000e-09  4.645937634864e-01 
 5.032800000000e-09  4.589411136213e-01 
 5.042800000000e-09  3.970224829052e-01 
 5.052800000000e-09  2.909950857157e-01 
 5.062800000000e-09  1.549661561828e-01 
 5.072800000000e-09  1.225908735661e-03 
 5.082800000000e-09 -1.566368910495e-01 
 5.092800000000e-09 -2.999784038414e-01 
 5.102800000000e-09 -4.081138943470e-01 
 5.112800000000e-09 -4.639939255662e-01 
 5.122800000000e-09 -4.598193901483e-01 
 5.132800000000e-09 -3.991566112493e-01 
 5.142800000000e-09 -2.940371658263e-01 
 5.152800000000e-09 -1.585840805800e-01 
 5.162800000000e-09 -5.124459777108e-03 
 5.172800000000e-09  1.528471666124e-01 
 5.182800000000e-09  2.968056368092e-01 
 5.192800000000e-09  4.060428977553e-01 
 5.202800000000e-09  4.633514382763e-01 
 5.212800000000e-09  4.606580616546e-01 
 5.222800000000e-09  4.012601756819e-01 
 5.232800000000e-09  2.970589531793e-01 
 5.242800000000e-09  1.621904391493e-01 
 5.252800000000e-09  9.021076454532e-03 
 5.262800000000e-09 -1.490463141756e-01 
 5.272800000000e-09 -2.936076828851e-01 
 5.282800000000e-09 -4.039352306503e-01 
 5.292800000000e-09 -4.626673415371e-01 
 5.302800000000e-09 -4.614541873933e-01 
 5.312800000000e-09 -4.033318286087e-01 
 5.322800000000e-09 -3.000635669616e-01 
 5.332800000000e-09 -1.657877628301e-01 
 5.342800000000e-09 -1.291800240343e-02 
 5.352800000000e-09  1.452327407380e-01 
 5.362800000000e-09  2.903837360588e-01 
 5.372800000000e-09  4.017910344269e-01 
 5.382800000000e-09  4.619426207095e-01 
 5.392800000000e-09  4.622169371901e-01 
 5.402800000000e-09  4.053774916097e-01 
 5.412800000000e-09  3.030476247081e-01 
 5.422800000000e-09  1.693732553458e-01 
 5.432800000000e-09  1.681197902662e-02 
 5.442800000000e-09 -1.414097768539e-01 
 5.452800000000e-09 -2.871367291638e-01 
 5.462800000000e-09 -3.996123610639e-01 
 5.472800000000e-09 -4.611781213719e-01 
 5.482800000000e-09 -4.629410752984e-01 
 5.492800000000e-09 -4.073918929128e-01 
 5.502800000000e-09 -3.060103134999e-01 
 5.512800000000e-09 -1.729459199145e-01 
 5.522800000000e-09 -2.070230273605e-02 
 5.532800000000e-09  1.375779005415e-01 
 5.542800000000e-09  2.838667941269e-01 
 5.552800000000e-09  3.973989775510e-01 
 5.562800000000e-09  4.603731631696e-01 
 5.572800000000e-09  4.636315324711e-01 
 5.582800000000e-09  4.093795956339e-01 
 5.592800000000e-09  3.089503058276e-01 
 5.602800000000e-09  1.765037266615e-01 
 5.612800000000e-09  2.458576475038e-02 
 5.622800000000e-09 -1.337411452032e-01 
 5.632800000000e-09 -2.805781971585e-01 
 5.642800000000e-09 -3.951546793439e-01 
 5.652800000000e-09 -4.595304897535e-01 
 5.662800000000e-09 -4.642803552578e-01 
 5.672800000000e-09 -4.113337921447e-01 
 5.682800000000e-09 -3.118702485542e-01 
 5.692800000000e-09 -1.800487249992e-01 
 5.702800000000e-09 -2.846464914982e-02 
 5.712800000000e-09  1.298974943231e-01 
 5.722800000000e-09  2.772694270311e-01 
 5.732800000000e-09  3.928788039945e-01 
 5.742800000000e-09  4.586502538338e-01 
 5.752800000000e-09  4.648925338545e-01 
 5.762800000000e-09  4.132582315868e-01 
 5.772800000000e-09  3.147690903269e-01 
 5.782800000000e-09  1.835801726375e-01 
 5.792800000000e-09  3.233796371648e-02 
 5.802800000000e-09 -1.260480640120e-01 
 5.812800000000e-09 -2.739432955575e-01 
 5.822800000000e-09 -3.905658999822e-01 
 5.832800000000e-09 -4.577172878069e-01 
 5.842800000000e-09 -4.654576721137e-01 
 5.852800000000e-09 -4.151466266871e-01 
 5.862800000000e-09 -3.176452823337e-01 
 5.872800000000e-09 -1.871010859403e-01 
 5.882800000000e-09 -3.621253748548e-02 
 5.892800000000e-09  1.221828282820e-01 
 5.902800000000e-09  2.705841226418e-01 
 5.912800000000e-09  3.882155822726e-01 
 5.922800000000e-09  4.567510961248e-01 
 5.932800000000e-09  4.659880307413e-01 
 5.942800000000e-09  4.170068442134e-01 
 5.952800000000e-09  3.205012994078e-01 
 5.962800000000e-09  1.906088192657e-01 
 5.972800000000e-09  4.008110926993e-02 
 5.982800000000e-09 -1.183131919175e-01 
 5.992800000000e-09 -2.672077186078e-01 
 6.002800000000e-09 -3.858365829507e-01 
 6.012800000000e-09 -4.557496120542e-01 
 6.022800000000e-09 -4.664833390257e-01 
 6.032800000000e-09 -4.188383446254e-01 
 6.042800000000e-09 -3.233368011038e-01 
 6.052800000000e-09 -1.941034963364e-01 
 6.062800000000e-09 -4.394610140865e-02 
 6.072800000000e-09  1.144358643907e-01 
 6.082800000000e-09  2.638114195269e-01 
 6.092800000000e-09  3.834277730159e-01 
 6.102800000000e-09  4.547130964181e-01 
 6.112800000000e-09  4.669449499476e-01 
 6.122800000000e-09  4.206432605790e-01 
 6.132800000000e-09  3.261544792816e-01 
 6.142800000000e-09  1.975874016647e-01 
 6.152800000000e-09  4.780499650894e-02 
 6.162800000000e-09 -1.105556451641e-01 
 6.172800000000e-09 -2.603995220167e-01 
 6.182800000000e-09 -3.809911961689e-01 
 6.192800000000e-09 -4.536415403694e-01 
 6.202800000000e-09 -4.673709838024e-01 
 6.212800000000e-09 -4.224183602932e-01 
 6.222800000000e-09 -3.289503092121e-01 
 6.232800000000e-09 -2.010565417303e-01 
 6.242800000000e-09 -5.165606096130e-02 
 6.252800000000e-09  1.066732331955e-01 
 6.262800000000e-09  2.569725503236e-01 
 6.272800000000e-09  3.785277108442e-01 
 6.282800000000e-09  4.525355750446e-01 
 6.292800000000e-09  4.677616089686e-01 
 6.302800000000e-09  4.241632887738e-01 
 6.312800000000e-09  3.317236635635e-01 
 6.322800000000e-09  2.045102771852e-01 
 6.332800000000e-09  5.549861105415e-02 
 6.342800000000e-09 -1.027893420215e-01 
 6.352800000000e-09 -2.535310758609e-01 
 6.362800000000e-09 -3.760376129080e-01 
 6.372800000000e-09 -4.513951518895e-01 
 6.382800000000e-09 -4.681166313324e-01 
 6.392800000000e-09 -4.258778433402e-01 
 6.402800000000e-09 -3.344743660183e-01 
 6.412800000000e-09 -2.079484440445e-01 
 6.422800000000e-09 -5.933235445396e-02 
 6.432800000000e-09  9.890447880275e-02 
 6.442800000000e-09  2.500757295179e-01 
 6.452800000000e-09  3.735215431912e-01 
 6.462800000000e-09  4.502207245867e-01 
 6.472800000000e-09  4.684361110269e-01 
 6.482800000000e-09  4.275617153943e-01 
 6.492800000000e-09  3.372019551827e-01 
 6.502800000000e-09  2.113706181566e-01 
 6.512800000000e-09  6.315683861755e-02 
 6.522800000000e-09 -9.501915474636e-02 
 6.532800000000e-09 -2.466069588587e-01 
 6.542800000000e-09 -3.709797835222e-01 
 6.552800000000e-09 -4.490123371971e-01 
 6.562800000000e-09 -4.687199658294e-01 
 6.572800000000e-09 -4.292147693702e-01 
 6.582800000000e-09 -3.399062907139e-01 
 6.592800000000e-09 -2.147766756422e-01 
 6.602800000000e-09 -6.697183825580e-02 
 6.612800000000e-09  9.113377628804e-02 
 6.622800000000e-09  2.431252657139e-01 
 6.632800000000e-09  3.684128196909e-01 
 6.642800000000e-09  4.477702913304e-01 
 6.652800000000e-09  4.689681953039e-01 
 6.662800000000e-09  4.308367551771e-01 
 6.672800000000e-09  3.425870562845e-01 
 6.682800000000e-09  2.181663717958e-01 
 6.692800000000e-09  7.077709607488e-02 
 6.702800000000e-09 -8.724867317614e-02 
 6.712800000000e-09 -2.396309687723e-01 
 6.722800000000e-09 -3.658208779813e-01 
 6.732800000000e-09 -4.464946487288e-01 
 6.742800000000e-09 -4.691807615580e-01 
 6.752800000000e-09 -4.324275769503e-01 
 6.762800000000e-09 -3.452441573733e-01 
 6.772800000000e-09 -2.215396505675e-01 
 6.782800000000e-09 -7.457248958154e-02 
 6.792800000000e-09  8.336411553407e-02 
 6.802800000000e-09  2.361244177435e-01 
 6.812800000000e-09  3.632042888639e-01 
 6.822800000000e-09  4.451855828311e-01 
 6.832800000000e-09  4.693576226900e-01 
 6.842800000000e-09  4.339870387507e-01 
 6.852800000000e-09  3.478773981535e-01 
 6.862800000000e-09  2.248964155384e-01 
 6.872800000000e-09  7.835792814486e-02 
 6.882800000000e-09 -7.948026727446e-02 
 6.892800000000e-09 -2.326057984619e-01 
 6.902800000000e-09 -3.605631945265e-01 
 6.912800000000e-09 -4.438431246820e-01 
 6.922800000000e-09 -4.694987424209e-01 
 6.932800000000e-09 -4.355150658903e-01 
 6.942800000000e-09 -3.504867318073e-01 
 6.952800000000e-09 -2.282366884583e-01 
 6.962800000000e-09 -8.213340428575e-02 
 6.972800000000e-09  7.559725106345e-02 
 6.982800000000e-09  2.290753038944e-01 
 6.992800000000e-09  3.578977763227e-01 
 7.002800000000e-09  4.424673352362e-01 
 7.012800000000e-09  4.696040433009e-01 
 7.022800000000e-09  4.370115041371e-01 
 7.032800000000e-09  3.530720573777e-01 
 7.042800000000e-09  2.315604920842e-01 
 7.052800000000e-09  8.589896723488e-02 
 7.062800000000e-09 -7.171508227699e-02 
 7.072800000000e-09 -2.255329899114e-01 
 7.082800000000e-09 -3.552080785072e-01 
 7.092800000000e-09 -4.410581883020e-01 
 7.102800000000e-09 -4.696734657632e-01 
 7.112800000000e-09 -4.384762863618e-01 
 7.122800000000e-09 -3.556333704723e-01 
 7.132800000000e-09 -2.348679219175e-01 
 7.142800000000e-09 -8.965471886875e-02 
 7.152800000000e-09  6.783374375259e-02 
 7.162800000000e-09  2.219789030590e-01 
 7.172800000000e-09  3.524941470741e-01 
 7.182800000000e-09  4.396156467435e-01 
 7.192800000000e-09  4.697068982625e-01 
 7.202800000000e-09  4.399092850607e-01 
 7.212800000000e-09  3.581706393327e-01 
 7.222800000000e-09  2.381590906532e-01 
 7.232800000000e-09  9.340081939582e-02 
 7.242800000000e-09 -6.395312563619e-02 
 7.252800000000e-09 -2.184129824016e-01 
 7.262800000000e-09 -3.497559297640e-01 
 7.272800000000e-09 -4.381396190832e-01 
 7.282800000000e-09 -4.697042466616e-01 
 7.292800000000e-09 -4.413104302706e-01 
 7.302800000000e-09 -3.606838908919e-01 
 7.312800000000e-09 -2.414341524803e-01 
 7.322800000000e-09 -9.713746040768e-02 
 7.332800000000e-09  6.007309379087e-02 
 7.342800000000e-09  2.148351516687e-01 
 7.352800000000e-09  3.469933599454e-01 
 7.362800000000e-09  4.366299881464e-01 
 7.372800000000e-09  4.696653679354e-01 
 7.382800000000e-09  4.426796070058e-01 
 7.392800000000e-09  3.631731371562e-01 
 7.402800000000e-09  2.446932790788e-01 
 7.412800000000e-09  1.008648797515e-01 
 7.422800000000e-09 -5.619344424022e-02 
 7.432800000000e-09 -2.112452533197e-01 
 7.442800000000e-09 -3.442062973903e-01 
 7.452800000000e-09 -4.350866003709e-01 
 7.462800000000e-09 -4.695901305129e-01 
 7.472800000000e-09 -4.440167348914e-01 
 7.482800000000e-09 -3.656384235279e-01 
 7.492800000000e-09 -2.479366642886e-01 
 7.502800000000e-09 -1.045833341910e-01 
 7.512800000000e-09  5.231395596828e-02 
 7.522800000000e-09  2.076431313078e-01 
 7.532800000000e-09  3.413946124690e-01 
 7.542800000000e-09  4.335092924078e-01 
 7.552800000000e-09  4.694783724360e-01 
 7.562800000000e-09  4.453216998593e-01 
 7.572800000000e-09  3.680797756014e-01 
 7.582800000000e-09  2.511644963041e-01 
 7.592800000000e-09  1.082930883360e-01 
 7.602800000000e-09 -4.843438501335e-02 
 7.612800000000e-09 -2.040285782566e-01 
 7.622800000000e-09 -3.385581121840e-01 
 7.632800000000e-09 -4.318978745683e-01 
 7.642800000000e-09 -4.693299352236e-01 
 7.652800000000e-09 -4.465944052564e-01 
 7.662800000000e-09 -3.704972357188e-01 
 7.672800000000e-09 -2.543769738418e-01 
 7.682800000000e-09 -1.119944189182e-01 
 7.692800000000e-09  4.455447315841e-02 
 7.702800000000e-09  2.004013872936e-01 
 7.712800000000e-09  3.356966126631e-01 
 7.722800000000e-09  4.302521501223e-01 
 7.732800000000e-09  4.691446392322e-01 
 7.742800000000e-09  4.478347295480e-01 
 7.752800000000e-09  3.728908286014e-01 
 7.762800000000e-09  2.575742841663e-01 
 7.772800000000e-09  1.156875986883e-01 
 7.782800000000e-09 -4.067395882673e-02 
 7.792800000000e-09 -1.967613429715e-01 
 7.802800000000e-09 -3.328099223026e-01 
 7.812800000000e-09 -4.285719287070e-01 
 7.822800000000e-09 -4.689223184988e-01 
 7.832800000000e-09 -4.490425578206e-01 
 7.842800000000e-09 -3.752605715780e-01 
 7.852800000000e-09 -2.607565930826e-01 
 7.862800000000e-09 -1.193728745642e-01 
 7.872800000000e-09  3.679260585619e-02 
 7.882800000000e-09  1.931082531666e-01 
 7.892800000000e-09  3.298978658650e-01 
 7.902800000000e-09  4.268570267677e-01 
 7.912800000000e-09  4.686627975818e-01 
 7.922800000000e-09  4.502177560358e-01 
 7.932800000000e-09  3.776064604183e-01 
 7.942800000000e-09  2.639240423474e-01 
 7.952800000000e-09  1.230504708516e-01 
 7.962800000000e-09 -3.291019871450e-02 
 7.972800000000e-09 -1.894419467601e-01 
 7.982800000000e-09 -3.269602899450e-01 
 7.992800000000e-09 -4.251072858451e-01 
 8.002800000000e-09 -4.683659196815e-01 
 8.012800000000e-09 -4.513601903465e-01 
 8.022800000000e-09 -3.799284702229e-01 
 8.032800000000e-09 -2.670767353923e-01 
 8.042800000000e-09 -1.267205665859e-01 
 8.052800000000e-09  2.902656933445e-02 
 8.062800000000e-09  1.857622989649e-01 
 8.072800000000e-09  3.239970794803e-01 
 8.082800000000e-09  4.233225738822e-01 
 8.092800000000e-09  4.680315329638e-01 
 8.102800000000e-09  4.524697125140e-01 
 8.112800000000e-09  3.822265476198e-01 
 8.122800000000e-09  2.702147355258e-01 
 8.132800000000e-09  1.303832958833e-01 
 8.142800000000e-09 -2.514159757317e-02 
 8.152800000000e-09 -1.820692349147e-01 
 8.162800000000e-09 -3.210081668343e-01 
 8.172800000000e-09 -4.215028015681e-01 
 8.182800000000e-09 -4.676595106332e-01 
 8.192800000000e-09 -4.535461714937e-01 
 8.202800000000e-09 -3.845006088232e-01 
 8.212800000000e-09 -2.733380540674e-01 
 8.222800000000e-09 -1.340387311282e-01 
 8.232800000000e-09  2.125523036552e-02 
 8.242800000000e-09  1.783627475033e-01 
 8.252800000000e-09  3.179935434056e-01 
 8.262800000000e-09  4.196479239171e-01 
 8.272800000000e-09  4.672497435565e-01 
 8.282800000000e-09  4.545894060383e-01 
 8.292800000000e-09  3.867505359937e-01 
 8.302800000000e-09  2.764466496203e-01 
 8.312800000000e-09  1.376868827003e-01 
 8.322800000000e-09 -1.736748362756e-02 
 8.332800000000e-09 -1.746429023035e-01 
 8.342800000000e-09 -3.149532683060e-01 
 8.352800000000e-09 -4.177579528785e-01 
 8.362800000000e-09 -4.668021539020e-01 
 8.372800000000e-09 -4.555992517274e-01 
 8.382800000000e-09 -3.889761751296e-01 
 8.392800000000e-09 -2.795404200324e-01 
 8.402800000000e-09 -1.413276884109e-01 
 8.412800000000e-09  1.347845398860e-02 
 8.422800000000e-09  1.709098484264e-01 
 8.432800000000e-09  3.118874752395e-01 
 8.442800000000e-09  4.158329581217e-01 
 8.452800000000e-09  4.663166913049e-01 
 8.462800000000e-09  4.565755380803e-01 
 8.472800000000e-09  3.911773355713e-01 
 8.482800000000e-09  2.826192035319e-01 
 8.492800000000e-09  1.449610146591e-01 
 8.502800000000e-09 -9.588319164078e-03 
 8.512800000000e-09 -1.671638214501e-01 
 8.522800000000e-09 -3.087963781314e-01 
 8.532800000000e-09 -4.138730750207e-01 
 8.542800000000e-09 -4.657933413751e-01 
 8.552800000000e-09 -4.575180930938e-01 
 8.562800000000e-09 -3.933537892906e-01 
 8.572800000000e-09 -2.856827752115e-01 
 8.582800000000e-09 -1.485866521668e-01 
 8.592800000000e-09  5.697342509196e-03 
 8.602800000000e-09  1.634051474819e-01 
 8.612800000000e-09  3.056802730884e-01 
 8.622800000000e-09  4.118785036059e-01 
 8.632800000000e-09  4.652321233676e-01 
 8.642800000000e-09  4.584267431026e-01 
 8.652800000000e-09  3.955052730345e-01 
 8.662800000000e-09  2.887308506861e-01 
 8.672800000000e-09  1.522043199152e-01 
 8.682800000000e-09 -1.805870029004e-03 
 8.692800000000e-09 -1.596342421272e-01 
 8.702800000000e-09 -3.025395395838e-01 
 8.712800000000e-09 -4.098495117351e-01 
 8.722800000000e-09 -4.646330946088e-01 
 8.732800000000e-09 -4.593013160555e-01 
 8.742800000000e-09 -3.976314897130e-01 
 8.752800000000e-09 -2.917630871135e-01 
 8.762800000000e-09 -1.558136667104e-01 
 8.772800000000e-09 -2.085671627653e-03 
 8.782800000000e-09  1.558516081974e-01 
 8.792800000000e-09  2.993746375697e-01 
 8.802800000000e-09  4.077864316279e-01 
 8.812800000000e-09  4.639963483600e-01 
 8.822800000000e-09  4.601416429318e-01 
 8.832800000000e-09  3.997321127348e-01 
 8.842800000000e-09  2.947790895171e-01 
 8.852800000000e-09  1.594142783002e-01 
 8.862800000000e-09  5.976782095064e-03 
 8.872800000000e-09 -1.520578301041e-01 
 8.882800000000e-09 -2.961861039635e-01 
 8.892800000000e-09 -4.056896586269e-01 
 8.902800000000e-09 -4.633220150395e-01 
 8.912800000000e-09 -4.609431024409e-01 
 8.922800000000e-09 -4.018036180401e-01 
 8.932800000000e-09 -2.977803562695e-01 
 8.942800000000e-09 -1.630077432018e-01 
 8.952800000000e-09 -9.869472354390e-03 
 8.962800000000e-09  1.482508111360e-01 
 8.972800000000e-09  2.929719543678e-01 
 8.982800000000e-09  4.035576431482e-01 
 8.992800000000e-09  4.626091164904e-01 
 9.002800000000e-09  4.617151825991e-01 
 9.012800000000e-09  4.038543121728e-01 
 9.022800000000e-09  3.007652180417e-01 
 9.032800000000e-09  1.665921716773e-01 
 9.042800000000e-09  1.376061813812e-02 
 9.052800000000e-09 -1.444344845382e-01 
 9.062800000000e-09 -2.897363618044e-01 
 9.072800000000e-09 -4.013940947023e-01 
 9.082800000000e-09 -4.618603464555e-01 
 9.092800000000e-09 -4.624530340448e-01 
 9.102800000000e-09 -4.058780082565e-01 
 9.112800000000e-09 -3.037323327738e-01 
 9.122800000000e-09 -1.701663925769e-01 
 9.132800000000e-09 -1.764962560041e-02 
 9.142800000000e-09  1.406089841822e-01 
 9.152800000000e-09  2.864789813974e-01 
 9.162800000000e-09  3.991983079764e-01 
 9.172800000000e-09  4.610746242301e-01 
 9.182800000000e-09  4.631596871708e-01 
 9.192800000000e-09  4.078761047281e-01 
 9.202800000000e-09  3.066778718809e-01 
 9.212800000000e-09  1.737267690793e-01 
 9.222800000000e-09  2.153269868316e-02 
 9.232800000000e-09 -1.367778176318e-01 
 9.242800000000e-09 -2.832024510246e-01 
 9.252800000000e-09 -3.969715178959e-01 
 9.262800000000e-09 -4.602515791628e-01 
 9.272800000000e-09 -4.638262198738e-01 
 9.282800000000e-09 -4.098429653904e-01 
 9.292800000000e-09 -3.096053168482e-01 
 9.302800000000e-09 -1.772758151727e-01 
 9.312800000000e-09 -2.541220449577e-02 
 9.322800000000e-09  1.329392566535e-01 
 9.332800000000e-09  2.799058796394e-01 
 9.342800000000e-09  3.947139092701e-01 
 9.352800000000e-09  4.593922914584e-01 
 9.362800000000e-09  4.644578187353e-01 
 9.372800000000e-09  4.117819119497e-01 
 9.382800000000e-09  3.125133729974e-01 
 9.392800000000e-09  1.808126922967e-01 
 9.402800000000e-09  2.928718396898e-02 
 9.412800000000e-09 -1.290942727606e-01 
 9.422800000000e-09 -2.765900193163e-01 
 9.432800000000e-09 -3.924258525186e-01 
 9.442800000000e-09 -4.584967081457e-01 
 9.452800000000e-09 -4.650542072681e-01 
 9.462800000000e-09 -4.136926323382e-01 
 9.472800000000e-09 -3.154016951628e-01 
 9.482800000000e-09 -1.843370199408e-01 
 9.492800000000e-09 -3.315707727173e-02 
 9.502800000000e-09  1.252436545894e-01 
 9.512800000000e-09  2.732575741158e-01 
 9.522800000000e-09  3.901021022014e-01 
 9.532800000000e-09  4.575500293214e-01 
 9.542800000000e-09  4.656050999995e-01 
 9.552800000000e-09  4.155684686546e-01 
 9.562800000000e-09  3.182681552626e-01 
 9.572800000000e-09  1.878512676949e-01 
 9.582800000000e-09  3.702834480962e-02 
 9.592800000000e-09 -1.213774651484e-01 
 9.602800000000e-09 -2.698926285885e-01 
 9.612800000000e-09 -3.877417128933e-01 
 9.622800000000e-09 -4.565710650203e-01 
 9.632800000000e-09 -4.661222685059e-01 
 9.642800000000e-09 -4.174172175471e-01 
 9.652800000000e-09 -3.211153794664e-01 
 9.662800000000e-09 -1.913529980658e-01 
 9.672800000000e-09 -4.089389676492e-02 
 9.682800000000e-09  1.175070340680e-01 
 9.692800000000e-09  2.665110518704e-01 
 9.702800000000e-09  3.853536205537e-01 
 9.712800000000e-09  4.555579637714e-01 
 9.722800000000e-09  4.666054395129e-01 
 9.732800000000e-09  4.192380333804e-01 
 9.742800000000e-09  3.239426220445e-01 
 9.752800000000e-09  1.948419549337e-01 
 9.762800000000e-09  4.475588731537e-02 
 9.772800000000e-09 -1.136291486174e-01 
 9.782800000000e-09 -2.631100313805e-01 
 9.792800000000e-09 -3.829363089560e-01 
 9.802800000000e-09 -4.545105115198e-01 
 9.812800000000e-09 -4.670556571237e-01 
 9.822800000000e-09 -4.210329897892e-01 
 9.832800000000e-09 -3.267526293639e-01 
 9.842800000000e-09 -1.983205478105e-01 
 9.852800000000e-09 -4.861193819908e-02 
 9.862800000000e-09  1.097485320113e-01 
 9.872800000000e-09  2.596938641023e-01 
 9.882800000000e-09  3.804919246478e-01 
 9.892800000000e-09  4.534288035896e-01 
 9.902800000000e-09  4.674709963291e-01 
 9.912800000000e-09  4.227986505078e-01 
 9.922800000000e-09  3.295411518277e-01 
 9.932800000000e-09  2.017845968301e-01 
 9.942800000000e-09  5.246021192661e-02 
 9.952800000000e-09 -1.058658604127e-01 
 9.962800000000e-09 -2.562629247834e-01 
 9.972800000000e-09 -3.780210586709e-01 
 9.982800000000e-09 -4.523131948254e-01 
 9.992800000000e-09 -4.678514836385e-01 
 1.000000000000e-08 -4.418708209435e-01 
