 1.628000000000e-10  2.351798205341e-02 
 1.728000000000e-10  1.504776130613e-02 
 1.828000000000e-10  4.661951095277e-03 
 1.928000000000e-10 -6.514387793746e-03 
 2.028000000000e-10 -1.723794618002e-02 
 2.128000000000e-10 -2.628135593506e-02 
 2.228000000000e-10 -3.257585133285e-02 
 2.328000000000e-10 -3.533724278256e-02 
 2.428000000000e-10 -3.416572385410e-02 
 2.528000000000e-10 -2.909739318367e-02 
 2.628000000000e-10 -2.061081171590e-02 
 2.728000000000e-10 -9.580197601133e-03 
 2.828000000000e-10  2.811521317185e-03 
 2.928000000000e-10  1.519802831774e-02 
 3.028000000000e-10  2.617464193240e-02 
 3.128000000000e-10  3.446097209609e-02 
 3.228000000000e-10  3.905112969832e-02 
 3.328000000000e-10  3.933457877589e-02 
 3.428000000000e-10  3.517396839007e-02 
 3.528000000000e-10  2.693259438117e-02 
 3.628000000000e-10  1.544048786853e-02 
 3.728000000000e-10  1.913120920397e-03 
 3.828000000000e-10 -1.217471802956e-02 
 3.928000000000e-10 -2.524138568239e-02 
 4.028000000000e-10 -3.577706736093e-02 
 4.128000000000e-10 -4.252201936335e-02 
 4.228000000000e-10 -4.461714441481e-02 
 4.328000000000e-10 -4.171166654321e-02 
 4.428000000000e-10 -3.401542712333e-02 
 4.528000000000e-10 -2.228267514608e-02 
 4.628000000000e-10 -7.737792452071e-03 
 4.728000000000e-10  8.048188522052e-03 
 4.828000000000e-10  2.332064211284e-02 
 4.928000000000e-10  3.633526980895e-02 
 5.028000000000e-10  4.555718332891e-02 
 5.128000000000e-10  4.984609222710e-02 
 5.228000000000e-10  4.859657826381e-02 
 5.328000000000e-10  4.181918330228e-02 
 5.428000000000e-10  3.014846307844e-02 
 5.528000000000e-10  1.477919949825e-02 
 5.628000000000e-10 -2.649165381168e-03 
 5.728000000000e-10 -2.021768287632e-02 
 5.828000000000e-10 -3.593851497105e-02 
 5.928000000000e-10 -4.797788320360e-02 
 6.028000000000e-10 -5.487605456460e-02 
 6.128000000000e-10 -5.572539452168e-02 
 6.228000000000e-10 -5.028771622763e-02 
 6.328000000000e-10 -3.903189417228e-02 
 6.428000000000e-10 -2.308910790100e-02 
 6.528000000000e-10 -4.140208869241e-03 
 6.628000000000e-10  1.575273789358e-02 
 6.728000000000e-10  3.436235853516e-02 
 6.828000000000e-10  4.954179239115e-02 
 6.928000000000e-10  5.947781302747e-02 
 7.028000000000e-10  6.291427560909e-02 
 7.128000000000e-10  5.931103828843e-02 
 7.228000000000e-10  4.891472896740e-02 
 7.328000000000e-10  3.273971207359e-02 
 7.428000000000e-10  1.246690876658e-02 
 7.528000000000e-10 -9.722979525557e-03 
 7.628000000000e-10 -3.137102415368e-02 
 7.728000000000e-10 -5.000453043526e-02 
 7.828000000000e-10 -6.342402390366e-02 
 7.928000000000e-10 -6.997469340195e-02 
 8.028000000000e-10 -6.875371438005e-02 
 8.128000000000e-10 -5.972630250534e-02 
 8.228000000000e-10 -4.373742934073e-02 
 8.328000000000e-10 -2.242267729602e-02 
 8.428000000000e-10  1.953211703003e-03 
 8.528000000000e-10  2.671992262887e-02 
 8.628000000000e-10  4.907904104244e-02 
 8.728000000000e-10  6.642060608895e-02 
 8.828000000000e-10  7.664158901103e-02 
 8.928000000000e-10  7.841429180541e-02 
 9.028000000000e-10  7.135543679037e-02 
 9.128000000000e-10  5.607209211741e-02 
 9.228000000000e-10  3.409670240733e-02 
 9.328000000000e-10  7.734688748887e-03 
 9.428000000000e-10 -2.016031532265e-02 
 9.528000000000e-10 -4.647123501753e-02 
 9.628000000000e-10 -6.815811968893e-02 
 9.728000000000e-10 -8.262443670976e-02 
 9.828000000000e-10 -8.805138501179e-02 
 9.928000000000e-10 -8.362975211869e-02 
 1.002800000000e-09 -6.965828297737e-02 
 1.012800000000e-09 -4.750656997843e-02 
 1.022800000000e-09 -1.946784615038e-02 
 1.032800000000e-09  1.146155530805e-02 
 1.042800000000e-09  4.186833706925e-02 
 1.052800000000e-09  6.827803284354e-02 
 1.062800000000e-09  8.756323407162e-02 
 1.072800000000e-09  9.734572342634e-02 
 1.082800000000e-09  9.630953854422e-02 
 1.092800000000e-09  8.436293644355e-02 
 1.102800000000e-09  6.263605249142e-02 
 1.112800000000e-09  3.334804516162e-02 
 1.122800000000e-09 -4.113287694776e-04 
 1.132800000000e-09 -3.496575954311e-02 
 1.142800000000e-09 -6.641340564174e-02 
 1.152800000000e-09 -9.106770319858e-02 
 1.162800000000e-09 -1.059287347000e-01 
 1.172800000000e-09 -1.090876425455e-01 
 1.182800000000e-09 -9.996918922565e-02 
 1.192800000000e-09 -7.938134984842e-02 
 1.202800000000e-09 -4.940059278478e-02 
 1.212800000000e-09 -1.315135753174e-02 
 1.222800000000e-09  2.547528315318e-02 
 1.232800000000e-09  6.217706977374e-02 
 1.242800000000e-09  9.269815127790e-02 
 1.252800000000e-09  1.133624722503e-01 
 1.262800000000e-09  1.215777122919e-01 
 1.272800000000e-09  1.161828391319e-01 
 1.282800000000e-09  9.756837828975e-02 
 1.292800000000e-09  6.758692302927e-02 
 1.302800000000e-09  2.933086423757e-02 
 1.312800000000e-09 -1.315182580801e-02 
 1.322800000000e-09 -5.520130771856e-02 
 1.332800000000e-09 -9.200132918190e-02 
 1.342800000000e-09 -1.191595373002e-01 
 1.352800000000e-09 -1.333152825830e-01 
 1.362800000000e-09 -1.326117935742e-01 
 1.372800000000e-09 -1.169137042825e-01 
 1.382800000000e-09 -8.775999473591e-02 
 1.392800000000e-09 -4.813762850388e-02 
 1.402800000000e-09 -2.184060076481e-03 
 1.412800000000e-09  4.514518867738e-02 
 1.422800000000e-09  8.850922608346e-02 
 1.432800000000e-09  1.227827455401e-01 
 1.442800000000e-09  1.437608333858e-01 
 1.452800000000e-09  1.487753062412e-01 
 1.462800000000e-09  1.370410417159e-01 
 1.472800000000e-09  1.096776278143e-01 
 1.482800000000e-09  6.948529951732e-02 
 1.492800000000e-09  2.061984949066e-02 
 1.502800000000e-09 -3.174051349417e-02 
 1.512800000000e-09 -8.179042308653e-02 
 1.522800000000e-09 -1.236841967989e-01 
 1.532800000000e-09 -1.523166436692e-01 
 1.542800000000e-09 -1.640958081858e-01 
 1.552800000000e-09 -1.574525861134e-01 
 1.562800000000e-09 -1.329654599014e-01 
 1.572800000000e-09 -9.315569541691e-02 
 1.582800000000e-09 -4.212341743635e-02 
 1.592800000000e-09  1.481104400734e-02 
 1.602800000000e-09  7.146310974850e-02 
 1.612800000000e-09  1.213167325620e-01 
 1.622800000000e-09  1.583411613405e-01 
 1.632800000000e-09  1.779188145551e-01 
 1.642800000000e-09  1.775526361223e-01 
 1.652800000000e-09  1.571378840344e-01 
 1.662800000000e-09  1.188074431124e-01 
 1.672800000000e-09  6.652885119232e-02 
 1.682800000000e-09  5.687008296136e-03 
 1.692800000000e-09 -5.725336154622e-02 
 1.702800000000e-09 -1.151929818266e-01 
 1.712800000000e-09 -1.611921696393e-01 
 1.722800000000e-09 -1.895311189667e-01 
 1.732800000000e-09 -1.966428177602e-01 
 1.742800000000e-09 -1.815803935495e-01 
 1.752800000000e-09 -1.459567697570e-01 
 1.762800000000e-09 -9.352030739515e-02 
 1.772800000000e-09 -2.964863133020e-02 
 1.782800000000e-09  3.901602764240e-02 
 1.792800000000e-09  1.049122443804e-01 
 1.802800000000e-09  1.602591503423e-01 
 1.812800000000e-09  1.981970714010e-01 
 1.822800000000e-09  2.139580925598e-01 
 1.832800000000e-09  2.055815778829e-01 
 1.842800000000e-09  1.740021600177e-01 
 1.852800000000e-09  1.226419766398e-01 
 1.862800000000e-09  5.680580169442e-02 
 1.872800000000e-09 -1.677594150723e-02 
 1.882800000000e-09 -9.021941392506e-02 
 1.892800000000e-09 -1.550235433018e-01 
 1.902800000000e-09 -2.032047573143e-01 
 1.912800000000e-09 -2.286924854220e-01 
 1.922800000000e-09 -2.283405720714e-01 
 1.932800000000e-09 -2.022245381195e-01 
 1.942800000000e-09 -1.533025602176e-01 
 1.952800000000e-09 -8.673359304481e-02 
 1.962800000000e-09 -9.268066255622e-03 
 1.972800000000e-09  7.102591977933e-02 
 1.982800000000e-09  1.450950629782e-01 
 1.992800000000e-09  2.039139613303e-01 
 2.002800000000e-09  2.400514290309e-01 
 2.012800000000e-09  2.490140423363e-01 
 2.022800000000e-09  2.298234073897e-01 
 2.032800000000e-09  1.848027266680e-01 
 2.042800000000e-09  1.188674364899e-01 
 2.052800000000e-09  3.873918885603e-02 
 2.062800000000e-09 -4.744075311706e-02 
 2.072800000000e-09 -1.302612679754e-01 
 2.082800000000e-09 -1.998076362055e-01 
 2.092800000000e-09 -2.472941399825e-01 
 2.102800000000e-09 -2.667465354378e-01 
 2.112800000000e-09 -2.559340465069e-01 
 2.122800000000e-09 -2.163496599781e-01 
 2.132800000000e-09 -1.525271024591e-01 
 2.142800000000e-09 -7.110871497254e-02 
 2.152800000000e-09  1.976080372690e-02 
 2.162800000000e-09  1.105030556572e-01 
 2.172800000000e-09  1.905301207409e-01 
 2.182800000000e-09  2.497850874072e-01 
 2.192800000000e-09  2.807252465738e-01 
 2.202800000000e-09  2.796744013836e-01 
 2.212800000000e-09  2.470882476694e-01 
 2.222800000000e-09  1.869420568530e-01 
 2.232800000000e-09  1.057194844596e-01 
 2.242800000000e-09  1.153688959233e-02 
 2.252800000000e-09 -8.601091295770e-02 
 2.262800000000e-09 -1.759197439625e-01 
 2.272800000000e-09 -2.470308688533e-01 
 2.282800000000e-09 -2.902152095529e-01 
 2.292800000000e-09 -3.001788107574e-01 
 2.302800000000e-09 -2.761259072549e-01 
 2.312800000000e-09 -2.212743738374e-01 
 2.322800000000e-09 -1.418212693470e-01 
 2.332800000000e-09 -4.583237366505e-02 
 2.342800000000e-09  5.716898490637e-02 
 2.352800000000e-09  1.560215931459e-01 
 2.362800000000e-09  2.387156442447e-01 
 2.372800000000e-09  2.946047818718e-01 
 2.382800000000e-09  3.166480786665e-01 
 2.392800000000e-09  3.025780730335e-01 
 2.402800000000e-09  2.546489332274e-01 
 2.412800000000e-09  1.785984666191e-01 
 2.422800000000e-09  8.239440182081e-02 
 2.432800000000e-09 -2.453734247521e-02 
 2.442800000000e-09 -1.310934773263e-01 
 2.452800000000e-09 -2.247249950641e-01 
 2.462800000000e-09 -2.934357802764e-01 
 2.472800000000e-09 -3.283804214812e-01 
 2.482800000000e-09 -3.256063025251e-01 
 2.492800000000e-09 -2.861868792201e-01 
 2.502800000000e-09 -2.152028849994e-01 
 2.512800000000e-09 -1.204265182199e-01 
 2.522800000000e-09 -1.119255604299e-02 
 2.532800000000e-09  1.015879450650e-01 
 2.542800000000e-09  2.051592888796e-01 
 2.552800000000e-09  2.864376156541e-01 
 2.562800000000e-09  3.348110702586e-01 
 2.572800000000e-09  3.444616834257e-01 
 2.582800000000e-09  3.150468148417e-01 
 2.592800000000e-09  2.507856595536e-01 
 2.602800000000e-09  1.591026965456e-01 
 2.612800000000e-09  4.924162387800e-02 
 2.622800000000e-09 -6.812363557375e-02 
 2.632800000000e-09 -1.803294370015e-01 
 2.642800000000e-09 -2.735438574283e-01 
 2.652800000000e-09 -3.355357887404e-01 
 2.662800000000e-09 -3.585080327250e-01 
 2.672800000000e-09 -3.404587488355e-01 
 2.682800000000e-09 -2.845301238236e-01 
 2.692800000000e-09 -1.976051581596e-01 
 2.702800000000e-09 -8.879754676320e-02 
 2.712800000000e-09  3.143382024467e-02 
 2.722800000000e-09  1.507309880576e-01 
 2.732800000000e-09  2.548972722196e-01 
 2.742800000000e-09  3.303355818416e-01 
 2.752800000000e-09  3.672492515872e-01 
 2.762800000000e-09  3.617514698106e-01 
 2.772800000000e-09  3.156727498043e-01 
 2.782800000000e-09  2.351458738533e-01 
 2.792800000000e-09  1.290519472303e-01 
 2.802800000000e-09  7.684778815182e-03 
 2.812800000000e-09 -1.170049188562e-01 
 2.822800000000e-09 -2.308335977848e-01 
 2.832800000000e-09 -3.191790241334e-01 
 2.842800000000e-09 -3.703402772708e-01 
 2.852800000000e-09 -3.783641171207e-01 
 2.862800000000e-09 -3.435235662232e-01 
 2.872800000000e-09 -2.709891751554e-01 
 2.882800000000e-09 -1.692348181696e-01 
 2.892800000000e-09 -4.842626385499e-02 
 2.902800000000e-09  7.988865650323e-02 
 2.912800000000e-09  2.018535402011e-01 
 2.922800000000e-09  3.022187216945e-01 
 2.932800000000e-09  3.675943007299e-01 
 2.942800000000e-09  3.898567879351e-01 
 2.952800000000e-09  3.674828309239e-01 
 2.962800000000e-09  3.044536823718e-01 
 2.972800000000e-09  2.086225427404e-01 
 2.982800000000e-09  9.000862665461e-02 
 2.992800000000e-09 -4.016785515089e-02 
 3.002800000000e-09 -1.685789660617e-01 
 3.012800000000e-09 -2.797661765016e-01 
 3.022800000000e-09 -3.589733970737e-01 
 3.032800000000e-09 -3.959119564761e-01 
 3.042800000000e-09 -3.870401669714e-01 
 3.052800000000e-09 -3.349125785564e-01 
 3.062800000000e-09 -2.465467979238e-01 
 3.072800000000e-09 -1.317028030011e-01 
 3.082800000000e-09 -1.374204399947e-03 
 3.092800000000e-09  1.317074232739e-01 
 3.102800000000e-09  2.522697396710e-01 
 3.112800000000e-09  3.445873253626e-01 
 3.122800000000e-09  3.963408883627e-01 
 3.132800000000e-09  4.017829592637e-01 
 3.142800000000e-09  3.618123317406e-01 
 3.152800000000e-09  2.823977860818e-01 
 3.162800000000e-09  1.728409123755e-01 
 3.172800000000e-09  4.398632700911e-02 
 3.182800000000e-09 -9.198086748028e-02 
 3.192800000000e-09 -2.202935301202e-01 
 3.202800000000e-09 -3.246886339715e-01 
 3.212800000000e-09 -3.910789329082e-01 
 3.222800000000e-09 -4.113993545405e-01 
 3.232800000000e-09 -3.846772213625e-01 
 3.242800000000e-09 -3.156060118930e-01 
 3.252800000000e-09 -2.128034928993e-01 
 3.262800000000e-09 -8.696228601884e-02 
 3.272800000000e-09  5.015514390488e-02 
 3.282800000000e-09  1.844806538532e-01 
 3.292800000000e-09  2.996453208415e-01 
 3.302800000000e-09  3.801653219795e-01 
 3.312800000000e-09  4.156666836136e-01 
 3.322800000000e-09  4.030939180087e-01 
 3.332800000000e-09  3.456389788085e-01 
 3.342800000000e-09  2.510227662237e-01 
 3.352800000000e-09  1.296627763276e-01 
 3.362800000000e-09 -6.954662969691e-03 
 3.372800000000e-09 -1.455070148772e-01 
 3.382800000000e-09 -2.699182233546e-01 
 3.392800000000e-09 -3.637461835980e-01 
 3.402800000000e-09 -4.144615709648e-01 
 3.412800000000e-09 -4.167289074058e-01 
 3.422800000000e-09 -3.720307188388e-01 
 3.432800000000e-09 -2.869830176851e-01 
 3.442800000000e-09 -1.715136753088e-01 
 3.452800000000e-09 -3.694442511906e-02 
 3.462800000000e-09  1.040667280532e-01 
 3.472800000000e-09  2.360597892242e-01 
 3.482800000000e-09  3.420913144917e-01 
 3.492800000000e-09  4.077661780610e-01 
 3.502800000000e-09  4.253350999586e-01 
 3.512800000000e-09  3.943787125827e-01 
 3.522800000000e-09  3.201896149917e-01 
 3.532800000000e-09  2.119759006435e-01 
 3.542800000000e-09  8.090717742915e-02 
 3.552800000000e-09 -6.086371728428e-02 
 3.562800000000e-09 -1.986904825571e-01 
 3.572800000000e-09 -3.155689832998e-01 
 3.582800000000e-09 -3.956395519734e-01 
 3.592800000000e-09 -4.287303526670e-01 
 3.602800000000e-09 -4.123221162412e-01 
 3.612800000000e-09 -3.501697677976e-01 
 3.622800000000e-09 -2.505524024701e-01 
 3.632800000000e-09 -1.243638341396e-01 
 3.642800000000e-09  1.656669005932e-02 
 3.652800000000e-09  1.584492226424e-01 
 3.662800000000e-09  2.846191359244e-01 
 3.672800000000e-09  3.782202597293e-01 
 3.682800000000e-09  4.268092135232e-01 
 3.692800000000e-09  4.255634138994e-01 
 3.702800000000e-09  3.765070910729e-01 
 3.712800000000e-09  2.867893264603e-01 
 3.722800000000e-09  1.668079993463e-01 
 3.732800000000e-09  2.820966742062e-02 
 3.742800000000e-09 -1.159773182576e-01 
 3.752800000000e-09 -2.497574031467e-01 
 3.762800000000e-09 -3.557575666299e-01 
 3.772800000000e-09 -4.195610943332e-01 
 3.782800000000e-09 -4.338828852938e-01 
 3.792800000000e-09 -3.988405039829e-01 
 3.802800000000e-09 -3.202429067132e-01 
 3.812800000000e-09 -2.077589581399e-01 
 3.822800000000e-09 -7.288586163393e-02 
 3.832800000000e-09  7.192917102114e-02 
 3.842800000000e-09  2.115709013422e-01 
 3.852800000000e-09  3.286014407954e-01 
 3.862800000000e-09  4.070451780226e-01 
 3.872800000000e-09  4.371153926779e-01 
 3.882800000000e-09  4.168386107656e-01 
 3.892800000000e-09  3.504775179275e-01 
 3.902800000000e-09  2.467652357455e-01 
 3.912800000000e-09  1.169368715006e-01 
 3.922800000000e-09 -2.693460443809e-02 
 3.932800000000e-09 -1.706685437312e-01 
 3.942800000000e-09 -2.971670141145e-01 
 3.952800000000e-09 -3.893823714257e-01 
 3.962800000000e-09 -4.351550737656e-01 
 3.972800000000e-09 -4.302177243038e-01 
 3.982800000000e-09 -3.771029688904e-01 
 3.992800000000e-09 -2.834121267602e-01 
 4.002800000000e-09 -1.598997675440e-01 
 4.012800000000e-09 -1.843214602248e-02 
 4.022800000000e-09  1.276518161044e-01 
 4.032800000000e-09  2.619324114343e-01 
 4.042800000000e-09  3.667891711127e-01 
 4.052800000000e-09  4.279813227720e-01 
 4.062800000000e-09  4.387664999250e-01 
 4.072800000000e-09  3.997806695261e-01 
 4.082800000000e-09  3.172906268933e-01 
 4.092800000000e-09  2.013340886183e-01 
 4.102800000000e-09  6.363026240717e-02 
 4.112800000000e-09 -8.313490340254e-02 
 4.122800000000e-09 -2.234507480718e-01 
 4.132800000000e-09 -3.395902140262e-01 
 4.142800000000e-09 -4.156459207954e-01 
 4.152800000000e-09 -4.423253529575e-01 
 4.162800000000e-09 -4.181958729331e-01 
 4.172800000000e-09 -3.479887845954e-01 
 4.182800000000e-09 -2.408170750601e-01 
 4.192800000000e-09 -1.081610383665e-01 
 4.202800000000e-09  3.772264902757e-02 
 4.212800000000e-09  1.823094508129e-01 
 4.222800000000e-09  3.081792483738e-01 
 4.232800000000e-09  3.982527837253e-01 
 4.242800000000e-09  4.407826724608e-01 
 4.252800000000e-09  4.320697426848e-01 
 4.262800000000e-09  3.751293318943e-01 
 4.272800000000e-09  2.779578523705e-01 
 4.282800000000e-09  1.515860150876e-01 
 4.292800000000e-09  8.032560701036e-03 
 4.302800000000e-09 -1.390855104763e-01 
 4.312800000000e-09 -2.730040417852e-01 
 4.322800000000e-09 -3.759865631902e-01 
 4.332800000000e-09 -4.341020101378e-01 
 4.342800000000e-09 -4.411887693449e-01 
 4.352800000000e-09 -3.983844390069e-01 
 4.362800000000e-09 -3.123714268145e-01 
 4.372800000000e-09 -1.934915208046e-01 
 4.382800000000e-09 -5.361474281800e-02 
 4.392800000000e-09  9.436287790337e-02 
 4.402800000000e-09  2.345859858238e-01 
 4.412800000000e-09  3.491427514043e-01 
 4.422800000000e-09  4.223230307759e-01 
 4.432800000000e-09  4.453924508859e-01 
 4.442800000000e-09  4.174486658905e-01 
 4.452800000000e-09  3.436617939182e-01 
 4.462800000000e-09  2.334728370518e-01 
 4.472800000000e-09  9.853964345212e-02 
 4.482800000000e-09 -4.872973622229e-02 
 4.492800000000e-09 -1.934955403817e-01 
 4.502800000000e-09 -3.180961371481e-01 
 4.512800000000e-09 -4.055359471241e-01 
 4.522800000000e-09 -4.445623579199e-01 
 4.532800000000e-09 -4.320433663558e-01 
 4.542800000000e-09 -3.714565814807e-01 
 4.552800000000e-09 -2.711522818196e-01 
 4.562800000000e-09 -1.423795782723e-01 
 4.572800000000e-09  2.729883052007e-03 
 4.582800000000e-09  1.502969270138e-01 
 4.592800000000e-09  2.832715081503e-01 
 4.602800000000e-09  3.838975378124e-01 
 4.612800000000e-09  4.386448447078e-01 
 4.622800000000e-09  4.419478342894e-01 
 4.632800000000e-09  3.954311756839e-01 
 4.642800000000e-09  3.061612947747e-01 
 4.652800000000e-09  1.847375559652e-01 
 4.662800000000e-09  4.313465341107e-02 
 4.672800000000e-09 -1.055529371726e-01 
 4.682800000000e-09 -2.451617948302e-01 
 4.692800000000e-09 -3.576726490542e-01 
 4.702800000000e-09 -4.276643813994e-01 
 4.712800000000e-09 -4.469964860653e-01 
 4.722800000000e-09 -4.152851288657e-01 
 4.732800000000e-09 -3.381159700629e-01 
 4.742800000000e-09 -2.252206507006e-01 
 4.752800000000e-09 -8.838705920732e-02 
 4.762800000000e-09  5.983939730425e-02 
 4.772800000000e-09  2.043217918294e-01 
 4.782800000000e-09  3.272174283125e-01 
 4.792800000000e-09  4.116993667130e-01 
 4.802800000000e-09  4.470639508552e-01 
 4.812800000000e-09  4.307383059716e-01 
 4.822800000000e-09  3.666447983688e-01 
 4.832800000000e-09  2.634575411482e-01 
 4.842800000000e-09  1.326014541524e-01 
 4.852800000000e-09 -1.369947999288e-02 
 4.862800000000e-09 -1.613101587905e-01 
 4.872800000000e-09 -2.929394613529e-01 
 4.882800000000e-09 -3.908847685591e-01 
 4.892800000000e-09 -4.420804053473e-01 
 4.902800000000e-09 -4.415593307561e-01 
 4.912800000000e-09 -3.914205366369e-01 
 4.922800000000e-09 -2.990897855603e-01 
 4.932800000000e-09 -1.753893891014e-01 
 4.942800000000e-09 -3.237024161078e-02 
 4.952800000000e-09  1.166760957981e-01 
 4.962800000000e-09  2.553063079335e-01 
 4.972800000000e-09  3.654533225895e-01 
 4.982800000000e-09  4.320523842621e-01 
 4.992800000000e-09  4.475752584211e-01 
 5.002800000000e-09  4.121450720873e-01 
 5.012800000000e-09  3.317439731095e-01 
 5.022800000000e-09  2.163662859035e-01 
 5.032800000000e-09  7.789646134949e-02 
 5.042800000000e-09 -7.098512314779e-02 
 5.052800000000e-09 -2.148566287993e-01 
 5.062800000000e-09 -3.357416662487e-01 
 5.072800000000e-09 -4.170475944386e-01 
 5.082800000000e-09 -4.486534412695e-01 
 5.092800000000e-09 -4.285355215507e-01 
 5.102800000000e-09 -3.610473483206e-01 
 5.112800000000e-09 -2.551624726711e-01 
 5.122800000000e-09 -1.224493298264e-01 
 5.132800000000e-09  2.478372289821e-02 
 5.142800000000e-09  1.721466377604e-01 
 5.152800000000e-09  3.021433104406e-01 
 5.162800000000e-09  3.971826632049e-01 
 5.172800000000e-09  4.447093691562e-01 
 5.182800000000e-09  4.403503473609e-01 
 5.192800000000e-09  3.866674728728e-01 
 5.202800000000e-09  2.914257961158e-01 
 5.212800000000e-09  1.656429768229e-01 
 5.222800000000e-09  2.143028234783e-02 
 5.232800000000e-09 -1.277188946325e-01 
 5.242800000000e-09 -2.651049138569e-01 
 5.252800000000e-09 -3.726613212672e-01 
 5.262800000000e-09 -4.357311974299e-01 
 5.272800000000e-09 -4.474061683576e-01 
 5.282800000000e-09 -4.083054663800e-01 
 5.292800000000e-09 -3.247913440366e-01 
 5.302800000000e-09 -2.070988156735e-01 
 5.312800000000e-09 -6.718534701860e-02 
 5.322800000000e-09  8.212893805175e-02 
 5.332800000000e-09  2.251467950741e-01 
 5.342800000000e-09  3.437973043497e-01 
 5.352800000000e-09  4.217746275660e-01 
 5.362800000000e-09  4.495629146627e-01 
 5.372800000000e-09  4.256762070691e-01 
 5.382800000000e-09  3.548861748176e-01 
 5.392800000000e-09  2.464468667946e-01 
 5.402800000000e-09  1.120445700077e-01 
 5.412800000000e-09 -3.592758988197e-02 
 5.422800000000e-09 -1.828230898645e-01 
 5.432800000000e-09 -3.109714841127e-01 
 5.442800000000e-09 -4.029417469576e-01 
 5.452800000000e-09 -4.467230688565e-01 
 5.462800000000e-09 -4.385277738787e-01 
 5.472800000000e-09 -3.813700540741e-01 
 5.482800000000e-09 -2.833370797276e-01 
 5.492800000000e-09 -1.556195845045e-01 
 5.502800000000e-09 -1.038150175762e-02 
 5.512800000000e-09  1.386744342144e-01 
 5.522800000000e-09  2.746128703627e-01 
 5.532800000000e-09  3.794094544951e-01 
 5.542800000000e-09  4.388561141934e-01 
 5.552800000000e-09  4.466649564372e-01 
 5.562800000000e-09  4.039411591214e-01 
 5.572800000000e-09  3.174124050002e-01 
 5.582800000000e-09  1.975360265228e-01 
 5.592800000000e-09  5.632629889727e-02 
 5.602800000000e-09 -9.324787940716e-02 
 5.612800000000e-09 -2.352224881609e-01 
 5.622800000000e-09 -3.514662572018e-01 
 5.632800000000e-09 -4.260041315037e-01 
 5.642800000000e-09 -4.499393945815e-01 
 5.652800000000e-09 -4.223122774193e-01 
 5.662800000000e-09 -3.483005397534e-01 
 5.672800000000e-09 -2.374228055186e-01 
 5.682800000000e-09 -1.014623326262e-01 
 5.692800000000e-09  4.709715617737e-02 
 5.702800000000e-09  1.933503650935e-01 
 5.712800000000e-09  3.194799127748e-01 
 5.722800000000e-09  4.082572635969e-01 
 5.732800000000e-09  4.482422812879e-01 
 5.742800000000e-09  4.362219584315e-01 
 5.752800000000e-09  3.756527684810e-01 
 5.762800000000e-09  2.749289770330e-01 
 5.772800000000e-09  1.453946444597e-01 
 5.782800000000e-09 -7.349195559705e-04 
 5.792800000000e-09 -1.495385498550e-01 
 5.802800000000e-09 -2.838647863914e-01 
 5.812800000000e-09 -3.857686775852e-01 
 5.822800000000e-09 -4.415249806475e-01 
 5.832800000000e-09 -4.454622444454e-01 
 5.842800000000e-09 -3.991620574068e-01 
 5.852800000000e-09 -3.097039072144e-01 
 5.862800000000e-09 -1.877511956376e-01 
 5.872800000000e-09 -4.536441215095e-02 
 5.882800000000e-09  1.043273060085e-01 
 5.892800000000e-09  2.451021339434e-01 
 5.902800000000e-09  3.587997289500e-01 
 5.912800000000e-09  4.298140984366e-01 
 5.922800000000e-09  4.498755460107e-01 
 5.932800000000e-09  4.185393706630e-01 
 5.942800000000e-09  3.413778497793e-01 
 5.952800000000e-09  2.281601928143e-01 
 5.962800000000e-09  9.074935828554e-02 
 5.972800000000e-09 -5.827092372393e-02 
 5.982800000000e-09 -2.037347036691e-01 
 5.992800000000e-09 -3.277032441705e-01 
 6.002800000000e-09 -4.131888449083e-01 
 6.012800000000e-09 -4.493431087719e-01 
 6.022800000000e-09 -4.335154956055e-01 
 6.032800000000e-09 -3.695942697798e-01 
 6.042800000000e-09 -2.662678774251e-01 
 6.052800000000e-09 -1.350156312463e-01 
 6.062800000000e-09  1.189254584686e-02 
 6.072800000000e-09  1.603076962813e-01 
 6.082800000000e-09  2.928814715344e-01 
 6.092800000000e-09  3.917832335450e-01 
 6.102800000000e-09  4.437995391171e-01 
 6.112800000000e-09  4.438681724498e-01 
 6.122800000000e-09  3.940380243025e-01 
 6.132800000000e-09  3.017274675824e-01 
 6.142800000000e-09  1.777908264489e-01 
 6.152800000000e-09  3.432875401109e-02 
 6.162800000000e-09 -1.153566984243e-01 
 6.172800000000e-09 -2.547958680121e-01 
 6.182800000000e-09 -3.658291026323e-01 
 6.192800000000e-09 -4.332537082587e-01 
 6.202800000000e-09 -4.494302202235e-01 
 6.212800000000e-09 -4.144184585047e-01 
 6.222800000000e-09 -3.341738957764e-01 
 6.232800000000e-09 -2.187034722474e-01 
 6.242800000000e-09 -7.993562805361e-02 
 6.252800000000e-09  6.943416685883e-02 
 6.262800000000e-09  2.139785867183e-01 
 6.272800000000e-09  3.356622509186e-01 
 6.282800000000e-09  4.177745906786e-01 
 6.292800000000e-09  4.500735694392e-01 
 6.302800000000e-09  4.304595225822e-01 
 6.312800000000e-09  3.632436973074e-01 
 6.322800000000e-09  2.573954165720e-01 
 6.332800000000e-09  1.245126268815e-01 
 6.342800000000e-09 -2.307363486375e-02 
 6.352800000000e-09 -1.709777423426e-01 
 6.362800000000e-09 -3.016738294255e-01 
 6.372800000000e-09 -3.974792378505e-01 
 6.382800000000e-09 -4.457175231631e-01 
 6.392800000000e-09 -4.419263032146e-01 
 6.402800000000e-09 -3.886129204587e-01 
 6.412800000000e-09 -2.935221726252e-01 
 6.422800000000e-09 -1.676846138247e-01 
 6.432800000000e-09 -2.323876236518e-02 
 6.442800000000e-09  1.263273409270e-01 
 6.452800000000e-09  2.643075603310e-01 
 6.462800000000e-09  3.725721056661e-01 
 6.472800000000e-09  4.363528396942e-01 
 6.482800000000e-09  4.486400035059e-01 
 6.492800000000e-09  4.099879961496e-01 
 6.502800000000e-09  3.267242142439e-01 
 6.512800000000e-09  2.090810306292e-01 
 6.522800000000e-09  6.904090374865e-02 
 6.532800000000e-09 -8.057575947464e-02 
 6.542800000000e-09 -2.240812336456e-01 
 6.552800000000e-09 -3.433680010953e-01 
 6.562800000000e-09 -4.220368129802e-01 
 6.572800000000e-09 -4.504636612223e-01 
 6.582800000000e-09 -4.270876941860e-01 
 6.592800000000e-09 -3.566333722241e-01 
 6.602800000000e-09 -2.483391430108e-01 
 6.612800000000e-09 -1.139058584693e-01 
 6.622800000000e-09  3.426529614536e-02 
 6.632800000000e-09  1.815441744465e-01 
 6.642800000000e-09  3.102471529177e-01 
 6.652800000000e-09  4.028725777994e-01 
 6.662800000000e-09  4.473030320712e-01 
 6.672800000000e-09  4.396650898529e-01 
 6.682800000000e-09  3.829157947192e-01 
 6.692800000000e-09  2.851144301929e-01 
 6.702800000000e-09  1.574526541891e-01 
 6.712800000000e-09  1.210817400148e-02 
 6.722800000000e-09 -1.372317742537e-01 
 6.732800000000e-09 -2.736377146747e-01 
 6.742800000000e-09 -3.790388270840e-01 
 6.752800000000e-09 -4.391303800639e-01 
 6.762800000000e-09 -4.475287316372e-01 
 6.772800000000e-09 -4.052734838950e-01 
 6.782800000000e-09 -3.190526458261e-01 
 6.792800000000e-09 -1.993119067469e-01 
 6.802800000000e-09 -5.807896122582e-02 
 6.812800000000e-09  9.168676592126e-02 
 6.822800000000e-09  2.340401378176e-01 
 6.832800000000e-09  3.508261840079e-01 
 6.842800000000e-09  4.259897155893e-01 
 6.852800000000e-09  4.505328441949e-01 
 6.862800000000e-09  4.234218804362e-01 
 6.872800000000e-09  3.497845917251e-01 
 6.882800000000e-09  2.391173009873e-01 
 6.892800000000e-09  1.032090898882e-01 
 6.902800000000e-09 -4.545775174802e-02 
 6.912800000000e-09 -1.920021460076e-01 
 6.922800000000e-09 -3.186030146904e-01 
 6.932800000000e-09 -4.079724343207e-01 
 6.942800000000e-09 -4.485711740437e-01 
 6.952800000000e-09 -4.371029925952e-01 
 6.962800000000e-09 -3.769658625324e-01 
 6.972800000000e-09 -2.765217305916e-01 
 6.982800000000e-09 -1.471090593191e-01 
 6.992800000000e-09 -9.481702893452e-04 
 7.002800000000e-09  1.480623438691e-01 
 7.012800000000e-09  2.827838340267e-01 
 7.022800000000e-09  3.852338727344e-01 
 7.032800000000e-09  4.415978483596e-01 
 7.042800000000e-09  4.461112728727e-01 
 7.052800000000e-09  4.002938776395e-01 
 7.062800000000e-09  3.111799660454e-01 
 7.072800000000e-09  1.894128797733e-01 
 7.082800000000e-09  4.706290063979e-02 
 7.092800000000e-09 -1.027574863022e-01 
 7.102800000000e-09 -2.438507531614e-01 
 7.112800000000e-09 -3.580395367334e-01 
 7.122800000000e-09 -4.296439019282e-01 
 7.132800000000e-09 -4.502967507302e-01 
 7.142800000000e-09 -4.194803506780e-01 
 7.152800000000e-09 -3.427156933704e-01 
 7.162800000000e-09 -2.297459959116e-01 
 7.172800000000e-09 -9.243524500910e-02 
 7.182800000000e-09  5.664075348369e-02 
 7.192800000000e-09  2.023452797382e-01 
 7.202800000000e-09  3.267407062344e-01 
 7.212800000000e-09  4.127849117710e-01 
 7.222800000000e-09  4.495339204487e-01 
 7.232800000000e-09  4.342558802120e-01 
 7.242800000000e-09  3.707800546166e-01 
 7.252800000000e-09  2.677602864930e-01 
 7.262800000000e-09  1.366670473347e-01 
 7.272800000000e-09 -1.023054004937e-02 
 7.282800000000e-09 -1.588110062599e-01 
 7.292800000000e-09 -2.917422619483e-01 
 7.302800000000e-09 -3.911599924569e-01 
 7.312800000000e-09 -4.437643164889e-01 
 7.322800000000e-09 -4.444032762960e-01 
 7.332800000000e-09 -3.950601891235e-01 
 7.342800000000e-09 -3.031100809809e-01 
 7.352800000000e-09 -1.793882042024e-01 
 7.362800000000e-09 -3.599720008263e-02 
 7.372800000000e-09  1.137820163834e-01 
 7.382800000000e-09  2.535071283654e-01 
 7.392800000000e-09  3.650043213214e-01 
 7.402800000000e-09  4.329992973872e-01 
 7.412800000000e-09  4.497574962752e-01 
 7.422800000000e-09  4.152667323555e-01 
 7.432800000000e-09  3.354308386566e-01 
 7.442800000000e-09  2.202289871522e-01 
 7.452800000000e-09  8.158800572062e-02 
 7.462800000000e-09 -6.780933315564e-02 
 7.472800000000e-09 -2.125681228575e-01 
 7.482800000000e-09 -3.346559884777e-01 
 7.492800000000e-09 -4.173093843205e-01 
 7.502800000000e-09 -4.501922224496e-01 
 7.512800000000e-09 -4.311253462243e-01 
 7.522800000000e-09 -3.643611441494e-01 
 7.532800000000e-09 -2.588333868977e-01 
 7.542800000000e-09 -1.261298393982e-01 
 7.552800000000e-09  2.142345409358e-02 
 7.562800000000e-09  1.694719135627e-01 
 7.572800000000e-09  3.005071569589e-01 
 7.582800000000e-09  3.968136208341e-01 
 7.592800000000e-09  4.456290921491e-01 
 7.602800000000e-09  4.424035803568e-01 
 7.612800000000e-09  3.895793774203e-01 
 7.622800000000e-09  2.948577989983e-01 
 7.632800000000e-09  1.692495108000e-01 
 7.642800000000e-09  2.489207214919e-02 
 7.652800000000e-09 -1.247514072706e-01 
 7.662800000000e-09 -2.630033073207e-01 
 7.672800000000e-09 -3.717199761492e-01 
 7.682800000000e-09 -4.360615296106e-01 
 7.692800000000e-09 -4.489247525918e-01 
 7.702800000000e-09 -4.107930749819e-01 
 7.712800000000e-09 -3.279426043510e-01 
 7.722800000000e-09 -2.105774146706e-01 
 7.732800000000e-09 -7.067706343934e-02 
 7.742800000000e-09  7.895451107612e-02 
 7.752800000000e-09  2.226637876556e-01 
 7.762800000000e-09  3.423461841707e-01 
 7.772800000000e-09  4.215485874717e-01 
 7.782800000000e-09  4.505534700797e-01 
 7.792800000000e-09  4.277221639617e-01 
 7.802800000000e-09  3.577208680317e-01 
 7.812800000000e-09  2.497523991941e-01 
 7.822800000000e-09  1.155073376915e-01 
 7.832800000000e-09 -3.262140405818e-02 
 7.842800000000e-09 -1.800372587049e-01 
 7.852800000000e-09 -3.090737964728e-01 
 7.862800000000e-09 -4.021951528733e-01 
 7.872800000000e-09 -4.471975294540e-01 
 7.882800000000e-09 -4.401218350285e-01 
 7.892800000000e-09 -3.838608341019e-01 
 7.902800000000e-09 -2.864307980308e-01 
 7.912800000000e-09 -1.590038024522e-01 
 7.922800000000e-09 -1.375440659387e-02 
 7.932800000000e-09  1.356581144547e-01 
 7.942800000000e-09  2.723327178548e-01 
 7.952800000000e-09  3.781833132894e-01 
 7.962800000000e-09  4.388318989077e-01 
 7.972800000000e-09  4.478027703396e-01 
 7.982800000000e-09  4.060656376590e-01 
 7.992800000000e-09  3.202580169067e-01 
 8.002800000000e-09  2.007976190637e-01 
 8.012800000000e-09  5.970862425990e-02 
 8.022800000000e-09 -9.006915885454e-02 
 8.032800000000e-09 -2.326255654664e-01 
 8.042800000000e-09 -3.498071557772e-01 
 8.052800000000e-09 -4.255026261958e-01 
 8.062800000000e-09 -4.506207054381e-01 
 8.072800000000e-09 -4.240514836810e-01 
 8.082800000000e-09 -3.508653646371e-01 
 8.092800000000e-09 -2.405235463258e-01 
 8.102800000000e-09 -1.048054486010e-01 
 8.112800000000e-09  4.381768878035e-02 
 8.122800000000e-09  1.905001496009e-01 
 8.132800000000e-09  3.174367203712e-01 
 8.142800000000e-09  4.073026699378e-01 
 8.152800000000e-09  4.484711555149e-01 
 8.162800000000e-09  4.375621534940e-01 
 8.172800000000e-09  3.779102980676e-01 
 8.182800000000e-09  2.778354017413e-01 
 8.192800000000e-09  1.486573273332e-01 
 8.202800000000e-09  2.591439071860e-03 
 8.212800000000e-09 -1.464941168818e-01 
 8.222800000000e-09 -2.814881576872e-01 
 8.232800000000e-09 -3.843904591644e-01 
 8.242800000000e-09 -4.413108702907e-01 
 8.252800000000e-09 -4.463950779096e-01 
 8.262800000000e-09 -4.010901053862e-01 
 8.272800000000e-09 -3.123838193045e-01 
 8.282800000000e-09 -1.908958602864e-01 
 8.292800000000e-09 -4.868923740053e-02 
 8.302800000000e-09  1.011455311519e-01 
 8.312800000000e-09  2.424459834761e-01 
 8.322800000000e-09  3.570341092804e-01 
 8.332800000000e-09  4.291710225417e-01 
 8.342800000000e-09  4.503964562794e-01 
 8.352800000000e-09  4.201180413391e-01 
 8.362800000000e-09  3.438005199237e-01 
 8.372800000000e-09  2.311528427658e-01 
 8.382800000000e-09  9.403020975131e-02 
 8.392800000000e-09 -5.500517784251e-02 
 8.402800000000e-09 -2.008531753855e-01 
 8.412800000000e-09 -3.255900673183e-01 
 8.422800000000e-09 -4.121336810648e-01 
 8.432800000000e-09 -4.494511687342e-01 
 8.442800000000e-09 -4.347288023742e-01 
 8.452800000000e-09 -3.717335788157e-01 
 8.462800000000e-09 -2.690783468802e-01 
 8.472800000000e-09 -1.382163365805e-01 
 8.482800000000e-09  8.590018187021e-03 
 8.492800000000e-09  1.572517863789e-01 
 8.502800000000e-09  2.904627933004e-01 
 8.512800000000e-09  3.903377814017e-01 
 8.522800000000e-09  4.434988567620e-01 
 8.532800000000e-09  4.447049785782e-01 
 8.542800000000e-09  3.958718326190e-01 
 8.552800000000e-09  3.043263813360e-01 
 8.562800000000e-09  1.808780290947e-01 
 8.572800000000e-09  3.762521917072e-02 
 8.582800000000e-09 -1.121760330701e-01 
 8.592800000000e-09 -2.521177221067e-01 
 8.602800000000e-09 -3.640224328778e-01 
 8.612800000000e-09 -4.325534150492e-01 
 8.622800000000e-09 -4.498832108216e-01 
 8.632800000000e-09 -4.159264198894e-01 
 8.642800000000e-09 -3.365319432959e-01 
 8.652800000000e-09 -2.216458408945e-01 
 8.662800000000e-09 -8.318727620106e-02 
 8.672800000000e-09  6.617697996668e-02 
 8.682800000000e-09  2.110892008992e-01 
 8.692800000000e-09  3.335283622592e-01 
 8.702800000000e-09  4.166869316663e-01 
 8.712800000000e-09  4.501385877841e-01 
 8.722800000000e-09  4.316240960159e-01 
 8.732800000000e-09  3.653347873532e-01 
 8.742800000000e-09  2.601647126930e-01 
 8.752800000000e-09  1.276861173152e-01 
 8.762800000000e-09 -1.978333938858e-02 
 8.772800000000e-09 -1.679232977615e-01 
 8.782800000000e-09 -2.992492093108e-01 
 8.792800000000e-09 -3.960207334893e-01 
 8.802800000000e-09 -4.453949434878e-01 
 8.812800000000e-09 -4.427343593912e-01 
 8.822800000000e-09 -3.904148111302e-01 
 8.832800000000e-09 -2.960909941705e-01 
 8.842800000000e-09 -1.707493245581e-01 
 8.852800000000e-09 -2.652274511059e-02 
 8.862800000000e-09  1.231528016409e-01 
 8.872800000000e-09  2.616328283765e-01 
 8.882800000000e-09  3.707666702968e-01 
 8.892800000000e-09  4.356483741215e-01 
 8.902800000000e-09  4.490823319504e-01 
 8.912800000000e-09  4.114801355269e-01 
 8.922800000000e-09  3.290643678063e-01 
 8.932800000000e-09  2.120073518034e-01 
 8.942800000000e-09  7.228200435173e-02 
 8.952800000000e-09 -7.732605879073e-02 
 8.962800000000e-09 -2.212006571057e-01 
 8.972800000000e-09 -3.412456190610e-01 
 8.982800000000e-09 -4.209596907292e-01 
 8.992800000000e-09 -4.505339704754e-01 
 9.002800000000e-09 -4.282514730950e-01 
 9.012800000000e-09 -3.587186181085e-01 
 9.022800000000e-09 -2.510998780548e-01 
 9.032800000000e-09 -1.170721288963e-01 
 9.042800000000e-09  3.098187115269e-02 
 9.052800000000e-09  1.785011492131e-01 
 9.062800000000e-09  3.078406785026e-01 
 9.072800000000e-09  4.014356735951e-01 
 9.082800000000e-09  4.469990066550e-01 
 9.092800000000e-09  4.404858132212e-01 
 9.102800000000e-09  3.847235820807e-01 
 9.112800000000e-09  2.876834838027e-01 
 9.122800000000e-09  1.605151504440e-01 
 9.132800000000e-09  1.538789179676e-02 
 9.142800000000e-09 -1.340682945300e-01 
 9.152800000000e-09 -2.709838881358e-01 
 9.162800000000e-09 -3.772620605222e-01 
 9.172800000000e-09 -4.384551141679e-01 
 9.182800000000e-09 -4.479957524133e-01 
 9.192800000000e-09 -4.067831543490e-01 
 9.202800000000e-09 -3.214028170660e-01 
 9.212800000000e-09 -2.022421998474e-01 
 9.222800000000e-09 -6.131968632991e-02 
 9.232800000000e-09  8.844553163748e-02 
 9.242800000000e-09  2.311803478335e-01 
 9.252800000000e-09  3.487365236592e-01 
 9.262800000000e-09  4.249503559155e-01 
 9.272800000000e-09  4.506383934189e-01 
 9.282800000000e-09  4.246140864138e-01 
 9.292800000000e-09  3.518894173065e-01 
 9.302800000000e-09  2.418886624515e-01 
 9.312800000000e-09  1.063793631177e-01 
 9.322800000000e-09 -4.217928130350e-02 
 9.332800000000e-09 -1.889781938051e-01 
 9.342800000000e-09 -3.162308791988e-01 
 9.352800000000e-09 -4.065793212840e-01 
 9.362800000000e-09 -4.483109469822e-01 
 9.372800000000e-09 -4.379617437323e-01 
 9.382800000000e-09 -3.788022979827e-01 
 9.392800000000e-09 -2.791088738888e-01 
 9.402800000000e-09 -1.501808261512e-01 
 9.412800000000e-09 -4.227398414832e-03 
 9.422800000000e-09  1.449144559219e-01 
 9.432800000000e-09  2.801631390090e-01 
 9.442800000000e-09  3.835037069074e-01 
 9.452800000000e-09  4.409727874192e-01 
 9.462800000000e-09  4.466255467856e-01 
 9.472800000000e-09  4.018397445277e-01 
 9.482800000000e-09  3.135527946820e-01 
 9.492800000000e-09  1.923557182531e-01 
 9.502800000000e-09  5.030630389875e-02 
 9.512800000000e-09 -9.952779638695e-02 
 9.522800000000e-09 -2.410204924622e-01 
 9.532800000000e-09 -3.559955324392e-01 
 9.542800000000e-09 -4.286573781068e-01 
 9.552800000000e-09 -4.504531462249e-01 
 9.562800000000e-09 -4.207154215207e-01 
 9.572800000000e-09 -3.448519448721e-01 
 9.582800000000e-09 -2.325362152822e-01 
 9.592800000000e-09 -9.561328915362e-02 
 9.602800000000e-09  5.336866375337e-02 
 9.612800000000e-09  1.993468533953e-01 
 9.622800000000e-09  3.244133827406e-01 
 9.632800000000e-09  4.114482965853e-01 
 9.642800000000e-09  4.493309325336e-01 
 9.652800000000e-09  4.351653720142e-01 
 9.662800000000e-09  3.726558018901e-01 
 9.672800000000e-09  2.703731129188e-01 
 9.682800000000e-09  1.397520474357e-01 
 9.692800000000e-09 -6.952198180443e-03 
 9.702800000000e-09 -1.556836077799e-01 
 9.712800000000e-09 -2.891633698560e-01 
 9.722800000000e-09 -3.894873247650e-01 
 9.732800000000e-09 -4.432009933195e-01 
 9.742800000000e-09 -4.449741323030e-01 
 9.752800000000e-09 -3.966544030412e-01 
 9.762800000000e-09 -3.055199286841e-01 
 9.772800000000e-09 -1.823532425425e-01 
 9.782800000000e-09 -3.924783578499e-02 
 9.792800000000e-09  1.105653349337e-01 
 9.802800000000e-09  2.507135653846e-01 
 9.812800000000e-09  3.630175585839e-01 
 9.822800000000e-09  4.320797302495e-01 
 9.832800000000e-09  4.499799577080e-01 
 9.842800000000e-09  4.165592971022e-01 
 9.852800000000e-09  3.376111282785e-01 
 9.862800000000e-09  2.230475740990e-01 
 9.872800000000e-09  8.477922565968e-02 
 9.882800000000e-09 -6.454326108175e-02 
 9.892800000000e-09 -2.095998820067e-01 
 9.902800000000e-09 -3.323823486813e-01 
 9.912800000000e-09 -4.160407954445e-01 
 9.922800000000e-09 -4.500593145232e-01 
 9.932800000000e-09 -4.320982945258e-01 
 9.942800000000e-09 -3.662875696603e-01 
 9.952800000000e-09 -2.614807845065e-01 
 9.962800000000e-09 -1.292337630446e-01 
 9.972800000000e-09  1.814442868447e-02 
 9.982800000000e-09  1.663678520089e-01 
 9.992800000000e-09  2.979768667461e-01 
 1.000000000000e-08  3.726864055425e-01 
