 1.628000000000e-10  2.488047352241e-02 
 1.728000000000e-10  1.630252318236e-02 
 1.828000000000e-10  5.628034544085e-03 
 1.928000000000e-10 -6.006151845945e-03 
 2.028000000000e-10 -1.731984313555e-02 
 2.128000000000e-10 -2.702553561440e-02 
 2.228000000000e-10 -3.397644839338e-02 
 2.328000000000e-10 -3.730247294771e-02 
 2.428000000000e-10 -3.652087262965e-02 
 2.528000000000e-10 -3.159864917307e-02 
 2.628000000000e-10 -2.296898665729e-02 
 2.728000000000e-10 -1.149198679052e-02 
 2.828000000000e-10  1.627574343547e-03 
 2.928000000000e-10  1.496361462628e-02 
 3.028000000000e-10  2.701634561845e-02 
 3.128000000000e-10  3.638389420428e-02 
 3.228000000000e-10  4.192762954275e-02 
 3.328000000000e-10  4.290868740337e-02 
 3.428000000000e-10  3.908252952345e-02 
 3.528000000000e-10  3.074134162203e-02 
 3.628000000000e-10  1.868791519266e-02 
 3.728000000000e-10  4.165863574451e-03 
 3.828000000000e-10 -1.126806136376e-02 
 3.928000000000e-10 -2.590288110060e-02 
 4.028000000000e-10 -3.805765574427e-02 
 4.128000000000e-10 -4.628177846433e-02 
 4.228000000000e-10 -4.952756116752e-02 
 4.328000000000e-10 -4.728262480051e-02 
 4.428000000000e-10 -3.964419268183e-02 
 4.528000000000e-10 -2.731688567869e-02 
 4.628000000000e-10 -1.154510781646e-02 
 4.728000000000e-10  6.004981833567e-03 
 4.828000000000e-10  2.341093935522e-02 
 4.928000000000e-10  3.870213999189e-02 
 5.028000000000e-10  5.008201739910e-02 
 5.128000000000e-10  5.614578630275e-02 
 5.228000000000e-10  5.605395455552e-02 
 5.328000000000e-10  4.964376692677e-02 
 5.428000000000e-10  3.745982391051e-02 
 5.528000000000e-10  2.069888075141e-02 
 5.628000000000e-10  1.100753182418e-03 
 5.728000000000e-10 -1.921677611566e-02 
 5.828000000000e-10 -3.798252302535e-02 
 5.928000000000e-10 -5.302126084667e-02 
 6.028000000000e-10 -6.251544981300e-02 
 6.128000000000e-10 -6.522796099183e-02 
 6.228000000000e-10 -6.066282846720e-02 
 6.328000000000e-10 -4.913839192506e-02 
 6.428000000000e-10 -3.175206602713e-02 
 6.528000000000e-10 -1.027633154600e-02 
 6.628000000000e-10  1.300444528195e-02 
 6.728000000000e-10  3.552420928699e-02 
 6.828000000000e-10  5.470803373505e-02 
 6.928000000000e-10  6.827331033050e-02 
 7.028000000000e-10  7.451654070440e-02 
 7.128000000000e-10  7.253055222975e-02 
 7.228000000000e-10  6.232322872277e-02 
 7.328000000000e-10  4.481843885498e-02 
 7.428000000000e-10  2.176381404742e-02 
 7.528000000000e-10 -4.428788249500e-03 
 7.628000000000e-10 -3.091545707526e-02 
 7.728000000000e-10 -5.470818406813e-02 
 7.828000000000e-10 -7.301403322367e-02 
 7.928000000000e-10 -8.358398696619e-02 
 8.028000000000e-10 -8.500760180068e-02 
 8.128000000000e-10 -7.689383765047e-02 
 8.228000000000e-10 -5.991325194756e-02 
 8.328000000000e-10 -3.572347995963e-02 
 8.428000000000e-10 -6.810773163626e-03 
 8.528000000000e-10  2.373785432600e-02 
 8.628000000000e-10  5.252826698664e-02 
 8.728000000000e-10  7.622599602526e-02 
 8.828000000000e-10  9.196659632273e-02 
 8.928000000000e-10  9.773744529135e-02 
 9.028000000000e-10  9.263938759135e-02 
 9.128000000000e-10  7.699019541584e-02 
 9.228000000000e-10  5.227656541487e-02 
 9.328000000000e-10  2.099438565259e-02 
 9.428000000000e-10 -1.357564845289e-02 
 9.528000000000e-10 -4.765692984661e-02 
 9.628000000000e-10 -7.735674126577e-02 
 9.728000000000e-10 -9.913054900764e-02 
 9.828000000000e-10 -1.102578090131e-01 
 9.928000000000e-10 -1.092146246517e-01 
 1.002800000000e-09 -9.585790491801e-02 
 1.012800000000e-09 -7.140951525188e-02 
 1.022800000000e-09 -3.829936647979e-02 
 1.032800000000e-09  6.249008609993e-05 
 1.042800000000e-09  3.956565781446e-02 
 1.052800000000e-09  7.577187643898e-02 
 1.062800000000e-09  1.044132809065e-01 
 1.072800000000e-09  1.219632201087e-01 
 1.082800000000e-09  1.261407659229e-01 
 1.092800000000e-09  1.162053601998e-01 
 1.102800000000e-09  9.300176176909e-02 
 1.112800000000e-09  5.880892209105e-02 
 1.122800000000e-09  1.709205527700e-02 
 1.132800000000e-09 -2.777174790881e-02 
 1.142800000000e-09 -7.083929878935e-02 
 1.152800000000e-09 -1.071030162953e-01 
 1.162800000000e-09 -1.321433666656e-01 
 1.172800000000e-09 -1.427816317976e-01 
 1.182800000000e-09 -1.375310875658e-01 
 1.192800000000e-09 -1.167339185113e-01 
 1.202800000000e-09 -8.241963181045e-02 
 1.212800000000e-09 -3.802770384230e-02 
 1.222800000000e-09  1.188104186480e-02 
 1.232800000000e-09  6.193486958075e-02 
 1.242800000000e-09  1.064145654957e-01 
 1.252800000000e-09  1.399519532333e-01 
 1.262800000000e-09  1.583369468609e-01 
 1.272800000000e-09  1.591643332434e-01 
 1.282800000000e-09  1.421138955037e-01 
 1.292800000000e-09  1.088519223408e-01 
 1.302800000000e-09  6.270987999463e-02 
 1.312800000000e-09  8.345492413337e-03 
 1.322800000000e-09 -4.854179562415e-02 
 1.332800000000e-09 -1.015962591529e-01 
 1.342800000000e-09 -1.444916362469e-01 
 1.352800000000e-09 -1.718737332462e-01 
 1.362800000000e-09 -1.802392627833e-01 
 1.372800000000e-09 -1.684216925755e-01 
 1.382800000000e-09 -1.375842228009e-01 
 1.392800000000e-09 -9.086122889593e-02 
 1.402800000000e-09 -3.292730102484e-02 
 1.412800000000e-09  3.030515400917e-02 
 1.422800000000e-09  9.197009634889e-02 
 1.432800000000e-09  1.448408832398e-01 
 1.442800000000e-09  1.823520401212e-01 
 1.452800000000e-09  1.997290003710e-01 
 1.462800000000e-09  1.947463634452e-01 
 1.472800000000e-09  1.678836191500e-01 
 1.482800000000e-09  1.219695094620e-01 
 1.492800000000e-09  6.162805322272e-02 
 1.502800000000e-09 -7.118235762339e-03 
 1.512800000000e-09 -7.705099011940e-02 
 1.522800000000e-09 -1.401743834654e-01 
 1.532800000000e-09 -1.887159745920e-01 
 1.542800000000e-09 -2.164901379210e-01 
 1.552800000000e-09 -2.199920248904e-01 
 1.562800000000e-09 -1.987963783877e-01 
 1.572800000000e-09 -1.552750799820e-01 
 1.582800000000e-09 -9.393551918964e-02 
 1.592800000000e-09 -2.083832673949e-02 
 1.602800000000e-09  5.660884195701e-02 
 1.612800000000e-09  1.298423478624e-01 
 1.622800000000e-09  1.899804983889e-01 
 1.632800000000e-09  2.293490774111e-01 
 1.642800000000e-09  2.429508880784e-01 
 1.652800000000e-09  2.292031319999e-01 
 1.662800000000e-09  1.898184554411e-01 
 1.672800000000e-09  1.290906690190e-01 
 1.682800000000e-09  5.308000762593e-02 
 1.692800000000e-09 -3.074074942731e-02 
 1.702800000000e-09 -1.134795768810e-01 
 1.712800000000e-09 -1.853470202769e-01 
 1.722800000000e-09 -2.371956882599e-01 
 1.732800000000e-09 -2.623701134847e-01 
 1.742800000000e-09 -2.578692352400e-01 
 1.752800000000e-09 -2.244865402090e-01 
 1.762800000000e-09 -1.661417540744e-01 
 1.772800000000e-09 -8.886457817166e-02 
 1.782800000000e-09 -1.352706601949e-04 
 1.792800000000e-09  9.105335178256e-02 
 1.802800000000e-09  1.742955014673e-01 
 1.812800000000e-09  2.391043011750e-01 
 1.822800000000e-09  2.770714478441e-01 
 1.832800000000e-09  2.835287381291e-01 
 1.842800000000e-09  2.580695256453e-01 
 1.852800000000e-09  2.040045086212e-01 
 1.862800000000e-09  1.272540367438e-01 
 1.872800000000e-09  3.531153090601e-02 
 1.882800000000e-09 -6.288363693919e-02 
 1.892800000000e-09 -1.566451028296e-01 
 1.902800000000e-09 -2.344078201475e-01 
 1.912800000000e-09 -2.860239745263e-01 
 1.922800000000e-09 -3.049520386112e-01 
 1.932800000000e-09 -2.892997629916e-01 
 1.942800000000e-09 -2.414948623085e-01 
 1.952800000000e-09 -1.671773719018e-01 
 1.962800000000e-09 -7.386707491352e-02 
 1.972800000000e-09  2.959691644365e-02 
 1.982800000000e-09  1.325575720984e-01 
 1.992800000000e-09  2.227456315112e-01 
 2.002800000000e-09  2.884215521096e-01 
 2.012800000000e-09  3.210428210975e-01 
 2.022800000000e-09  3.169421518071e-01 
 2.032800000000e-09  2.773880897419e-01 
 2.042800000000e-09  2.074878125976e-01 
 2.052800000000e-09  1.147393448146e-01 
 2.062800000000e-09  7.924560530515e-03 
 2.072800000000e-09 -1.025349474892e-01 
 2.082800000000e-09 -2.041008049020e-01 
 2.092800000000e-09 -2.837341365526e-01 
 2.102800000000e-09 -3.308897163224e-01 
 2.112800000000e-09 -3.398656515646e-01 
 2.122800000000e-09 -3.104756482054e-01 
 2.132800000000e-09 -2.470144596758e-01 
 2.142800000000e-09 -1.568046073496e-01 
 2.152800000000e-09 -4.863824694994e-02 
 2.162800000000e-09  6.736173393684e-02 
 2.172800000000e-09  1.787974446180e-01 
 2.182800000000e-09  2.717542279738e-01 
 2.192800000000e-09  3.338324275945e-01 
 2.202800000000e-09  3.571177599981e-01 
 2.212800000000e-09  3.396469111915e-01 
 2.222800000000e-09  2.846282320538e-01 
 2.232800000000e-09  1.989470535342e-01 
 2.242800000000e-09  9.143153826976e-02 
 2.252800000000e-09 -2.803108119620e-02 
 2.262800000000e-09 -1.474737272252e-01 
 2.272800000000e-09 -2.526147597258e-01 
 2.282800000000e-09 -3.295019165952e-01 
 2.292800000000e-09 -3.679625610773e-01 
 2.302800000000e-09 -3.639458586314e-01 
 2.312800000000e-09 -3.192791567617e-01 
 2.322800000000e-09 -2.401072628335e-01 
 2.332800000000e-09 -1.352069466881e-01 
 2.342800000000e-09 -1.436231387603e-02 
 2.352800000000e-09  1.110086541547e-01 
 2.362800000000e-09  2.267671403794e-01 
 2.372800000000e-09  3.178401017968e-01 
 2.382800000000e-09  3.719128621480e-01 
 2.392800000000e-09  3.825953711867e-01 
 2.402800000000e-09  3.500214069376e-01 
 2.412800000000e-09  2.793125300950e-01 
 2.422800000000e-09  1.789401876835e-01 
 2.432800000000e-09  5.871912419143e-02 
 2.442800000000e-09 -7.042933432762e-02 
 2.452800000000e-09 -1.949151736697e-01 
 2.462800000000e-09 -2.990690749784e-01 
 2.472800000000e-09 -3.687219260130e-01 
 2.482800000000e-09 -3.950058110762e-01 
 2.492800000000e-09 -3.760522116702e-01 
 2.502800000000e-09 -3.156725332774e-01 
 2.512800000000e-09 -2.216967245571e-01 
 2.522800000000e-09 -1.040012344965e-01 
 2.532800000000e-09  2.681515846020e-02 
 2.542800000000e-09  1.579337014136e-01 
 2.552800000000e-09  2.736523676717e-01 
 2.562800000000e-09  3.583758366134e-01 
 2.572800000000e-09  4.007853436062e-01 
 2.582800000000e-09  3.967098294921e-01 
 2.592800000000e-09  3.483628842309e-01 
 2.602800000000e-09  2.626328261275e-01 
 2.612800000000e-09  1.492716751733e-01 
 2.622800000000e-09  1.878416520987e-02 
 2.632800000000e-09 -1.167949789927e-01 
 2.642800000000e-09 -2.422519772047e-01 
 2.652800000000e-09 -3.410827761834e-01 
 2.662800000000e-09 -3.997366748144e-01 
 2.672800000000e-09 -4.114832055820e-01 
 2.682800000000e-09 -3.766767569568e-01 
 2.692800000000e-09 -3.009896721739e-01 
 2.702800000000e-09 -1.936976766122e-01 
 2.712800000000e-09 -6.538868688518e-02 
 2.722800000000e-09  7.252301598609e-02 
 2.732800000000e-09  2.056860363327e-01 
 2.742800000000e-09  3.172501291525e-01 
 2.752800000000e-09  3.918303828533e-01 
 2.762800000000e-09  4.200080639563e-01 
 2.772800000000e-09  4.000155091290e-01 
 2.782800000000e-09  3.360309686833e-01 
 2.792800000000e-09  2.365129156177e-01 
 2.802800000000e-09  1.121045986009e-01 
 2.812800000000e-09 -2.612724744525e-02 
 2.822800000000e-09 -1.648456519840e-01 
 2.832800000000e-09 -2.874230048224e-01 
 2.842800000000e-09 -3.771620954777e-01 
 2.852800000000e-09 -4.220378356852e-01 
 2.862800000000e-09 -4.178651206619e-01 
 2.872800000000e-09 -3.670797453658e-01 
 2.882800000000e-09 -2.770470023642e-01 
 2.892800000000e-09 -1.581762598309e-01 
 2.902800000000e-09 -2.148118905343e-02 
 2.912800000000e-09  1.206372196316e-01 
 2.922800000000e-09  2.522819772102e-01 
 2.932800000000e-09  3.560135545311e-01 
 2.942800000000e-09  4.175006378381e-01 
 2.952800000000e-09  4.298617936859e-01 
 2.962800000000e-09  3.935809595737e-01 
 2.972800000000e-09  3.146668997063e-01 
 2.982800000000e-09  2.029114113736e-01 
 2.992800000000e-09  6.944789595189e-02 
 3.002800000000e-09 -7.400909443777e-02 
 3.012800000000e-09 -2.126374468369e-01 
 3.022800000000e-09 -3.288330975684e-01 
 3.032800000000e-09 -4.064385246927e-01 
 3.042800000000e-09 -4.357380483313e-01 
 3.052800000000e-09 -4.150355757632e-01 
 3.062800000000e-09 -3.487266215027e-01 
 3.072800000000e-09 -2.456664656189e-01 
 3.082800000000e-09 -1.170083548796e-01 
 3.092800000000e-09  2.587611706805e-02 
 3.102800000000e-09  1.693372425529e-01 
 3.112800000000e-09  2.961666411163e-01 
 3.122800000000e-09  3.889687278238e-01 
 3.132800000000e-09  4.353063212316e-01 
 3.142800000000e-09  4.310094514974e-01 
 3.152800000000e-09  3.786468749845e-01 
 3.162800000000e-09  2.858796306192e-01 
 3.172800000000e-09  1.635332799443e-01 
 3.182800000000e-09  2.296350382540e-02 
 3.192800000000e-09 -1.232092754126e-01 
 3.202800000000e-09 -2.586639796499e-01 
 3.212800000000e-09 -3.653732400040e-01 
 3.222800000000e-09 -4.285360249261e-01 
 3.232800000000e-09 -4.412084217972e-01 
 3.242800000000e-09 -4.039551948268e-01 
 3.252800000000e-09 -3.229894636596e-01 
 3.262800000000e-09 -2.084251258184e-01 
 3.272800000000e-09 -7.175366633051e-02 
 3.282800000000e-09  7.512564119224e-02 
 3.292800000000e-09  2.171013238152e-01 
 3.302800000000e-09  3.360999479890e-01 
 3.312800000000e-09  4.154926086398e-01 
 3.322800000000e-09  4.454089661721e-01 
 3.332800000000e-09  4.242043011467e-01 
 3.342800000000e-09  3.564074900344e-01 
 3.352800000000e-09  2.511211991413e-01 
 3.362800000000e-09  1.198204295272e-01 
 3.372800000000e-09 -2.592841262617e-02 
 3.382800000000e-09 -1.722847507668e-01 
 3.392800000000e-09 -3.016808920022e-01 
 3.402800000000e-09 -3.962927205721e-01 
 3.412800000000e-09 -4.434502371981e-01 
 3.422800000000e-09 -4.390070787521e-01 
 3.432800000000e-09 -3.856170853784e-01 
 3.442800000000e-09 -2.911249800576e-01 
 3.452800000000e-09 -1.666138538858e-01 
 3.462800000000e-09 -2.365897032627e-02 
 3.472800000000e-09  1.249853883491e-01 
 3.482800000000e-09  2.627356980224e-01 
 3.492800000000e-09  3.712034820716e-01 
 3.502800000000e-09  4.353131083039e-01 
 3.512800000000e-09  4.481014778782e-01 
 3.522800000000e-09  4.101888044458e-01 
 3.532800000000e-09  3.279159677541e-01 
 3.542800000000e-09  2.115965563283e-01 
 3.552800000000e-09  7.294735094234e-02 
 3.562800000000e-09 -7.601805957069e-02 
 3.572800000000e-09 -2.200084665879e-01 
 3.582800000000e-09 -3.406620160645e-01 
 3.592800000000e-09 -4.210694653613e-01 
 3.602800000000e-09 -4.512854364896e-01 
 3.612800000000e-09 -4.297051223288e-01 
 3.622800000000e-09 -3.609435872301e-01 
 3.632800000000e-09 -2.542581475169e-01 
 3.642800000000e-09 -1.213223843763e-01 
 3.652800000000e-09  2.617549984143e-02 
 3.662800000000e-09  1.742756990168e-01 
 3.672800000000e-09  3.051888768031e-01 
 3.682800000000e-09  4.008331162264e-01 
 3.692800000000e-09  4.484124114000e-01 
 3.702800000000e-09  4.438068830307e-01 
 3.712800000000e-09  3.897290311372e-01 
 3.722800000000e-09  2.941397387013e-01 
 3.732800000000e-09  1.682809216495e-01 
 3.742800000000e-09  2.386425515776e-02 
 3.752800000000e-09 -1.262721812550e-01 
 3.762800000000e-09 -2.653812325153e-01 
 3.772800000000e-09 -3.748555207949e-01 
 3.782800000000e-09 -4.394640333873e-01 
 3.792800000000e-09 -4.522469795785e-01 
 3.802800000000e-09 -4.138663022972e-01 
 3.812800000000e-09 -3.307458718077e-01 
 3.822800000000e-09 -2.133239841280e-01 
 3.832800000000e-09 -7.345569855728e-02 
 3.842800000000e-09  7.677403691974e-02 
 3.852800000000e-09  2.219600547037e-01 
 3.862800000000e-09  3.435640286943e-01 
 3.872800000000e-09  4.245140631896e-01 
 3.882800000000e-09  4.548348399615e-01 
 3.892800000000e-09  4.329552676432e-01 
 3.902800000000e-09  3.635494721788e-01 
 3.912800000000e-09  2.559730794343e-01 
 3.922800000000e-09  1.220212286707e-01 
 3.932800000000e-09 -2.654279610858e-02 
 3.942800000000e-09 -1.756823742105e-01 
 3.952800000000e-09 -3.074706331904e-01 
 3.962800000000e-09 -4.036732881242e-01 
 3.972800000000e-09 -4.514315834775e-01 
 3.982800000000e-09 -4.466533537026e-01 
 3.992800000000e-09 -3.920945337927e-01 
 4.002800000000e-09 -2.957917930598e-01 
 4.012800000000e-09 -1.690856047620e-01 
 4.022800000000e-09 -2.377060451264e-02 
 4.032800000000e-09  1.272609237669e-01 
 4.042800000000e-09  2.671578992338e-01 
 4.052800000000e-09  3.771814467553e-01 
 4.062800000000e-09  4.420170366920e-01 
 4.072800000000e-09  4.547205409248e-01 
 4.082800000000e-09  4.159878935384e-01 
 4.092800000000e-09  3.322996881583e-01 
 4.102800000000e-09  2.141734384716e-01 
 4.112800000000e-09  7.354787102392e-02 
 4.122800000000e-09 -7.744683799884e-02 
 4.132800000000e-09 -2.233309400666e-01 
 4.142800000000e-09 -3.454580254517e-01 
 4.152800000000e-09 -4.266650084536e-01 
 4.162800000000e-09 -4.569726134133e-01 
 4.172800000000e-09 -4.348399520339e-01 
 4.182800000000e-09 -3.649843527195e-01 
 4.192800000000e-09 -2.568257227236e-01 
 4.202800000000e-09 -1.222336485359e-01 
 4.212800000000e-09  2.698262723056e-02 
 4.222800000000e-09  1.767348339000e-01 
 4.232800000000e-09  3.090095199374e-01 
 4.242800000000e-09  4.054841844341e-01 
 4.252800000000e-09  4.532748254292e-01 
 4.262800000000e-09  4.483175801521e-01 
 4.272800000000e-09  3.934029444535e-01 
 4.282800000000e-09  2.966192433308e-01 
 4.292800000000e-09  1.693690666322e-01 
 4.302800000000e-09  2.349667770505e-02 
 4.312800000000e-09 -1.280689863052e-01 
 4.322800000000e-09 -2.684088887385e-01 
 4.332800000000e-09 -3.787057790901e-01 
 4.342800000000e-09 -4.436047418675e-01 
 4.352800000000e-09 -4.561842593138e-01 
 4.362800000000e-09 -4.171697645489e-01 
 4.372800000000e-09 -3.330829971945e-01 
 4.382800000000e-09 -2.144932702811e-01 
 4.392800000000e-09 -7.338942860566e-02 
 4.402800000000e-09  7.806888480672e-02 
 4.412800000000e-09  2.243509238204e-01 
 4.422800000000e-09  3.467435977122e-01 
 4.432800000000e-09  4.280355422604e-01 
 4.442800000000e-09  4.582591541848e-01 
 4.452800000000e-09  4.359015536770e-01 
 4.462800000000e-09  3.657134633620e-01 
 4.472800000000e-09  2.571589665098e-01 
 4.482800000000e-09  1.221534789947e-01 
 4.492800000000e-09 -2.746560319624e-02 
 4.502800000000e-09 -1.775733567231e-01 
 4.512800000000e-09 -3.101004781355e-01 
 4.522800000000e-09 -4.066750208552e-01 
 4.532800000000e-09 -4.544099774502e-01 
 4.542800000000e-09 -4.492700723342e-01 
 4.552800000000e-09 -3.940750934806e-01 
 4.562800000000e-09 -2.969505921256e-01 
 4.572800000000e-09 -1.693393305592e-01 
 4.582800000000e-09 -2.311482027340e-02 
 4.592800000000e-09  1.287677878020e-01 
 4.602800000000e-09  2.693431057970e-01 
 4.612800000000e-09  3.797475885209e-01 
 4.622800000000e-09  4.446117441000e-01 
 4.632800000000e-09  4.570406546139e-01 
 4.642800000000e-09  4.177866043558e-01 
 4.652800000000e-09  3.334032097208e-01 
 4.662800000000e-09  2.144950928158e-01 
 4.672800000000e-09  7.308084894401e-02 
 4.682800000000e-09 -7.865987480418e-02 
 4.692800000000e-09 -2.251594597399e-01 
 4.702800000000e-09 -3.476631051368e-01 
 4.712800000000e-09 -4.289372449729e-01 
 4.722800000000e-09 -4.590342939921e-01 
 4.732800000000e-09 -4.364683840547e-01 
 4.742800000000e-09 -3.660185114407e-01 
 4.752800000000e-09 -2.571802909375e-01 
 4.762800000000e-09 -1.218978187450e-01 
 4.772800000000e-09  2.797414583927e-02 
 4.782800000000e-09  1.782829675259e-01 
 4.792800000000e-09  3.109219851946e-01 
 4.802800000000e-09  4.074931493027e-01 
 4.812800000000e-09  4.551196814414e-01 
 4.822800000000e-09  4.497950298310e-01 
 4.832800000000e-09  3.943651408945e-01 
 4.842800000000e-09  2.969841452277e-01 
 4.852800000000e-09  1.691217837147e-01 
 4.862800000000e-09  2.266847370498e-02 
 4.872800000000e-09 -1.294006303077e-01 
 4.882800000000e-09 -2.700867717033e-01 
 4.892800000000e-09 -3.804994315662e-01 
 4.902800000000e-09 -4.452699891354e-01 
 4.912800000000e-09 -4.575324302411e-01 
 4.922800000000e-09 -4.180643111941e-01 
 4.932800000000e-09 -3.334455815725e-01 
 4.942800000000e-09 -2.143062712578e-01 
 4.952800000000e-09 -7.268243341112e-02 
 4.962800000000e-09  7.923193050970e-02 
 4.972800000000e-09  2.258407944808e-01 
 4.982800000000e-09  3.483626759271e-01 
 4.992800000000e-09  4.295573466415e-01 
 5.002800000000e-09  4.595024727316e-01 
 5.012800000000e-09  4.367384832720e-01 
 5.022800000000e-09  3.660693121508e-01 
 5.032800000000e-09  2.570147352009e-01 
 5.042800000000e-09  1.215371674566e-01 
 5.052800000000e-09 -2.849773520106e-02 
 5.062800000000e-09 -1.789149645828e-01 
 5.072800000000e-09 -3.115816201121e-01 
 5.082800000000e-09 -4.080875793324e-01 
 5.092800000000e-09 -4.555741714789e-01 
 5.102800000000e-09 -4.500636222499e-01 
 5.112800000000e-09 -3.944261563575e-01 
 5.122800000000e-09 -2.968392997352e-01 
 5.132800000000e-09 -1.687918458251e-01 
 5.142800000000e-09 -2.218370025175e-02 
 5.152800000000e-09  1.299936699530e-01 
 5.162800000000e-09  2.707159352374e-01 
 5.172800000000e-09  3.810772218868e-01 
 5.182800000000e-09  4.457190266838e-01 
 5.192800000000e-09  4.578055771998e-01 
 5.202800000000e-09  4.181387525032e-01 
 5.212800000000e-09  3.333215120832e-01 
 5.222800000000e-09  2.140033464601e-01 
 5.232800000000e-09  7.223037364842e-02 
 5.242800000000e-09 -7.979240903710e-02 
 5.252800000000e-09 -2.264456417930e-01 
 5.262800000000e-09 -3.489301993391e-01 
 5.272800000000e-09 -4.300085147869e-01 
 5.282800000000e-09 -4.597865996504e-01 
 5.292800000000e-09 -4.368307400540e-01 
 5.302800000000e-09 -3.659678061562e-01 
 5.312800000000e-09 -2.567373101997e-01 
 5.322800000000e-09 -1.211137563791e-01 
 5.332800000000e-09  2.903015984443e-02 
 5.342800000000e-09  1.795002412614e-01 
 5.352800000000e-09  3.121440341765e-01 
 5.362800000000e-09  4.085477755058e-01 
 5.372800000000e-09  4.558756064336e-01 
 5.382800000000e-09  4.501785402086e-01 
 5.392800000000e-09  3.943499488749e-01 
 5.402800000000e-09  2.965876380209e-01 
 5.412800000000e-09  1.683946880092e-01 
 5.422800000000e-09  2.167605212755e-02 
 5.432800000000e-09 -1.305626771369e-01 
 5.442800000000e-09 -2.712762842965e-01 
 5.452800000000e-09 -3.815505290318e-01 
 5.462800000000e-09 -4.460425685841e-01 
 5.472800000000e-09 -4.579476450418e-01 
 5.482800000000e-09 -4.180913846995e-01 
 5.492800000000e-09 -3.330977586377e-01 
 5.502800000000e-09 -2.136321453316e-01 
 5.512800000000e-09 -7.174628774742e-02 
 5.522800000000e-09  8.034580513359e-02 
 5.532800000000e-09  2.270044812828e-01 
 5.542800000000e-09  3.494184136786e-01 
 5.552800000000e-09  4.303583011897e-01 
 5.562800000000e-09  4.599603360502e-01 
 5.572800000000e-09  4.368163854873e-01 
 5.582800000000e-09  3.657750501344e-01 
 5.592800000000e-09  2.563929182824e-01 
 5.602800000000e-09  1.206528322743e-01 
 5.612800000000e-09 -2.956776035131e-02 
 5.622800000000e-09 -1.800573691185e-01 
 5.632800000000e-09 -3.126480145585e-01 
 5.642800000000e-09 -4.089273685293e-01 
 5.652800000000e-09 -4.560852007489e-01 
 5.662800000000e-09 -4.502012976151e-01 
 5.672800000000e-09 -3.941914947139e-01 
 5.682800000000e-09 -2.962720010186e-01 
 5.692800000000e-09 -1.679573136882e-01 
 5.702800000000e-09 -2.115478423188e-02 
 5.712800000000e-09  1.311171582706e-01 
 5.722800000000e-09  2.717952351626e-01 
 5.732800000000e-09  3.819610509659e-01 
 5.742800000000e-09  4.462907577477e-01 
 5.752800000000e-09  4.580110557011e-01 
 5.762800000000e-09  4.179709660204e-01 
 5.772800000000e-09  3.328142647832e-01 
 5.782800000000e-09  2.132200669294e-01 
 5.792800000000e-09  7.124307319242e-02 
 5.802800000000e-09 -8.089485837932e-02 
 5.812800000000e-09 -2.275356076248e-01 
 5.822800000000e-09 -3.498589288303e-01 
 5.832800000000e-09 -4.306471662579e-01 
 5.842800000000e-09 -4.600677839494e-01 
 5.852800000000e-09 -4.367380516619e-01 
 5.862800000000e-09 -3.655275710108e-01 
 5.872800000000e-09 -2.560084035627e-01 
 5.882800000000e-09 -1.201694654109e-01 
 5.892800000000e-09  3.010839121671e-02 
 5.902800000000e-09  1.805975070925e-01 
 5.912800000000e-09  3.131168106449e-01 
 5.922800000000e-09  4.092584752264e-01 
 5.932800000000e-09  4.562395946421e-01 
 5.942800000000e-09  4.501687011616e-01 
 5.952800000000e-09  3.939836776697e-01 
 5.962800000000e-09  2.959180015230e-01 
 5.972800000000e-09  1.674958513181e-01 
 5.982800000000e-09  2.062540060443e-02 
 5.992800000000e-09 -1.316628370532e-01 
 6.002800000000e-09 -2.722892255466e-01 
 6.012800000000e-09 -3.823337617573e-01 
 6.022800000000e-09 -4.464936090931e-01 
 6.032800000000e-09 -4.580271758279e-01 
 6.042800000000e-09 -4.178066595768e-01 
 6.052800000000e-09 -3.324949092455e-01 
 6.062800000000e-09 -2.127834764231e-01 
 6.072800000000e-09 -7.072841468628e-02 
 6.082800000000e-09  8.144124069156e-02 
 6.092800000000e-09  2.280499960052e-01 
 6.102800000000e-09  3.502706772654e-01 
 6.112800000000e-09  4.308993251438e-01 
 6.122800000000e-09  4.601353266278e-01 
 6.132800000000e-09  4.366212338289e-01 
 6.142800000000e-09  3.652472046010e-01 
 6.152800000000e-09  2.555998038123e-01 
 6.162800000000e-09  1.196726469722e-01 
 6.172800000000e-09 -3.065079450852e-02 
 6.182800000000e-09 -1.811273554082e-01 
 6.192800000000e-09 -3.135643508350e-01 
 6.202800000000e-09 -4.095603200064e-01 
 6.212800000000e-09 -4.563607094200e-01 
 6.222800000000e-09 -4.501007260791e-01 
 6.232800000000e-09 -3.937453919568e-01 
 6.242800000000e-09 -2.955429584338e-01 
 6.252800000000e-09 -1.670216351412e-01 
 6.262800000000e-09 -2.009283923724e-02 
 6.272800000000e-09  1.322017492689e-01 
 6.282800000000e-09  2.727671219609e-01 
 6.292800000000e-09  3.826832054916e-01 
 6.302800000000e-09  4.466692871124e-01 
 6.312800000000e-09  4.580155475933e-01 
 6.322800000000e-09  4.176171358878e-01 
 6.332800000000e-09  3.321555072153e-01 
 6.342800000000e-09  2.123338244323e-01 
 6.352800000000e-09  7.020857015449e-02 
 6.362800000000e-09 -8.198445106276e-02 
 6.372800000000e-09 -2.285530398781e-01 
 6.382800000000e-09 -3.506643148350e-01 
 6.392800000000e-09 -4.311291790842e-01 
 6.402800000000e-09 -4.601792460262e-01 
 6.412800000000e-09 -4.364821790765e-01 
 6.422800000000e-09 -3.649483810124e-01 
 6.432800000000e-09 -2.551782898394e-01 
 6.442800000000e-09 -1.191694030829e-01 
 6.452800000000e-09  3.119264611268e-02 
 6.462800000000e-09  1.816495909142e-01 
 6.472800000000e-09  3.139980620364e-01 
 6.482800000000e-09  4.098440457217e-01 
 6.492800000000e-09  4.564618882345e-01 
 6.502800000000e-09  4.500153926321e-01 
 6.512800000000e-09  3.934911322205e-01 
 6.522800000000e-09  2.951534638494e-01 
 6.532800000000e-09  1.665386116431e-01 
 6.542800000000e-09  1.955731739291e-02 
 6.552800000000e-09 -1.327373362440e-01 
 6.562800000000e-09 -2.732356922980e-01 
 6.572800000000e-09 -3.830185406709e-01 
 6.582800000000e-09 -4.468280979986e-01 
 6.592800000000e-09 -4.579863562840e-01 
 6.602800000000e-09 -4.174113565254e-01 
 6.612800000000e-09 -3.318028469045e-01 
 6.622800000000e-09 -2.118751395060e-01 
 6.632800000000e-09 -6.968452001462e-02 
 6.642800000000e-09  8.252661753100e-02 
 6.652800000000e-09  2.290497968995e-01 
 6.662800000000e-09  3.510471646248e-01 
 6.672800000000e-09  4.313453039574e-01 
 6.682800000000e-09  4.602082706997e-01 
 6.692800000000e-09  4.363287983251e-01 
 6.702800000000e-09  3.646373401108e-01 
 6.712800000000e-09  2.547478598375e-01 
 6.722800000000e-09  1.186611874300e-01 
 6.732800000000e-09 -3.173511688679e-02 
 6.742800000000e-09 -1.821679291111e-01 
 6.752800000000e-09 -3.144237477769e-01 
 6.762800000000e-09 -4.101167511312e-01 
 6.772800000000e-09 -4.565505680508e-01 
 6.782800000000e-09 -4.499175768474e-01 
 6.792800000000e-09 -3.932257806438e-01 
 6.802800000000e-09 -2.947553895284e-01 
 6.812800000000e-09 -1.660502162365e-01 
 6.822800000000e-09 -1.902001567827e-02 
 6.832800000000e-09  1.332708693769e-01 
 6.842800000000e-09  2.736985190729e-01 
 6.852800000000e-09  3.833452070242e-01 
 6.862800000000e-09  4.469765551334e-01 
 6.872800000000e-09  4.579464099196e-01 
 6.882800000000e-09  4.171956316866e-01 
 6.892800000000e-09  3.314420953448e-01 
 6.902800000000e-09  2.114109448223e-01 
 6.912800000000e-09  6.915791318051e-02 
 6.922800000000e-09 -8.306812938665e-02 
 6.932800000000e-09 -2.295426612037e-01 
 6.942800000000e-09 -3.514233487995e-01 
 6.952800000000e-09 -4.315529519302e-01 
 6.962800000000e-09 -4.602281248890e-01 
 6.972800000000e-09 -4.361666106535e-01 
 6.982800000000e-09 -3.643188106939e-01 
 6.992800000000e-09 -2.543119746667e-01 
 7.002800000000e-09 -1.181499377757e-01 
 7.012800000000e-09  3.227795452249e-02 
 7.022800000000e-09  1.826838366535e-01 
 7.032800000000e-09  3.148444462931e-01 
 7.042800000000e-09  4.103826111210e-01 
 7.052800000000e-09  4.566315080436e-01 
 7.062800000000e-09  4.498140254317e-01 
 7.072800000000e-09  3.929542981304e-01 
 7.082800000000e-09  2.943500144788e-01 
 7.092800000000e-09  1.655568145150e-01 
 7.102800000000e-09  1.847996993374e-02 
 7.112800000000e-09 -1.338044915417e-01 
 7.122800000000e-09 -2.741586997127e-01 
 7.132800000000e-09 -3.836668143610e-01 
 7.142800000000e-09 -4.471183073397e-01 
 7.152800000000e-09 -4.578989526365e-01 
 7.162800000000e-09 -4.169724763354e-01 
 7.172800000000e-09 -3.310747762732e-01 
 7.182800000000e-09 -2.109416703283e-01 
 7.192800000000e-09 -6.862805985158e-02 
 7.202800000000e-09  8.361071533416e-02 
 7.212800000000e-09  2.300342297425e-01 
 7.222800000000e-09  3.517959762404e-01 
 7.232800000000e-09  4.317553219019e-01 
 7.242800000000e-09  4.602416933099e-01 
 7.252800000000e-09  4.359978882901e-01 
 7.262800000000e-09  3.639942160568e-01 
 7.272800000000e-09  2.538711047660e-01 
 7.282800000000e-09  1.176351466358e-01 
 7.292800000000e-09 -3.282257918575e-02 
 7.302800000000e-09 -1.831995145606e-01 
 7.312800000000e-09 -3.152628528997e-01 
 7.322800000000e-09 -4.106444497218e-01 
 7.332800000000e-09 -4.567072860890e-01 
 7.342800000000e-09 -4.497028171998e-01 
 7.352800000000e-09 -3.926765786074e-01 
 7.362800000000e-09 -2.939418697404e-01 
 7.372800000000e-09 -1.650614451002e-01 
 7.382800000000e-09 -1.793930512158e-02 
 7.392800000000e-09  1.343373226402e-01 
 7.402800000000e-09  2.746166959583e-01 
 7.412800000000e-09  3.839851454199e-01 
 7.422800000000e-09  4.472561673170e-01 
 7.432800000000e-09  4.578474879734e-01 
 7.442800000000e-09  4.167456345016e-01 
 7.452800000000e-09  3.307044857127e-01 
 7.462800000000e-09  2.104703799689e-01 
 7.472800000000e-09  6.809727947569e-02 
 7.482800000000e-09 -8.415303378088e-02 
 7.492800000000e-09 -2.305242857294e-01 
 7.502800000000e-09 -3.521660262344e-01 
 7.512800000000e-09 -4.319544267109e-01 
 7.522800000000e-09 -4.602517650146e-01 
 7.532800000000e-09 -4.358258319784e-01 
 7.542800000000e-09 -3.636668170234e-01 
 7.552800000000e-09 -2.534282100328e-01 
 7.562800000000e-09 -1.171192380235e-01 
 7.572800000000e-09  3.336732106521e-02 
 7.582800000000e-09  1.837142190244e-01 
 7.592800000000e-09  3.156792830008e-01 
 7.602800000000e-09  4.109035826984e-01 
 7.612800000000e-09  4.567800404676e-01 
 7.622800000000e-09  4.495886186289e-01 
 7.632800000000e-09  3.923962394712e-01 
 7.642800000000e-09  2.935317210955e-01 
 7.652800000000e-09  1.645648327322e-01 
 7.662800000000e-09  1.739823667950e-02 
 7.672800000000e-09 -1.348696128186e-01 
 7.682800000000e-09 -2.750732275471e-01 
 7.692800000000e-09 -3.843012711975e-01 
 7.702800000000e-09 -4.473914318085e-01 
 7.712800000000e-09 -4.577933583240e-01 
 7.722800000000e-09 -4.165163647422e-01 
 7.732800000000e-09 -3.303322437290e-01 
 7.742800000000e-09 -2.099977796600e-01 
 7.752800000000e-09 -6.756589278883e-02 
 7.762800000000e-09  8.469515822735e-02 
 7.772800000000e-09  2.310133144028e-01 
 7.782800000000e-09  3.525343173569e-01 
 7.792800000000e-09  4.321513188314e-01 
 7.802800000000e-09  4.602594736674e-01 
 7.812800000000e-09  4.356515407795e-01 
 7.822800000000e-09  3.633375435261e-01 
 7.832800000000e-09  2.529839762116e-01 
 7.842800000000e-09  1.166025865783e-01 
 7.852800000000e-09 -3.391213003692e-02 
 7.862800000000e-09 -1.842282476619e-01 
 7.872800000000e-09 -3.160943355343e-01 
 7.882800000000e-09 -4.111608409995e-01 
 7.892800000000e-09 -4.568507105275e-01 
 7.902800000000e-09 -4.494723787373e-01 
 7.912800000000e-09 -3.921141221927e-01 
 7.922800000000e-09 -2.931202276850e-01 
 7.932800000000e-09 -1.640673857293e-01 
 7.942800000000e-09 -1.685690386505e-02 
 7.952800000000e-09  1.354015181815e-01 
 7.962800000000e-09  2.755287215682e-01 
 7.972800000000e-09  3.846158422192e-01 
 7.982800000000e-09  4.475248741112e-01 
 7.992800000000e-09  4.577373729796e-01 
 8.002800000000e-09  4.162854122367e-01 
 8.012800000000e-09  3.299586614323e-01 
 8.022800000000e-09  2.095242820799e-01 
 8.032800000000e-09  6.703409319202e-02 
 8.042800000000e-09 -8.523713899332e-02 
 8.052800000000e-09 -2.315016000517e-01 
 8.062800000000e-09 -3.529013404372e-01 
 8.072800000000e-09 -4.323466201292e-01 
 8.082800000000e-09 -4.602654994306e-01 
 8.092800000000e-09 -4.354756681792e-01 
 8.102800000000e-09 -3.630069573138e-01 
 8.112800000000e-09 -2.525388118934e-01 
 8.122800000000e-09 -1.160854216918e-01 
 8.132800000000e-09  3.445697926493e-02 
 8.142800000000e-09  1.847417760284e-01 
 8.152800000000e-09  3.165083743828e-01 
 8.162800000000e-09  4.114167209700e-01 
 8.172800000000e-09  4.569198624019e-01 
 8.182800000000e-09  4.493546614944e-01 
 8.192800000000e-09  3.918307306094e-01 
 8.202800000000e-09  2.927077781284e-01 
 8.212800000000e-09  1.635693485258e-01 
 8.222800000000e-09  1.631538590914e-02 
 8.232800000000e-09 -1.359331292948e-01 
 8.242800000000e-09 -2.759834342261e-01 
 8.252800000000e-09 -3.849292429197e-01 
 8.262800000000e-09 -4.476569572200e-01 
 8.272800000000e-09 -4.576800133778e-01 
 8.282800000000e-09 -4.160532256555e-01 
 8.292800000000e-09 -3.295841038106e-01 
 8.302800000000e-09 -2.090501372943e-01 
 8.312800000000e-09 -6.650199508928e-02 
 8.322800000000e-09  8.577900440354e-02 
 8.332800000000e-09  2.319893156176e-01 
 8.342800000000e-09  3.532673888584e-01 
 8.352800000000e-09  4.325407053785e-01 
 8.362800000000e-09  4.602702475704e-01 
 8.372800000000e-09  4.352986054628e-01 
 8.382800000000e-09  3.626753910860e-01 
 8.392800000000e-09  2.520929611482e-01 
 8.402800000000e-09  1.155678779355e-01 
 8.412800000000e-09 -3.500185158174e-02 
 8.422800000000e-09 -1.852549097496e-01 
 8.432800000000e-09 -3.169216144965e-01 
 8.442800000000e-09 -4.116715193391e-01 
 8.452800000000e-09 -4.569878328770e-01 
 8.462800000000e-09 -4.492358056129e-01 
 8.472800000000e-09 -3.915463658458e-01 
 8.482800000000e-09 -2.922946068708e-01 
 8.492800000000e-09 -1.630708668763e-01 
 8.502800000000e-09 -1.577373136370e-02 
 8.512800000000e-09  1.364645017020e-01 
 8.522800000000e-09  2.764375185903e-01 
 8.532800000000e-09  3.852417049063e-01 
 8.542800000000e-09  4.477879574954e-01 
 8.552800000000e-09  4.576215678687e-01 
 8.562800000000e-09  4.158200715457e-01 
 8.572800000000e-09  3.292087888269e-01 
 8.582800000000e-09  2.085754932185e-01 
 8.592800000000e-09  6.596966726525e-02 
 8.602800000000e-09 -8.632077184566e-02 
 8.612800000000e-09 -2.324765629983e-01 
 8.622800000000e-09 -3.536326377777e-01 
 8.632800000000e-09 -4.327337975152e-01 
 8.642800000000e-09 -4.602739610753e-01 
 8.652800000000e-09 -4.351205865535e-01 
 8.662800000000e-09 -3.623430450566e-01 
 8.672800000000e-09 -2.516465698902e-01 
 8.682800000000e-09 -1.150500365262e-01 
 8.692800000000e-09  3.554673725855e-02 
 8.702800000000e-09  1.857677090336e-01 
 8.712800000000e-09  3.173341805222e-01 
 8.722800000000e-09  4.119254105851e-01 
 8.732800000000e-09  4.570548219039e-01 
 8.742800000000e-09  4.491160124149e-01 
 8.752800000000e-09  3.912612088762e-01 
 8.762800000000e-09  2.918808555465e-01 
 8.772800000000e-09  1.625720314365e-01 
 8.782800000000e-09  1.523197302605e-02 
 8.792800000000e-09 -1.369956633446e-01 
 8.802800000000e-09 -2.768910617287e-01 
 8.812800000000e-09 -3.855533624624e-01 
 8.822800000000e-09 -4.479180383463e-01 
 8.832800000000e-09 -4.575622082182e-01 
 8.842800000000e-09 -4.155861109748e-01 
 8.852800000000e-09 -3.288328491501e-01 
 8.862800000000e-09 -2.081004420257e-01 
 8.872800000000e-09 -6.543715453088e-02 
 8.882800000000e-09  8.686244717512e-02 
 8.892800000000e-09  2.329633993659e-01 
 8.902800000000e-09  3.539971883266e-01 
 8.912800000000e-09  4.329260278266e-01 
 8.922800000000e-09  4.602767838925e-01 
 8.932800000000e-09  4.349417517560e-01 
 8.942800000000e-09  3.620100402535e-01 
 8.952800000000e-09  2.511997283493e-01 
 8.962800000000e-09  1.145319495692e-01 
 8.972800000000e-09 -3.609162598466e-02 
 8.982800000000e-09 -1.862802126361e-01 
 8.992800000000e-09 -3.177461551690e-01 
 9.002800000000e-09 -4.121785036321e-01 
 9.012800000000e-09 -4.571209523374e-01 
 9.022800000000e-09 -4.489954037246e-01 
 9.032800000000e-09 -3.909753667383e-01 
 9.042800000000e-09 -2.914666058905e-01 
 9.052800000000e-09 -1.620728912111e-01 
 9.062800000000e-09 -1.469012436882e-02 
 9.072800000000e-09  1.375266380917e-01 
 9.082800000000e-09  2.773441222369e-01 
 9.092800000000e-09  3.858643015376e-01 
 9.102800000000e-09  4.480473008397e-01 
 9.112800000000e-09  4.575020384673e-01 
 9.122800000000e-09  4.153514389774e-01 
 9.132800000000e-09  3.284563611120e-01 
 9.142800000000e-09  2.076250338863e-01 
 9.152800000000e-09  6.490447788845e-02 
 9.162800000000e-09 -8.740404051334e-02 
 9.172800000000e-09 -2.334498651173e-01 
 9.182800000000e-09 -3.543611065961e-01 
 9.192800000000e-09 -4.331174786841e-01 
 9.202800000000e-09 -4.602788041878e-01 
 9.212800000000e-09 -4.347621846075e-01 
 9.222800000000e-09 -3.616764467298e-01 
 9.232800000000e-09 -2.507524860345e-01 
 9.242800000000e-09 -1.140136425447e-01 
 9.252800000000e-09  3.663651813966e-02 
 9.262800000000e-09  1.867924442213e-01 
 9.272800000000e-09  3.181575833225e-01 
 9.282800000000e-09  4.124308616885e-01 
 9.292800000000e-09  4.571862959397e-01 
 9.302800000000e-09  4.488740515077e-01 
 9.312800000000e-09  3.906889037477e-01 
 9.322800000000e-09  2.910519078546e-01 
 9.332800000000e-09  1.615734775787e-01 
 9.342800000000e-09  1.414819599179e-02 
 9.352800000000e-09 -1.380574369959e-01 
 9.362800000000e-09 -2.777967321659e-01 
 9.372800000000e-09 -3.861745709006e-01 
 9.382800000000e-09 -4.481758038963e-01 
 9.392800000000e-09 -4.574411201344e-01 
 9.402800000000e-09 -4.151161128336e-01 
 9.412800000000e-09 -3.280793714673e-01 
 9.422800000000e-09 -2.071493006850e-01 
 9.432800000000e-09 -6.437165215908e-02 
 9.442800000000e-09  8.794555503707e-02 
 9.452800000000e-09  2.339359816072e-01 
 9.462800000000e-09  3.547244294814e-01 
 9.472800000000e-09  4.333081975977e-01 
 9.482800000000e-09  4.602800736440e-01 
 9.492800000000e-09  4.345819351114e-01 
 9.502800000000e-09  3.613423072163e-01 
 9.512800000000e-09  2.503048743077e-01 
 9.522800000000e-09  1.134951329408e-01 
 9.532800000000e-09 -3.718141112333e-02 
 9.542800000000e-09 -1.873044166955e-01 
 9.552800000000e-09 -3.185684919570e-01 
 9.562800000000e-09 -4.126825223409e-01 
 9.572800000000e-09 -4.572508956412e-01 
 9.582800000000e-09 -4.487519990019e-01 
 9.592800000000e-09 -3.904018585029e-01 
 9.602800000000e-09 -2.906367915662e-01 
 9.612800000000e-09 -1.610738093969e-01 
 9.622800000000e-09 -1.360619448901e-02 
 9.632800000000e-09  1.385880664406e-01 
 9.642800000000e-09  2.782489103138e-01 
 9.652800000000e-09  3.864841995185e-01 
 9.662800000000e-09  4.483035825864e-01 
 9.672800000000e-09  4.573794900427e-01 
 9.682800000000e-09  4.148801668568e-01 
 9.692800000000e-09  3.277019084148e-01 
 9.702800000000e-09  2.066732616397e-01 
 9.712800000000e-09  6.383868650491e-02 
 9.722800000000e-09 -8.848699232425e-02 
 9.732800000000e-09 -2.344217611937e-01 
 9.742800000000e-09 -3.550871788436e-01 
 9.752800000000e-09 -4.334982129240e-01 
 9.762800000000e-09 -4.602806232982e-01 
 9.772800000000e-09 -4.344010332968e-01 
 9.782800000000e-09 -3.610076474755e-01 
 9.792800000000e-09 -2.498569120415e-01 
 9.802800000000e-09 -1.129764313914e-01 
 9.812800000000e-09  3.772630319150e-02 
 9.822800000000e-09  1.878161374621e-01 
 9.832800000000e-09  3.189788969516e-01 
 9.842800000000e-09  4.129335078687e-01 
 9.852800000000e-09  4.573147770748e-01 
 9.862800000000e-09  4.486292720802e-01 
 9.872800000000e-09  3.901142542571e-01 
 9.882800000000e-09  2.902212752473e-01 
 9.892800000000e-09  1.605738982010e-01 
 9.902800000000e-09  1.306412408658e-02 
 9.912800000000e-09 -1.391185298344e-01 
 9.922800000000e-09 -2.787006675830e-01 
 9.932800000000e-09 -3.867932044785e-01 
 9.942800000000e-09 -4.484306578803e-01 
 9.952800000000e-09 -4.573171702921e-01 
 9.962800000000e-09 -4.146436217715e-01 
 9.972800000000e-09 -3.273239890190e-01 
 9.982800000000e-09 -2.061969284295e-01 
 9.992800000000e-09 -6.330558659010e-02 
 1.000000000000e-08  4.670199579263e-02 
