 1.628000000000e-10  2.287174735698e-02 
 1.728000000000e-10  1.213635656870e-02 
 1.828000000000e-10 -4.583056275631e-04 
 1.928000000000e-10 -1.347638761075e-02 
 2.028000000000e-10 -2.537208020633e-02 
 2.128000000000e-10 -3.466860820832e-02 
 2.228000000000e-10 -4.014756886974e-02 
 2.328000000000e-10 -4.100845296700e-02 
 2.428000000000e-10 -3.698452487235e-02 
 2.528000000000e-10 -2.838668963373e-02 
 2.628000000000e-10 -1.608314208934e-02 
 2.728000000000e-10 -1.409022044329e-03 
 2.828000000000e-10  1.397067451456e-02 
 2.928000000000e-10  2.824523988945e-02 
 3.028000000000e-10  3.966443687994e-02 
 3.128000000000e-10  4.675530544361e-02 
 3.228000000000e-10  4.851051644364e-02 
 3.328000000000e-10  4.453019473400e-02 
 3.428000000000e-10  3.508214148533e-02 
 3.528000000000e-10  2.109191259728e-02 
 3.628000000000e-10  4.057010587899e-03 
 3.728000000000e-10 -1.410388110234e-02 
 3.828000000000e-10 -3.125670064348e-02 
 3.928000000000e-10 -4.529621361786e-02 
 4.028000000000e-10 -5.441110653562e-02 
 4.128000000000e-10 -5.732452523845e-02 
 4.228000000000e-10 -5.347202369328e-02 
 4.328000000000e-10 -4.308538626395e-02 
 4.428000000000e-10 -2.718080943061e-02 
 4.528000000000e-10 -7.454511832210e-03 
 4.628000000000e-10  1.388609245026e-02 
 4.728000000000e-10  3.435354169110e-02 
 4.828000000000e-10  5.145823579167e-02 
 4.928000000000e-10  6.301572610836e-02 
 5.028000000000e-10  6.743463831045e-02 
 5.128000000000e-10  6.393882455338e-02 
 5.228000000000e-10  5.267731052063e-02 
 5.328000000000e-10  3.472239532983e-02 
 5.428000000000e-10  1.196549726025e-02 
 5.528000000000e-10 -1.306703102325e-02 
 5.628000000000e-10 -3.746875360110e-02 
 5.728000000000e-10 -5.827350987996e-02 
 5.828000000000e-10 -7.282496152250e-02 
 5.928000000000e-10 -7.913741325120e-02 
 6.028000000000e-10 -7.617774529086e-02 
 6.128000000000e-10 -6.400946340400e-02 
 6.228000000000e-10 -4.378685023982e-02 
 6.328000000000e-10 -1.762879795967e-02 
 6.428000000000e-10  1.158493663773e-02 
 6.528000000000e-10  4.049192687871e-02 
 6.628000000000e-10  6.560307823716e-02 
 6.728000000000e-10  8.373063031213e-02 
 6.828000000000e-10  9.242552753588e-02 
 6.928000000000e-10  9.033145927012e-02 
 7.028000000000e-10  7.737136684664e-02 
 7.128000000000e-10  5.475051848433e-02 
 7.228000000000e-10  2.481654592074e-02 
 7.328000000000e-10 -9.165497948128e-03 
 7.428000000000e-10 -4.330993247749e-02 
 7.528000000000e-10 -7.350456603963e-02 
 7.628000000000e-10 -9.591394959610e-02 
 7.728000000000e-10 -1.075228291409e-01 
 7.828000000000e-10 -1.065891538137e-01 
 7.928000000000e-10 -9.288359277980e-02 
 8.028000000000e-10 -6.768470483401e-02 
 8.128000000000e-10 -3.359940136806e-02 
 8.228000000000e-10  5.692269241241e-03 
 8.328000000000e-10  4.574600707393e-02 
 8.428000000000e-10  8.177020272597e-02 
 8.528000000000e-10  1.091988063161e-01 
 8.628000000000e-10  1.243527260786e-01 
 8.728000000000e-10  1.250161007568e-01 
 8.828000000000e-10  1.107489898943e-01 
 8.928000000000e-10  8.288232401383e-02 
 9.028000000000e-10  4.429094621520e-02 
 9.128000000000e-10 -9.016360938623e-04 
 9.228000000000e-10 -4.763716035638e-02 
 9.328000000000e-10 -9.034998967478e-02 
 9.428000000000e-10 -1.236158879287e-01 
 9.528000000000e-10 -1.429654745203e-01 
 9.628000000000e-10 -1.456263210982e-01 
 9.728000000000e-10 -1.309304691227e-01 
 9.828000000000e-10 -1.002911272302e-01 
 9.928000000000e-10 -5.688777296992e-02 
 1.002800000000e-09 -5.307499765268e-03 
 1.012800000000e-09  4.876139470242e-02 
 1.022800000000e-09  9.893420128673e-02 
 1.032800000000e-09  1.388372786804e-01 
 1.042800000000e-09  1.630909648697e-01 
 1.052800000000e-09  1.682578134669e-01 
 1.062800000000e-09  1.533828647627e-01 
 1.072800000000e-09  1.199611102911e-01 
 1.082800000000e-09  7.150473297773e-02 
 1.092800000000e-09  1.308686670140e-02 
 1.102800000000e-09 -4.895192796285e-02 
 1.112800000000e-09 -1.073489150414e-01 
 1.122800000000e-09 -1.546677176226e-01 
 1.132800000000e-09 -1.844832920734e-01 
 1.142800000000e-09 -1.925953487736e-01 
 1.152800000000e-09 -1.777409598159e-01 
 1.162800000000e-09 -1.415430385661e-01 
 1.172800000000e-09 -8.790212829248e-02 
 1.182800000000e-09 -2.238974796533e-02 
 1.192800000000e-09  4.802463769703e-02 
 1.202800000000e-09  1.152023404763e-01 
 1.212800000000e-09  1.705829408189e-01 
 1.222800000000e-09  2.065838050936e-01 
 1.232800000000e-09  2.181267799330e-01 
 1.242800000000e-09  2.035780082302e-01 
 1.252800000000e-09  1.647057611840e-01 
 1.262800000000e-09  1.058564248930e-01 
 1.272800000000e-09  3.312352405408e-02 
 1.282800000000e-09 -4.591899831924e-02 
 1.292800000000e-09 -1.222688551024e-01 
 1.302800000000e-09 -1.861892917373e-01 
 1.312800000000e-09 -2.288417476026e-01 
 1.322800000000e-09 -2.441804981496e-01 
 1.332800000000e-09 -2.301691660841e-01 
 1.342800000000e-09 -1.887654420946e-01 
 1.352800000000e-09 -1.248329064209e-01 
 1.362800000000e-09 -4.500320269859e-02 
 1.372800000000e-09  4.260713201662e-02 
 1.382800000000e-09  1.282063561909e-01 
 1.392800000000e-09  2.008952933646e-01 
 1.402800000000e-09  2.505308405110e-01 
 1.412800000000e-09  2.700126783512e-01 
 1.422800000000e-09  2.568277400401e-01 
 1.432800000000e-09  2.131233029968e-01 
 1.442800000000e-09  1.443434435875e-01 
 1.452800000000e-09  5.769291194706e-02 
 1.462800000000e-09 -3.822092183917e-02 
 1.472800000000e-09 -1.329042818865e-01 
 1.482800000000e-09 -2.143388722446e-01 
 1.492800000000e-09 -2.710627793579e-01 
 1.502800000000e-09 -2.948706406717e-01 
 1.512800000000e-09 -2.827396111737e-01 
 1.522800000000e-09 -2.370135088261e-01 
 1.532800000000e-09 -1.637589849323e-01 
 1.542800000000e-09 -7.077357936706e-02 
 1.552800000000e-09  3.291169168024e-02 
 1.562800000000e-09  1.362231138776e-01 
 1.572800000000e-09  2.261208212703e-01 
 1.582800000000e-09  2.898695792241e-01 
 1.592800000000e-09  3.181251270566e-01 
 1.602800000000e-09  3.072924363750e-01 
 1.612800000000e-09  2.598813735885e-01 
 1.622800000000e-09  1.825951104021e-01 
 1.632800000000e-09  8.385359615131e-02 
 1.642800000000e-09 -2.693673488636e-02 
 1.652800000000e-09 -1.382380684117e-01 
 1.662800000000e-09 -2.361067394425e-01 
 1.672800000000e-09 -3.066069948338e-01 
 1.682800000000e-09 -3.392661234115e-01 
 1.692800000000e-09 -3.299091101536e-01 
 1.702800000000e-09 -2.811823648345e-01 
 1.712800000000e-09 -2.003927728144e-01 
 1.722800000000e-09 -9.658890409359e-02 
 1.732800000000e-09  2.050136050336e-02 
 1.742800000000e-09  1.389954257617e-01 
 1.752800000000e-09  2.441887368283e-01 
 1.762800000000e-09  3.210540860343e-01 
 1.772800000000e-09  3.580275146693e-01 
 1.782800000000e-09  3.503281268406e-01 
 1.792800000000e-09  3.006681637230e-01 
 1.802800000000e-09  2.169026059775e-01 
 1.812800000000e-09  1.087234190056e-01 
 1.822800000000e-09 -1.385280686263e-02 
 1.832800000000e-09 -1.386975361633e-01 
 1.842800000000e-09 -2.504811437960e-01 
 1.852800000000e-09 -3.332070413863e-01 
 1.862800000000e-09 -3.742989828547e-01 
 1.872800000000e-09 -3.683841385801e-01 
 1.882800000000e-09 -3.181707772954e-01 
 1.892800000000e-09 -2.319771470261e-01 
 1.902800000000e-09 -1.201158253676e-01 
 1.912800000000e-09  7.133103984093e-03 
 1.922800000000e-09  1.374826472233e-01 
 1.932800000000e-09  2.551106958516e-01 
 1.942800000000e-09  3.431817537455e-01 
 1.952800000000e-09  3.881923867598e-01 
 1.962800000000e-09  3.841711997838e-01 
 1.972800000000e-09  3.337417600663e-01 
 1.982800000000e-09  2.456149613720e-01 
 1.992800000000e-09  1.306889293353e-01 
 2.002800000000e-09 -4.984171357969e-04 
 2.012800000000e-09 -1.355670378448e-01 
 2.022800000000e-09 -2.583156455038e-01 
 2.032800000000e-09 -3.511930293533e-01 
 2.042800000000e-09 -3.998687335517e-01 
 2.052800000000e-09 -3.977930651824e-01 
 2.062800000000e-09 -3.474534299187e-01 
 2.072800000000e-09 -2.578708468771e-01 
 2.082800000000e-09 -1.404530151306e-01 
 2.092800000000e-09 -5.996373786639e-03 
 2.102800000000e-09  1.330768301091e-01 
 2.112800000000e-09  2.602868432504e-01 
 2.122800000000e-09  3.574808371078e-01 
 2.132800000000e-09  4.095910400482e-01 
 2.142800000000e-09  4.094982328410e-01 
 2.152800000000e-09  3.594932741492e-01 
 2.162800000000e-09  2.688498944401e-01 
 2.172800000000e-09  1.494268834892e-01 
 2.182800000000e-09  1.227485819502e-02 
 2.192800000000e-09 -1.301753565228e-01 
 2.202800000000e-09 -2.612481979643e-01 
 2.212800000000e-09 -3.622885415326e-01 
 2.222800000000e-09 -4.175829721898e-01 
 2.232800000000e-09 -4.194744461514e-01 
 2.242800000000e-09 -3.700155013457e-01 
 2.252800000000e-09 -2.786681642498e-01 
 2.262800000000e-09 -1.576751329700e-01 
 2.272800000000e-09 -1.832997642362e-02 
 2.282800000000e-09  1.269503295751e-01 
 2.292800000000e-09  2.613655797857e-01 
 2.302800000000e-09  3.658369021131e-01 
 2.312800000000e-09  4.240894414924e-01 
 2.322800000000e-09  4.279521913731e-01 
 2.332800000000e-09  3.792070716350e-01 
 2.342800000000e-09  2.874543177401e-01 
 2.352800000000e-09  1.652561835550e-01 
 2.362800000000e-09  2.414375250799e-02 
 2.372800000000e-09 -1.234946065490e-01 
 2.382800000000e-09 -2.607904120233e-01 
 2.392800000000e-09 -3.683218910579e-01 
 2.402800000000e-09 -4.293209206697e-01 
 2.412800000000e-09 -4.351241442133e-01 
 2.422800000000e-09 -3.872352692848e-01 
 2.432800000000e-09 -2.953348907150e-01 
 2.442800000000e-09 -1.722482788688e-01 
 2.452800000000e-09 -2.973049998390e-02 
 2.462800000000e-09  1.198665822209e-01 
 2.472800000000e-09  2.596527047938e-01 
 2.482800000000e-09  3.699256742693e-01 
 2.492800000000e-09  4.334843457581e-01 
 2.502800000000e-09  4.411935288359e-01 
 2.512800000000e-09  3.942656143369e-01 
 2.522800000000e-09  3.024224171462e-01 
 2.532800000000e-09  1.787090924194e-01 
 2.542800000000e-09  3.508871362667e-02 
 2.552800000000e-09 -1.161273470098e-01 
 2.562800000000e-09 -2.580638275175e-01 
 2.572800000000e-09 -3.707910162741e-01 
 2.582800000000e-09 -4.367308969188e-01 
 2.592800000000e-09 -4.463066964973e-01 
 2.602800000000e-09 -4.004318532778e-01 
 2.612800000000e-09 -3.088255373463e-01 
 2.622800000000e-09 -1.847117454529e-01 
 2.632800000000e-09 -4.024518114232e-02 
 2.642800000000e-09  1.123040502547e-01 
 2.652800000000e-09  2.561052094566e-01 
 2.662800000000e-09  3.710457909045e-01 
 2.672800000000e-09  4.392157895511e-01 
 2.682800000000e-09  4.506180107486e-01 
 2.692800000000e-09  4.058625558878e-01 
 2.702800000000e-09  3.146355926412e-01 
 2.712800000000e-09  1.903081935592e-01 
 2.722800000000e-09  4.520972101399e-02 
 2.732800000000e-09 -1.084304990175e-01 
 2.742800000000e-09 -2.538492796331e-01 
 2.752800000000e-09 -3.707894845980e-01 
 2.762800000000e-09 -4.410501532369e-01 
 2.772800000000e-09 -4.542398135845e-01 
 2.782800000000e-09 -4.106629192051e-01 
 2.792800000000e-09 -3.199397125818e-01 
 2.802800000000e-09 -1.955590750608e-01 
 2.812800000000e-09 -5.001108376998e-02 
 2.822800000000e-09  1.045168228737e-01 
 2.832800000000e-09  2.513472499961e-01 
 2.842800000000e-09  3.701100442724e-01 
 2.852800000000e-09  4.423451065458e-01 
 2.862800000000e-09  4.572858477607e-01 
 2.872800000000e-09  4.149308503974e-01 
 2.882800000000e-09  3.248113988692e-01 
 2.892800000000e-09  2.005098644539e-01 
 2.902800000000e-09  5.466094160737e-02 
 2.912800000000e-09 -1.005844636398e-01 
 2.922800000000e-09 -2.486487157176e-01 
 2.932800000000e-09 -3.690770052711e-01 
 2.942800000000e-09 -4.431803087654e-01 
 2.952800000000e-09 -4.598379301558e-01 
 2.962800000000e-09 -4.187429022414e-01 
 2.972800000000e-09 -3.293135127310e-01 
 2.982800000000e-09 -2.052036447412e-01 
 2.992800000000e-09 -5.918001866484e-02 
 3.002800000000e-09  9.664018376887e-02 
 3.012800000000e-09  2.457895529860e-01 
 3.022800000000e-09  3.677523412068e-01 
 3.032800000000e-09  4.436340095976e-01 
 3.042800000000e-09  4.619760694284e-01 
 3.052800000000e-09  4.221679657766e-01 
 3.062800000000e-09  3.334981371839e-01 
 3.072800000000e-09  2.096736532346e-01 
 3.082800000000e-09  6.358136930090e-02 
 3.092800000000e-09 -9.269265836824e-02 
 3.102800000000e-09 -2.427991080866e-01 
 3.112800000000e-09 -3.661819997099e-01 
 3.122800000000e-09 -4.437623425003e-01 
 3.132800000000e-09 -4.637607007936e-01 
 3.142800000000e-09 -4.252642432639e-01 
 3.152800000000e-09 -3.374142941134e-01 
 3.162800000000e-09 -2.139545232578e-01 
 3.172800000000e-09 -6.788216044761e-02 
 3.182800000000e-09  8.874491951248e-02 
 3.192800000000e-09  2.397011867467e-01 
 3.202800000000e-09  3.644081508628e-01 
 3.212800000000e-09  4.436192848775e-01 
 3.222800000000e-09  4.652475886168e-01 
 3.232800000000e-09  4.280804974460e-01 
 3.242800000000e-09  3.410997652280e-01 
 3.252800000000e-09  2.180713225886e-01 
 3.262800000000e-09  7.209367501608e-02 
 3.272800000000e-09 -8.480076198629e-02 
 3.282800000000e-09 -2.365143491120e-01 
 3.292800000000e-09 -3.624617334404e-01 
 3.302800000000e-09 -4.432440549389e-01 
 3.312800000000e-09 -4.664798818068e-01 
 3.322800000000e-09 -4.306585610985e-01 
 3.332800000000e-09 -3.445898427516e-01 
 3.342800000000e-09 -2.220491100242e-01 
 3.352800000000e-09 -7.622872586699e-02 
 3.362800000000e-09  8.086141982938e-02 
 3.372800000000e-09  2.332543031946e-01 
 3.382800000000e-09  3.603712404407e-01 
 3.392800000000e-09  4.426734679025e-01 
 3.402800000000e-09  4.674959717071e-01 
 3.412800000000e-09  4.330325098985e-01 
 3.422800000000e-09  3.479115086158e-01 
 3.432800000000e-09  2.259063753062e-01 
 3.442800000000e-09  8.029642611757e-02 
 3.452800000000e-09 -7.692818553290e-02 
 3.462800000000e-09 -2.299327906822e-01 
 3.472800000000e-09 -3.581574562142e-01 
 3.482800000000e-09 -4.419347187138e-01 
 3.492800000000e-09 -4.683263085041e-01 
 3.502800000000e-09 -4.352320032516e-01 
 3.512800000000e-09 -3.510897833908e-01 
 3.522800000000e-09 -2.296609548084e-01 
 3.532800000000e-09 -8.430610191190e-02 
 3.542800000000e-09  7.300141986910e-02 
 3.552800000000e-09  2.265601668705e-01 
 3.562800000000e-09  3.558395365172e-01 
 3.572800000000e-09  4.410527448318e-01 
 3.582800000000e-09  4.689970728670e-01 
 3.592800000000e-09  4.372805729972e-01 
 3.602800000000e-09  3.541436814668e-01 
 3.612800000000e-09  2.333262562756e-01 
 3.622800000000e-09  8.826482445318e-02 
 3.632800000000e-09 -6.908118645673e-02 
 3.642800000000e-09 -2.231438223070e-01 
 3.652800000000e-09 -3.534313649306e-01 
 3.662800000000e-09 -4.400462247718e-01 
 3.672800000000e-09 -4.695295111804e-01 
 3.682800000000e-09 -4.391990088460e-01 
 3.692800000000e-09 -3.570907317185e-01 
 3.702800000000e-09 -2.369148305613e-01 
 3.712800000000e-09 -9.217928568766e-02 
 3.722800000000e-09  6.516742353379e-02 
 3.732800000000e-09  2.196905475787e-01 
 3.742800000000e-09  3.509457393274e-01 
 3.752800000000e-09  4.389319339275e-01 
 3.762800000000e-09  4.699414158467e-01 
 3.772800000000e-09  4.410035628894e-01 
 3.782800000000e-09  3.599443134007e-01 
 3.792800000000e-09  2.404363482227e-01 
 3.802800000000e-09  9.605485230731e-02 
 3.812800000000e-09 -6.125968004777e-02 
 3.822800000000e-09 -2.162050382312e-01 
 3.832800000000e-09 -3.483919907747e-01 
 3.842800000000e-09 -4.377227189244e-01 
 3.852800000000e-09 -4.702475091843e-01 
 3.862800000000e-09 -4.427086275585e-01 
 3.872800000000e-09 -3.627165692305e-01 
 3.882800000000e-09 -2.438995616654e-01 
 3.892800000000e-09 -9.989629270166e-02 
 3.902800000000e-09  5.735768682088e-02 
 3.912800000000e-09  2.126916875463e-01 
 3.922800000000e-09  3.457785839214e-01 
 3.932800000000e-09  4.364297697278e-01 
 3.942800000000e-09  4.704597923117e-01 
 3.952800000000e-09  4.443253429890e-01 
 3.962800000000e-09  3.654168354715e-01 
 3.972800000000e-09  2.473113778384e-01 
 3.982800000000e-09  1.037076108875e-01 
 3.992800000000e-09 -5.346081095735e-02 
 4.002800000000e-09 -2.091534687141e-01 
 4.012800000000e-09 -3.431117706750e-01 
 4.022800000000e-09 -4.350618492798e-01 
 4.032800000000e-09 -4.705883845745e-01 
 4.042800000000e-09 -4.458636090671e-01 
 4.052800000000e-09 -3.680534727488e-01 
 4.062800000000e-09 -2.506778689068e-01 
 4.072800000000e-09 -1.074921848700e-01 
 4.082800000000e-09  4.956872214537e-02 
 4.092800000000e-09  2.055932158861e-01 
 4.102800000000e-09  3.403971352423e-01 
 4.112800000000e-09  4.336264099936e-01 
 4.122800000000e-09  4.706413595411e-01 
 4.132800000000e-09  4.473310269724e-01 
 4.142800000000e-09  3.706329582718e-01 
 4.152800000000e-09  2.540039297230e-01 
 4.162800000000e-09  1.112529586983e-01 
 4.172800000000e-09 -4.568078404977e-02 
 4.182800000000e-09 -2.020127974126e-01 
 4.192800000000e-09 -3.376388344107e-01 
 4.202800000000e-09 -4.321293847020e-01 
 4.212800000000e-09 -4.706256138178e-01 
 4.222800000000e-09 -4.487343518796e-01 
 4.232800000000e-09 -3.731610167016e-01 
 4.242800000000e-09 -2.572937667087e-01 
 4.252800000000e-09 -1.149923388920e-01 
 4.262800000000e-09  4.179664848653e-02 
 4.272800000000e-09  1.984140310704e-01 
 4.282800000000e-09  3.348405563348e-01 
 4.292800000000e-09  4.305757305643e-01 
 4.302800000000e-09  4.705465665309e-01 
 4.312800000000e-09  4.500787451293e-01 
 4.322800000000e-09  3.756421089968e-01 
 4.332800000000e-09  2.605508132471e-01 
 4.342800000000e-09  1.187124522278e-01 
 4.352800000000e-09 -3.791576997519e-02 
 4.362800000000e-09 -1.947981110241e-01 
 4.372800000000e-09 -3.320050796992e-01 
 4.382800000000e-09 -4.289694605519e-01 
 4.392800000000e-09 -4.704088924098e-01 
 4.402800000000e-09 -4.513687776806e-01 
 4.412800000000e-09 -3.780801189409e-01 
 4.422800000000e-09 -2.637779551230e-01 
 4.432800000000e-09 -1.224149911971e-01 
 4.442800000000e-09  3.403784648025e-02 
 4.452800000000e-09  1.911662154820e-01 
 4.462800000000e-09  3.291348473937e-01 
 4.472800000000e-09  4.273138777572e-01 
 4.482800000000e-09  4.702162232652e-01 
 4.492800000000e-09  4.526079332418e-01 
 4.502800000000e-09  3.804780899692e-01 
 4.512800000000e-09  2.669775700770e-01 
 4.522800000000e-09  1.261014631996e-01 
 4.532800000000e-09 -3.016245737420e-02 
 4.542800000000e-09 -1.875191375787e-01 
 4.552800000000e-09 -3.262317433494e-01 
 4.562800000000e-09 -4.256117073660e-01 
 4.572800000000e-09 -4.699717176194e-01 
 4.582800000000e-09 -4.537992770116e-01 
 4.592800000000e-09 -3.828386247870e-01 
 4.602800000000e-09 -2.701516080573e-01 
 4.612800000000e-09 -1.297730328536e-01 
 4.622800000000e-09  2.628938219268e-02 
 4.632800000000e-09  1.838576763734e-01 
 4.642800000000e-09  3.232974198853e-01 
 4.652800000000e-09  4.238651768830e-01 
 4.662800000000e-09  4.696778169401e-01 
 4.672800000000e-09  4.549451435250e-01 
 4.682800000000e-09  3.851637676719e-01 
 4.692800000000e-09  2.733016773977e-01 
 4.702800000000e-09  1.334307299017e-01 
 4.712800000000e-09 -2.241834503555e-02 
 4.722800000000e-09 -1.801824096642e-01 
 4.732800000000e-09 -3.203331993198e-01 
 4.742800000000e-09 -4.220761674302e-01 
 4.752800000000e-09 -4.693366608484e-01 
 4.762800000000e-09 -4.560475682865e-01 
 4.772800000000e-09 -3.874552292512e-01 
 4.782800000000e-09 -2.764290578097e-01 
 4.792800000000e-09 -1.370753187439e-01 
 4.802800000000e-09  1.854923154813e-02 
 4.812800000000e-09  1.764939361027e-01 
 4.822800000000e-09  3.173402536689e-01 
 4.832800000000e-09  4.202462249106e-01 
 4.842800000000e-09  4.689499091306e-01 
 4.852800000000e-09  4.571081030170e-01 
 4.862800000000e-09  3.897143484162e-01 
 4.872800000000e-09  2.795347928733e-01 
 4.882800000000e-09  1.407074567708e-01 
 4.892800000000e-09 -1.468191738682e-02 
 4.902800000000e-09 -1.727927419301e-01 
 4.912800000000e-09 -3.143195722672e-01 
 4.922800000000e-09 -4.183766948874e-01 
 4.932800000000e-09 -4.685190301428e-01 
 4.942800000000e-09 -4.581280860150e-01 
 4.952800000000e-09 -3.919422141069e-01 
 4.962800000000e-09 -2.826196770520e-01 
 4.972800000000e-09 -1.443275984780e-01 
 4.982800000000e-09  1.081640775058e-02 
 4.992800000000e-09  1.690793442794e-01 
 5.002800000000e-09  3.112720550302e-01 
 5.012800000000e-09  4.164687071287e-01 
 5.022800000000e-09  4.680451804129e-01 
 5.032800000000e-09  4.591085404238e-01 
 5.042800000000e-09  3.941396673781e-01 
 5.052800000000e-09  2.856843375640e-01 
 5.062800000000e-09  1.479361096171e-01 
 5.072800000000e-09 -6.952726322786e-03 
 5.082800000000e-09 -1.653542163412e-01 
 5.092800000000e-09 -3.081985111541e-01 
 5.102800000000e-09 -4.145232819974e-01 
 5.112800000000e-09 -4.675293969984e-01 
 5.122800000000e-09 -4.600503386382e-01 
 5.132800000000e-09 -3.963073647456e-01 
 5.142800000000e-09 -2.887292156159e-01 
 5.152800000000e-09 -1.515332029874e-01 
 5.162800000000e-09  3.090999414618e-03 
 5.172800000000e-09  1.616178670325e-01 
 5.182800000000e-09  3.050997029371e-01 
 5.192800000000e-09  4.125413078500e-01 
 5.202800000000e-09  4.669725207561e-01 
 5.212800000000e-09  4.609541517285e-01 
 5.222800000000e-09  3.984457978473e-01 
 5.232800000000e-09  2.917546326390e-01 
 5.242800000000e-09  1.551190180571e-01 
 5.252800000000e-09  7.686144316955e-04 
 5.262800000000e-09 -1.578708002600e-01 
 5.272800000000e-09 -3.019763560384e-01 
 5.282800000000e-09 -4.105236183395e-01 
 5.292800000000e-09 -4.663753198502e-01 
 5.302800000000e-09 -4.618205463566e-01 
 5.312800000000e-09 -4.005553250008e-01 
 5.322800000000e-09 -2.947607743159e-01 
 5.332800000000e-09 -1.586935818655e-01 
 5.342800000000e-09 -4.625877927819e-03 
 5.352800000000e-09  1.541135548575e-01 
 5.362800000000e-09  2.988291757811e-01 
 5.372800000000e-09  4.084709705333e-01 
 5.382800000000e-09  4.657384432057e-01 
 5.392800000000e-09  4.626499637809e-01 
 5.402800000000e-09  4.026361962411e-01 
 5.412800000000e-09  2.977477415371e-01 
 5.422800000000e-09  1.622568635742e-01 
 5.432800000000e-09  8.480519448783e-03 
 5.442800000000e-09 -1.503466824319e-01 
 5.452800000000e-09 -2.956588590602e-01 
 5.462800000000e-09 -4.063840973580e-01 
 5.472800000000e-09 -4.650624967078e-01 
 5.482800000000e-09 -4.634388018510e-01 
 5.492800000000e-09 -4.046863819024e-01 
 5.502800000000e-09 -3.007183045285e-01 
 5.512800000000e-09 -1.658112946247e-01 
 5.522800000000e-09 -1.233493699912e-02 
 5.532800000000e-09  1.465681974739e-01 
 5.542800000000e-09  2.924659495191e-01 
 5.552800000000e-09  4.042559511850e-01 
 5.562800000000e-09  4.643318464641e-01 
 5.572800000000e-09  4.641857357174e-01 
 5.582800000000e-09  4.067062720706e-01 
 5.592800000000e-09  3.036682034527e-01 
 5.602800000000e-09  1.693578428332e-01 
 5.612800000000e-09  1.619369264260e-02 
 5.622800000000e-09 -1.427701612071e-01 
 5.632800000000e-09 -2.892362532082e-01 
 5.642800000000e-09 -4.020879708529e-01 
 5.652800000000e-09 -4.635673307572e-01 
 5.662800000000e-09 -4.648981167917e-01 
 5.672800000000e-09 -4.086987105151e-01 
 5.682800000000e-09 -3.065996110485e-01 
 5.692800000000e-09 -1.728934106384e-01 
 5.702800000000e-09 -2.004936708411e-02 
 5.712800000000e-09  1.389638902622e-01 
 5.722800000000e-09  2.859853205882e-01 
 5.732800000000e-09  3.998879025290e-01 
 5.742800000000e-09  4.627656334776e-01 
 5.752800000000e-09  4.655798575262e-01 
 5.762800000000e-09  4.106666720878e-01 
 5.772800000000e-09  3.095101485787e-01 
 5.782800000000e-09  1.764155064468e-01 
 5.792800000000e-09  2.389883991144e-02 
 5.802800000000e-09 -1.351528132367e-01 
 5.812800000000e-09 -2.827163906228e-01 
 5.822800000000e-09 -3.976582504176e-01 
 5.832800000000e-09 -4.619281530760e-01 
 5.842800000000e-09 -4.662223490287e-01 
 5.852800000000e-09 -4.126036389380e-01 
 5.862800000000e-09 -3.124028576208e-01 
 5.872800000000e-09 -1.799264227649e-01 
 5.882800000000e-09 -2.774455794104e-02 
 5.892800000000e-09  1.313348001608e-01 
 5.902800000000e-09  2.794278607313e-01 
 5.912800000000e-09  3.953982523047e-01 
 5.922800000000e-09  4.610549525254e-01 
 5.932800000000e-09  4.668304491738e-01 
 5.942800000000e-09  4.145131663825e-01 
 5.952800000000e-09  3.152766730612e-01 
 5.962800000000e-09  1.834256400218e-01 
 5.972800000000e-09  3.158589764668e-02 
 5.982800000000e-09 -1.275105172626e-01 
 5.992800000000e-09 -2.761202590146e-01 
 6.002800000000e-09 -3.931081716240e-01 
 6.012800000000e-09 -4.601459960796e-01 
 6.022800000000e-09 -4.674039393603e-01 
 6.032800000000e-09 -4.163950177683e-01 
 6.042800000000e-09 -3.181313594704e-01 
 6.052800000000e-09 -1.869129410535e-01 
 6.062800000000e-09 -3.542251195953e-02 
 6.072800000000e-09  1.236805013697e-01 
 6.082800000000e-09  2.727941943898e-01 
 6.092800000000e-09  3.907886077737e-01 
 6.102800000000e-09  4.592016745498e-01 
 6.112800000000e-09  4.679428417448e-01 
 6.122800000000e-09  4.182488691908e-01 
 6.132800000000e-09  3.209664546125e-01 
 6.142800000000e-09  1.903878647587e-01 
 6.152800000000e-09  3.925387443515e-02 
 6.162800000000e-09 -1.198453611874e-01 
 6.172800000000e-09 -2.694501995450e-01 
 6.182800000000e-09 -3.884399107801e-01 
 6.192800000000e-09 -4.582220902478e-01 
 6.202800000000e-09 -4.684470593069e-01 
 6.212800000000e-09 -4.200745252657e-01 
 6.222800000000e-09 -3.237817145216e-01 
 6.232800000000e-09 -1.938501634905e-01 
 6.242800000000e-09 -4.307960865276e-02 
 6.252800000000e-09  1.160056546349e-01 
 6.262800000000e-09  2.660888846965e-01 
 6.272800000000e-09  3.860626445780e-01 
 6.282800000000e-09  4.572075808634e-01 
 6.292800000000e-09  4.689165940930e-01 
 6.302800000000e-09  4.218717021488e-01 
 6.312800000000e-09  3.265767509562e-01 
 6.322800000000e-09  1.972999153216e-01 
 6.332800000000e-09  4.690214248682e-02 
 6.342800000000e-09 -1.121580152137e-01 
 6.352800000000e-09 -2.627073956289e-01 
 6.362800000000e-09 -3.836553209026e-01 
 6.372800000000e-09 -4.561580146481e-01 
 6.382800000000e-09 -4.693526995539e-01 
 6.392800000000e-09 -4.236428505270e-01 
 6.402800000000e-09 -3.293548091605e-01 
 6.412800000000e-09 -2.007398651424e-01 
 6.422800000000e-09 -5.071930017303e-02 
 6.432800000000e-09  1.083070295896e-01 
 6.442800000000e-09  2.593099619384e-01 
 6.452800000000e-09  3.812201798328e-01 
 6.462800000000e-09  4.550737295069e-01 
 6.472800000000e-09  4.697537382157e-01 
 6.482800000000e-09  4.253847531116e-01 
 6.492800000000e-09  3.321117633252e-01 
 6.502800000000e-09  2.041659714241e-01 
 6.512800000000e-09  5.452939017883e-02 
 6.522800000000e-09 -1.044532763727e-01 
 6.532800000000e-09 -2.558969250000e-01 
 6.542800000000e-09 -3.787578078676e-01 
 6.552800000000e-09 -4.539551106761e-01 
 6.562800000000e-09 -4.701198452918e-01 
 6.572800000000e-09 -4.270972793147e-01 
 6.582800000000e-09 -3.348473343801e-01 
 6.592800000000e-09 -2.075779406245e-01 
 6.602800000000e-09 -5.833202162641e-02 
 6.612800000000e-09  1.005972761481e-01 
 6.622800000000e-09  2.524688053217e-01 
 6.632800000000e-09  3.762686127298e-01 
 6.642800000000e-09  4.528023250410e-01 
 6.652800000000e-09  4.704509856002e-01 
 6.662800000000e-09  4.287802732792e-01 
 6.672800000000e-09  3.375613513319e-01 
 6.682800000000e-09  2.109756232001e-01 
 6.692800000000e-09  6.212695856178e-02 
 6.702800000000e-09 -9.673943032461e-02 
 6.712800000000e-09 -2.490260779380e-01 
 6.722800000000e-09 -3.737530514448e-01 
 6.732800000000e-09 -4.516156887895e-01 
 6.742800000000e-09 -4.707472366015e-01 
 6.752800000000e-09 -4.304335983112e-01 
 6.762800000000e-09 -3.402535800245e-01 
 6.772800000000e-09 -2.143587980316e-01 
 6.782800000000e-09 -6.591390709767e-02 
 6.792800000000e-09  9.288015630348e-02 
 6.802800000000e-09  2.455691793938e-01 
 6.812800000000e-09  3.712114797982e-01 
 6.822800000000e-09  4.503953623878e-01 
 6.832800000000e-09  4.710085826654e-01 
 6.842800000000e-09  4.320571219982e-01 
 6.852800000000e-09  3.429238701231e-01 
 6.862800000000e-09  2.177273433600e-01 
 6.872800000000e-09  6.969267583666e-02 
 6.882800000000e-09 -8.901979269383e-02 
 6.892800000000e-09 -2.420985143604e-01 
 6.902800000000e-09 -3.686442766238e-01 
 6.912800000000e-09 -4.491415815423e-01 
 6.922800000000e-09 -4.712350545071e-01 
 6.932800000000e-09 -4.336507058154e-01 
 6.942800000000e-09 -3.455720281307e-01 
 6.952800000000e-09 -2.210811020611e-01 
 6.962800000000e-09 -7.346305862982e-02 
 6.972800000000e-09  8.515865841874e-02 
 6.982800000000e-09  2.386144333166e-01 
 6.992800000000e-09  3.660517334558e-01 
 7.002800000000e-09  4.478544751793e-01 
 7.012800000000e-09  4.714266303355e-01 
 7.022800000000e-09  4.352142250819e-01 
 7.032800000000e-09  3.481979218581e-01 
 7.042800000000e-09  2.244199847602e-01 
 7.052800000000e-09  7.722491894939e-02 
 7.062800000000e-09 -8.129701574293e-02 
 7.072800000000e-09 -2.351172581856e-01 
 7.082800000000e-09 -3.634341434583e-01 
 7.092800000000e-09 -4.465342000601e-01 
 7.102800000000e-09 -4.715832967364e-01 
 7.112800000000e-09 -4.367475380008e-01 
 7.122800000000e-09 -3.508013909510e-01 
 7.132800000000e-09 -2.277438887697e-01 
 7.142800000000e-09 -8.097812901812e-02 
 7.152800000000e-09  7.743509032387e-02 
 7.162800000000e-09  2.316072527477e-01 
 7.172800000000e-09  3.607917256101e-01 
 7.182800000000e-09  4.451808369492e-01 
 7.192800000000e-09  4.717050293564e-01 
 7.202800000000e-09  4.382505537652e-01 
 7.212800000000e-09  3.533823444371e-01 
 7.222800000000e-09  2.310527715774e-01 
 7.232800000000e-09  8.472261202259e-02 
 7.242800000000e-09 -7.357307369664e-02 
 7.252800000000e-09 -2.280846731024e-01 
 7.262800000000e-09 -3.581247147301e-01 
 7.272800000000e-09 -4.437944990339e-01 
 7.282800000000e-09 -4.717917411462e-01 
 7.292800000000e-09 -4.397230392200e-01 
 7.302800000000e-09 -3.559405867652e-01 
 7.312800000000e-09 -2.343465424630e-01 
 7.322800000000e-09 -8.845830302017e-02 
 7.332800000000e-09  6.971108485235e-02 
 7.342800000000e-09  2.245496552994e-01 
 7.352800000000e-09  3.554331942435e-01 
 7.362800000000e-09  4.423751433011e-01 
 7.372800000000e-09  4.718433490558e-01 
 7.382800000000e-09  4.411649061230e-01 
 7.392800000000e-09  3.584760420326e-01 
 7.402800000000e-09  2.376251866032e-01 
 7.412800000000e-09  9.218517488613e-02 
 7.422800000000e-09 -6.584924415680e-02 
 7.432800000000e-09 -2.210023781877e-01 
 7.442800000000e-09 -3.527173194659e-01 
 7.452800000000e-09 -4.409228116769e-01 
 7.462800000000e-09 -4.718597643477e-01 
 7.472800000000e-09 -4.425759877972e-01 
 7.482800000000e-09 -3.609885911125e-01 
 7.492800000000e-09 -2.408886837496e-01 
 7.502800000000e-09 -9.590323026730e-02 
 7.512800000000e-09  6.198761128099e-02 
 7.522800000000e-09  2.174429437250e-01 
 7.532800000000e-09  3.499771665288e-01 
 7.542800000000e-09  4.394374821883e-01 
 7.552800000000e-09  4.718408830579e-01 
 7.562800000000e-09  4.439561326063e-01 
 7.572800000000e-09  3.634781264087e-01 
 7.582800000000e-09  2.441370187722e-01 
 7.592800000000e-09  9.961248043213e-02 
 7.602800000000e-09 -5.812623080292e-02 
 7.612800000000e-09 -2.138714304142e-01 
 7.622800000000e-09 -3.472127769530e-01 
 7.632800000000e-09 -4.379190939846e-01 
 7.642800000000e-09 -4.717865597247e-01 
 7.652800000000e-09 -4.453051636950e-01 
 7.662800000000e-09 -3.659445382891e-01 
 7.672800000000e-09 -2.473701940748e-01 
 7.682800000000e-09 -1.033129715870e-01 
 7.692800000000e-09  5.426510233134e-02 
 7.702800000000e-09  2.102878925748e-01 
 7.712800000000e-09  3.444241914604e-01 
 7.722800000000e-09  4.363675886992e-01 
 7.732800000000e-09  4.716966619027e-01 
 7.742800000000e-09  4.466229095412e-01 
 7.752800000000e-09  3.683877097822e-01 
 7.762800000000e-09  2.505881934298e-01 
 7.772800000000e-09  1.070047302982e-01 
 7.782800000000e-09 -5.040423780018e-02 
 7.792800000000e-09 -2.066923622270e-01 
 7.802800000000e-09 -3.416113973882e-01 
 7.812800000000e-09 -4.347828669460e-01 
 7.822800000000e-09 -4.715710198329e-01 
 7.832800000000e-09 -4.479091803795e-01 
 7.842800000000e-09 -3.708075277052e-01 
 7.852800000000e-09 -2.537910215832e-01 
 7.862800000000e-09 -1.106878204368e-01 
 7.872800000000e-09  4.654360312439e-02 
 7.882800000000e-09  2.030848462320e-01 
 7.892800000000e-09  3.387743799701e-01 
 7.902800000000e-09  4.331648293210e-01 
 7.912800000000e-09  4.714094712293e-01 
 7.922800000000e-09  4.491637875899e-01 
 7.932800000000e-09  3.732038715718e-01 
 7.942800000000e-09  2.569786690879e-01 
 7.952800000000e-09  1.143622935859e-01 
 7.962800000000e-09 -4.268317165484e-02 
 7.972800000000e-09 -1.994653512327e-01 
 7.982800000000e-09 -3.359131149025e-01 
 7.992800000000e-09 -4.315133658031e-01 
 8.002800000000e-09 -4.712118393556e-01 
 8.012800000000e-09 -4.503865307448e-01 
 8.022800000000e-09 -3.755766137397e-01 
 8.032800000000e-09 -2.601511222191e-01 
 8.042800000000e-09 -1.180282026768e-01 
 8.052800000000e-09  3.882291124936e-02 
 8.062800000000e-09  1.958338799702e-01 
 8.072800000000e-09  3.330275774155e-01 
 8.082800000000e-09  4.298283726583e-01 
 8.092800000000e-09  4.709779547098e-01 
 8.102800000000e-09  4.515772087520e-01 
 8.112800000000e-09  3.779256173284e-01 
 8.122800000000e-09  2.633083515677e-01 
 8.132800000000e-09  1.216855866968e-01 
 8.142800000000e-09 -3.496280086336e-02 
 8.152800000000e-09 -1.921904453075e-01 
 8.162800000000e-09 -3.301177494255e-01 
 8.172800000000e-09 -4.281097505362e-01 
 8.182800000000e-09 -4.707076460895e-01 
 8.192800000000e-09 -4.527356142798e-01 
 8.202800000000e-09 -3.802507357627e-01 
 8.212800000000e-09 -2.664503145339e-01 
 8.222800000000e-09 -1.253344727054e-01 
 8.232800000000e-09  3.110283084891e-02 
 8.242800000000e-09  1.885350743182e-01 
 8.252800000000e-09  3.271836289142e-01 
 8.262800000000e-09  4.263574190027e-01 
 8.272800000000e-09  4.704007557048e-01 
 8.282800000000e-09  4.538615403016e-01 
 8.292800000000e-09  3.825518099226e-01 
 8.302800000000e-09  2.695769464361e-01 
 8.312800000000e-09  1.289748645461e-01 
 8.322800000000e-09 -2.724301515346e-02 
 8.332800000000e-09 -1.848678189305e-01 
 8.342800000000e-09 -3.242252362329e-01 
 8.352800000000e-09 -4.245713173117e-01 
 8.362800000000e-09 -4.700571358779e-01 
 8.372800000000e-09 -4.549547786656e-01 
 8.382800000000e-09 -3.848286687769e-01 
 8.392800000000e-09 -2.726881617442e-01 
 8.402800000000e-09 -1.326067426936e-01 
 8.412800000000e-09  2.338339396959e-02 
 8.422800000000e-09  1.811887616661e-01 
 8.432800000000e-09  3.212426231460e-01 
 8.442800000000e-09  4.227514158779e-01 
 8.452800000000e-09  4.696766595100e-01 
 8.462800000000e-09  4.560151240880e-01 
 8.472800000000e-09  3.870811269322e-01 
 8.482800000000e-09  2.757838478448e-01 
 8.492800000000e-09  1.362300565755e-01 
 8.502800000000e-09 -1.952404212144e-02 
 8.512800000000e-09 -1.774980232672e-01 
 8.522800000000e-09 -3.182358778818e-01 
 8.532800000000e-09 -4.208977180760e-01 
 8.542800000000e-09 -4.692592197224e-01 
 8.552800000000e-09 -4.570423749248e-01 
 8.562800000000e-09 -3.893089859581e-01 
 8.572800000000e-09 -2.788638660083e-01 
 8.582800000000e-09 -1.398447240479e-01 
 8.592800000000e-09  1.566507176690e-02 
 8.602800000000e-09  1.737957677906e-01 
 8.612800000000e-09  3.152051322838e-01 
 8.622800000000e-09  4.190102684013e-01 
 8.632800000000e-09  4.688047367809e-01 
 8.642800000000e-09  4.580363357674e-01 
 8.652800000000e-09  3.915120329471e-01 
 8.662800000000e-09  2.819280478623e-01 
 8.672800000000e-09  1.434506271490e-01 
 8.682800000000e-09 -1.180663710694e-02 
 8.692800000000e-09 -1.700822070464e-01 
 8.702800000000e-09 -3.121505648924e-01 
 8.712800000000e-09 -4.170891538512e-01 
 8.722800000000e-09 -4.683131587542e-01 
 8.732800000000e-09 -4.589968191940e-01 
 8.742800000000e-09 -3.936900424512e-01 
 8.752800000000e-09 -2.849761969207e-01 
 8.762800000000e-09 -1.470476124958e-01 
 8.772800000000e-09  7.948935562418e-03 
 8.782800000000e-09  1.663576035001e-01 
 8.792800000000e-09  3.090724052021e-01 
 8.802800000000e-09  4.151345086553e-01 
 8.812800000000e-09  4.677844655543e-01 
 8.822800000000e-09  4.599236475554e-01 
 8.832800000000e-09  3.958427762842e-01 
 8.842800000000e-09  2.880080876662e-01 
 8.852800000000e-09  1.506354902638e-01 
 8.862800000000e-09 -4.092208909716e-03 
 8.872800000000e-09 -1.626222713323e-01 
 8.882800000000e-09 -3.059709342093e-01 
 8.892800000000e-09 -4.131465142471e-01 
 8.902800000000e-09 -4.672186693729e-01 
 8.912800000000e-09 -4.608166549455e-01 
 8.922800000000e-09 -3.979699860376e-01 
 8.932800000000e-09 -2.910234681119e-01 
 8.942800000000e-09 -1.542140361802e-01 
 8.952800000000e-09  2.367421360630e-04 
 8.962800000000e-09  1.588765763850e-01 
 8.972800000000e-09  3.028464853713e-01 
 8.982800000000e-09  4.111254006890e-01 
 8.992800000000e-09  4.666158162973e-01 
 9.002800000000e-09  4.616756884186e-01 
 9.012800000000e-09  4.000714140519e-01 
 9.022800000000e-09  2.940220611597e-01 
 9.032800000000e-09  1.577829933011e-01 
 9.042800000000e-09  3.617138641216e-03 
 9.052800000000e-09 -1.551209339655e-01 
 9.062800000000e-09 -2.996994424682e-01 
 9.072800000000e-09 -4.090714447906e-01 
 9.082800000000e-09 -4.659759858538e-01 
 9.092800000000e-09 -4.625006097022e-01 
 9.102800000000e-09 -4.021467963709e-01 
 9.112800000000e-09 -2.970035682346e-01 
 9.122800000000e-09 -1.613420756577e-01 
 9.132800000000e-09 -7.469069687835e-03 
 9.142800000000e-09  1.513558058282e-01 
 9.152800000000e-09  2.965302374475e-01 
 9.162800000000e-09  4.069849686417e-01 
 9.172800000000e-09  4.652992906072e-01 
 9.182800000000e-09  4.632870565450e-01 
 9.192800000000e-09  4.041931949636e-01 
 9.202800000000e-09  2.999700760444e-01 
 9.212800000000e-09  1.648933080907e-01 
 9.222800000000e-09  1.132133336502e-02 
 9.232800000000e-09 -1.475790169401e-01 
 9.242800000000e-09 -2.933389511676e-01 
 9.252800000000e-09 -4.048582704064e-01 
 9.262800000000e-09 -4.645693520647e-01 
 9.272800000000e-09 -4.640337005649e-01 
 9.282800000000e-09 -4.062116909899e-01 
 9.292800000000e-09 -3.029177937769e-01 
 9.302800000000e-09 -1.684378665104e-01 
 9.312800000000e-09 -1.517846136483e-02 
 9.322800000000e-09  1.437828783699e-01 
 9.332800000000e-09  2.901118030440e-01 
 9.342800000000e-09  4.026932523004e-01 
 9.352800000000e-09  4.638074364605e-01 
 9.362800000000e-09  4.647478502744e-01 
 9.372800000000e-09  4.082046746353e-01 
 9.382800000000e-09  3.058486168404e-01 
 9.392800000000e-09  1.719725490493e-01 
 9.402800000000e-09  1.903307672223e-02 
 9.412800000000e-09 -1.399785316417e-01 
 9.422800000000e-09 -2.868640828798e-01 
 9.432800000000e-09 -4.004973910180e-01 
 9.442800000000e-09 -4.630100034522e-01 
 9.452800000000e-09 -4.654326820826e-01 
 9.462800000000e-09 -4.101739728062e-01 
 9.472800000000e-09 -3.087592550246e-01 
 9.482800000000e-09 -1.754942759917e-01 
 9.492800000000e-09 -2.288183845390e-02 
 9.502800000000e-09  1.361692235297e-01 
 9.512800000000e-09  2.835984481311e-01 
 9.522800000000e-09  3.982722701198e-01 
 9.532800000000e-09  4.621773272769e-01 
 9.542800000000e-09  4.660791696342e-01 
 9.552800000000e-09  4.121133705083e-01 
 9.562800000000e-09  3.116529619616e-01 
 9.572800000000e-09  1.790054527228e-01 
 9.582800000000e-09  2.672720499731e-02 
 9.592800000000e-09 -1.323529087302e-01 
 9.602800000000e-09 -2.803134650841e-01 
 9.612800000000e-09 -3.960173500756e-01 
 9.622800000000e-09 -4.613097071829e-01 
 9.632800000000e-09 -4.666921629244e-01 
 9.642800000000e-09 -4.140262156730e-01 
 9.652800000000e-09 -3.145285384248e-01 
 9.662800000000e-09 -1.825054919257e-01 
 9.672800000000e-09 -3.056854787938e-02 
 9.682800000000e-09  1.285301989947e-01 
 9.692800000000e-09  2.770095609394e-01 
 9.702800000000e-09  3.937327712714e-01 
 9.712800000000e-09  4.604069889561e-01 
 9.722800000000e-09  4.672713298698e-01 
 9.732800000000e-09  4.159121521357e-01 
 9.742800000000e-09  3.173856320984e-01 
 9.752800000000e-09  1.859940802784e-01 
 9.762800000000e-09  3.440545828056e-02 
 9.772800000000e-09 -1.247016450886e-01 
 9.782800000000e-09 -2.736873013498e-01 
 9.792800000000e-09 -3.914190280625e-01 
 9.802800000000e-09 -4.594694059613e-01 
 9.812800000000e-09 -4.678165219877e-01 
 9.822800000000e-09 -4.177707179974e-01 
 9.832800000000e-09 -3.202236887023e-01 
 9.842800000000e-09 -1.894707081051e-01 
 9.852800000000e-09 -3.823740076697e-02 
 9.862800000000e-09  1.208678265335e-01 
 9.872800000000e-09  2.703471587665e-01 
 9.882800000000e-09  3.890763935649e-01 
 9.892800000000e-09  4.584969816934e-01 
 9.902800000000e-09  4.683275605425e-01 
 9.912800000000e-09  4.196016291532e-01 
 9.922800000000e-09  3.230423777194e-01 
 9.932800000000e-09  1.929350569505e-01 
 9.942800000000e-09  4.206395298224e-02 
 9.952800000000e-09 -1.170293131248e-01 
 9.962800000000e-09 -2.669897145523e-01 
 9.972800000000e-09 -3.867053602434e-01 
 9.982800000000e-09 -4.574899478071e-01 
 9.992800000000e-09 -4.688043337746e-01 
 1.000000000000e-08 -4.398112997597e-01 
