 1.628000000000e-10 -1.248762277523e-02 
 1.728000000000e-10 -3.036638505444e-02 
 1.828000000000e-10 -4.417389680208e-02 
 1.928000000000e-10 -5.142737615920e-02 
 2.028000000000e-10 -5.061072624233e-02 
 2.128000000000e-10 -4.146550959333e-02 
 2.228000000000e-10 -2.507226275774e-02 
 2.328000000000e-10 -3.735299376121e-03 
 2.428000000000e-10  1.930813671295e-02 
 2.528000000000e-10  4.035701527273e-02 
 2.628000000000e-10  5.584010818664e-02 
 2.728000000000e-10  6.293960956772e-02 
 2.828000000000e-10  6.009104982205e-02 
 2.928000000000e-10  4.727513229060e-02 
 3.028000000000e-10  2.607793415585e-02 
 3.128000000000e-10 -4.772447767547e-04 
 3.228000000000e-10 -2.832251125560e-02 
 3.328000000000e-10 -5.293158193321e-02 
 3.428000000000e-10 -7.006139185775e-02 
 3.528000000000e-10 -7.652056195956e-02 
 3.628000000000e-10 -7.076636348127e-02 
 3.728000000000e-10 -5.317795046081e-02 
 3.828000000000e-10 -2.603202436404e-02 
 3.928000000000e-10  6.754134712216e-03 
 4.028000000000e-10  4.010387004589e-02 
 4.128000000000e-10  6.852083234430e-02 
 4.228000000000e-10  8.704242650670e-02 
 4.328000000000e-10  9.217406644158e-02 
 4.428000000000e-10  8.250151056102e-02 
 4.528000000000e-10  5.891949405826e-02 
 4.628000000000e-10  2.455557925720e-02 
 4.728000000000e-10 -1.557395920986e-02 
 4.828000000000e-10 -5.518081859613e-02 
 4.928000000000e-10 -8.762586843473e-02 
 5.028000000000e-10 -1.071353866144e-01 
 5.128000000000e-10 -1.099618142559e-01 
 5.228000000000e-10 -9.501772335792e-02 
 5.328000000000e-10 -6.395334876703e-02 
 5.428000000000e-10 -2.096087414638e-02 
 5.528000000000e-10  2.763320782759e-02 
 5.628000000000e-10  7.409203331175e-02 
 5.728000000000e-10  1.104706639753e-01 
 5.828000000000e-10  1.302331523300e-01 
 5.928000000000e-10  1.295768519930e-01 
 6.028000000000e-10  1.079021231455e-01 
 6.128000000000e-10  6.777210081352e-02 
 6.228000000000e-10  1.467804753267e-02 
 6.328000000000e-10 -4.347985032537e-02 
 6.428000000000e-10 -9.726719628889e-02 
 6.528000000000e-10 -1.372485295485e-01 
 6.628000000000e-10 -1.561716656255e-01 
 6.728000000000e-10 -1.504647871298e-01 
 6.828000000000e-10 -1.203468582324e-01 
 6.928000000000e-10 -6.952001096690e-02 
 7.028000000000e-10 -4.963588132465e-03 
 7.128000000000e-10  6.359512299042e-02 
 7.228000000000e-10  1.247169895596e-01 
 7.328000000000e-10  1.674214459284e-01 
 7.428000000000e-10  1.841105429902e-01 
 7.528000000000e-10  1.717785446927e-01 
 7.628000000000e-10  1.315828624232e-01 
 7.728000000000e-10  6.852577298950e-02 
 7.828000000000e-10 -8.646709234767e-03 
 7.928000000000e-10 -8.810969475318e-02 
 8.028000000000e-10 -1.561290245859e-01 
 8.128000000000e-10 -2.002049124368e-01 
 8.228000000000e-10 -2.128854704180e-01 
 8.328000000000e-10 -1.921983167186e-01 
 8.428000000000e-10 -1.404872858382e-01 
 8.528000000000e-10 -6.409365995203e-02 
 8.628000000000e-10  2.632767693766e-02 
 8.728000000000e-10  1.165427040223e-01 
 8.828000000000e-10  1.902491927677e-01 
 8.928000000000e-10  2.339933525609e-01 
 9.028000000000e-10  2.410842590951e-01 
 9.128000000000e-10  2.107040017151e-01 
 9.228000000000e-10  1.463886616238e-01 
 9.328000000000e-10  5.594175454823e-02 
 9.428000000000e-10 -4.782553519345e-02 
 9.528000000000e-10 -1.480114843294e-01 
 9.628000000000e-10 -2.256714771317e-01 
 9.728000000000e-10 -2.671962062574e-01 
 9.828000000000e-10 -2.671088215102e-01 
 9.928000000000e-10 -2.260189641255e-01 
 1.002800000000e-09 -1.487006950433e-01 
 1.012800000000e-09 -4.424494249158e-02 
 1.022800000000e-09  7.225102064296e-02 
 1.032800000000e-09  1.808664546697e-01 
 1.042800000000e-09  2.604967353861e-01 
 1.052800000000e-09  2.983315743221e-01 
 1.062800000000e-09  2.900823647118e-01 
 1.072800000000e-09  2.377771777976e-01 
 1.082800000000e-09  1.473789058407e-01 
 1.092800000000e-09  2.937260628603e-02 
 1.102800000000e-09 -9.871925091428e-02 
 1.112800000000e-09 -2.137723476051e-01 
 1.122800000000e-09 -2.934413770091e-01 
 1.132800000000e-09 -3.261789720498e-01 
 1.142800000000e-09 -3.089992685072e-01 
 1.152800000000e-09 -2.454871395470e-01 
 1.162800000000e-09 -1.426424256978e-01 
 1.172800000000e-09 -1.216574512294e-02 
 1.182800000000e-09  1.258843522456e-01 
 1.192800000000e-09  2.451851825475e-01 
 1.202800000000e-09  3.234239333115e-01 
 1.212800000000e-09  3.502235890355e-01 
 1.222800000000e-09  3.239046334673e-01 
 1.232800000000e-09  2.494967783129e-01 
 1.242800000000e-09  1.348964878809e-01 
 1.252800000000e-09 -6.799514687109e-03 
 1.262800000000e-09 -1.529588424456e-01 
 1.272800000000e-09 -2.744473687956e-01 
 1.282800000000e-09 -3.498918470569e-01 
 1.292800000000e-09 -3.700335882148e-01 
 1.302800000000e-09 -3.346206532926e-01 
 1.312800000000e-09 -2.500042180765e-01 
 1.322800000000e-09 -1.247644306576e-01 
 1.332800000000e-09  2.665587760880e-02 
 1.342800000000e-09  1.789632988647e-01 
 1.352800000000e-09  3.009820579018e-01 
 1.362800000000e-09  3.727356402455e-01 
 1.372800000000e-09  3.859688968067e-01 
 1.382800000000e-09  3.417692468682e-01 
 1.392800000000e-09  2.476210057410e-01 
 1.402800000000e-09  1.126815628875e-01 
 1.412800000000e-09 -4.703977455199e-02 
 1.422800000000e-09 -2.036334675281e-01 
 1.432800000000e-09 -3.247893192645e-01 
 1.442800000000e-09 -3.920223799552e-01 
 1.452800000000e-09 -3.981950000384e-01 
 1.462800000000e-09 -3.456242515428e-01 
 1.472800000000e-09 -2.427838879373e-01 
 1.482800000000e-09 -9.925377123523e-02 
 1.492800000000e-09  6.736367065444e-02 
 1.502800000000e-09  2.265861748990e-01 
 1.512800000000e-09  3.458995482609e-01 
 1.522800000000e-09  4.081433492197e-01 
 1.532800000000e-09  4.073156175865e-01 
 1.542800000000e-09  3.468397735806e-01 
 1.552800000000e-09  2.359994086018e-01 
 1.562800000000e-09  8.477142579563e-02 
 1.572800000000e-09 -8.747906342245e-02 
 1.582800000000e-09 -2.479005390253e-01 
 1.592800000000e-09 -3.645183116903e-01 
 1.602800000000e-09 -4.213718938781e-01 
 1.612800000000e-09 -4.136423225744e-01 
 1.622800000000e-09 -3.457413825000e-01 
 1.632800000000e-09 -2.276302089982e-01 
 1.642800000000e-09 -6.963653360327e-02 
 1.652800000000e-09  1.070797946817e-01 
 1.662800000000e-09  2.675521919172e-01 
 1.672800000000e-09  3.808825179455e-01 
 1.682800000000e-09  4.321501741340e-01 
 1.692800000000e-09  4.176660168342e-01 
 1.702800000000e-09  3.427869356490e-01 
 1.712800000000e-09  2.179800023646e-01 
 1.722800000000e-09  5.398356216925e-02 
 1.732800000000e-09 -1.261553996685e-01 
 1.742800000000e-09 -2.857108200418e-01 
 1.752800000000e-09 -3.952089166994e-01 
 1.762800000000e-09 -4.407275742567e-01 
 1.772800000000e-09 -4.196506342161e-01 
 1.782800000000e-09 -3.382315924836e-01 
 1.792800000000e-09 -2.073122324288e-01 
 1.802800000000e-09 -3.806199626925e-02 
 1.812800000000e-09  1.445588697372e-01 
 1.822800000000e-09  3.024670913854e-01 
 1.832800000000e-09  4.077581910275e-01 
 1.842800000000e-09  4.474780935690e-01 
 1.852800000000e-09  4.199842544938e-01 
 1.862800000000e-09  3.323933813965e-01 
 1.872800000000e-09  1.957944136220e-01 
 1.882800000000e-09  2.191859898055e-02 
 1.892800000000e-09 -1.623448531188e-01 
 1.902800000000e-09 -3.179834163763e-01 
 1.912800000000e-09 -4.187154566167e-01 
 1.922800000000e-09 -4.525854606033e-01 
 1.932800000000e-09 -4.188528163126e-01 
 1.942800000000e-09 -3.254497010011e-01 
 1.952800000000e-09 -1.836079845514e-01 
 1.962800000000e-09 -5.709161894163e-03 
 1.972800000000e-09  1.794435484033e-01 
 1.982800000000e-09  3.323516671531e-01 
 1.992800000000e-09  4.282839321827e-01 
 2.002800000000e-09  4.563144617212e-01 
 2.012800000000e-09  4.165231031148e-01 
 2.022800000000e-09  3.176047919683e-01 
 2.032800000000e-09  1.708504593528e-01 
 2.042800000000e-09 -1.054408880142e-02 
 2.052800000000e-09 -1.959097156238e-01 
 2.062800000000e-09 -3.456821090531e-01 
 2.072800000000e-09 -4.365973193631e-01 
 2.082800000000e-09 -4.587924447305e-01 
 2.092800000000e-09 -4.131225645027e-01 
 2.102800000000e-09 -3.089815550484e-01 
 2.112800000000e-09 -1.576501832820e-01 
 2.122800000000e-09  2.673840869757e-02 
 2.132800000000e-09  2.117162991781e-01 
 2.142800000000e-09  3.580578352687e-01 
 2.152800000000e-09  4.438357555924e-01 
 2.162800000000e-09  4.602364155044e-01 
 2.172800000000e-09  4.088486133474e-01 
 2.182800000000e-09  2.997137482451e-01 
 2.192800000000e-09  1.440544644460e-01 
 2.202800000000e-09 -4.288952129134e-02 
 2.212800000000e-09 -2.269509090153e-01 
 2.222800000000e-09 -3.695752060982e-01 
 2.232800000000e-09 -4.500658770338e-01 
 2.242800000000e-09 -4.606937564094e-01 
 2.252800000000e-09 -4.037755022912e-01 
 2.262800000000e-09 -2.898855956883e-01 
 2.272800000000e-09 -1.301651186066e-01 
 2.282800000000e-09  5.890562491681e-02 
 2.292800000000e-09  2.415788365024e-01 
 2.302800000000e-09  3.802702725230e-01 
 2.312800000000e-09  4.554050738699e-01 
 2.322800000000e-09  4.602990165504e-01 
 2.332800000000e-09  3.979950344248e-01 
 2.342800000000e-09  2.795423901206e-01 
 2.352800000000e-09  1.159934340099e-01 
 2.362800000000e-09 -7.479612908915e-02 
 2.372800000000e-09 -2.556474449130e-01 
 2.382800000000e-09 -3.901880643303e-01 
 2.392800000000e-09 -4.598961288294e-01 
 2.402800000000e-09 -4.591005236472e-01 
 2.412800000000e-09 -3.915707773749e-01 
 2.422800000000e-09 -2.687414609816e-01 
 2.432800000000e-09 -1.015965450457e-01 
 2.442800000000e-09  9.052990166919e-02 
 2.452800000000e-09  2.691876418032e-01 
 2.462800000000e-09  3.993999825420e-01 
 2.472800000000e-09  4.636405548196e-01 
 2.482800000000e-09  4.572042369765e-01 
 2.492800000000e-09  3.845905890316e-01 
 2.502800000000e-09  2.575276571769e-01 
 2.512800000000e-09  8.698113542254e-02 
 2.522800000000e-09 -1.061260704368e-01 
 2.532800000000e-09 -2.822580326149e-01 
 2.542800000000e-09 -4.079646160636e-01 
 2.552800000000e-09 -4.666939506576e-01 
 2.562800000000e-09 -4.546582227855e-01 
 2.572800000000e-09 -3.770918733375e-01 
 2.582800000000e-09 -2.459354884917e-01 
 2.592800000000e-09 -7.219638083642e-02 
 2.602800000000e-09  1.215518705481e-01 
 2.612800000000e-09  2.948781724530e-01 
 2.622800000000e-09  4.159334192235e-01 
 2.632800000000e-09  4.691297587619e-01 
 2.642800000000e-09  4.515288180348e-01 
 2.652800000000e-09  3.691097917004e-01 
 2.662800000000e-09  2.339680210409e-01 
 2.672800000000e-09  5.723535184535e-02 
 2.682800000000e-09 -1.368130404387e-01 
 2.692800000000e-09 -3.070684816073e-01 
 2.702800000000e-09 -4.233170433194e-01 
 2.712800000000e-09 -4.709501039334e-01 
 2.722800000000e-09 -4.478296228272e-01 
 2.732800000000e-09 -3.606811606050e-01 
 2.742800000000e-09 -2.216712123466e-01 
 2.752800000000e-09 -4.215026824043e-02 
 2.762800000000e-09  1.518711411078e-01 
 2.772800000000e-09  3.188399360336e-01 
 2.782800000000e-09  4.301591812692e-01 
 2.792800000000e-09  4.722178606113e-01 
 2.802800000000e-09  4.436281983806e-01 
 2.812800000000e-09  3.518521067854e-01 
 2.822800000000e-09  2.090623059833e-01 
 2.832800000000e-09  2.695478116945e-02 
 2.842800000000e-09 -1.667159103528e-01 
 2.852800000000e-09 -3.301997386792e-01 
 2.862800000000e-09 -4.364716085278e-01 
 2.872800000000e-09 -4.729460800763e-01 
 2.882800000000e-09 -4.389453349568e-01 
 2.892800000000e-09 -3.426457525040e-01 
 2.902800000000e-09 -1.961691627365e-01 
 2.912800000000e-09 -1.168989986272e-02 
 2.922800000000e-09  1.813100121717e-01 
 2.932800000000e-09  3.411415315292e-01 
 2.942800000000e-09  4.422717887329e-01 
 2.952800000000e-09  4.731635043141e-01 
 2.962800000000e-09  4.338172821655e-01 
 2.972800000000e-09  3.330914472456e-01 
 2.982800000000e-09  1.830091834168e-01 
 2.992800000000e-09 -3.623708810600e-03 
 3.002800000000e-09 -1.956359690303e-01 
 3.012800000000e-09 -3.516594498874e-01 
 3.022800000000e-09 -4.475641456246e-01 
 3.032800000000e-09 -4.728782180814e-01 
 3.042800000000e-09 -4.282609050390e-01 
 3.052800000000e-09 -3.232084173312e-01 
 3.062800000000e-09 -1.696077987986e-01 
 3.072800000000e-09  1.895063820978e-02 
 3.082800000000e-09  2.096661852965e-01 
 3.092800000000e-09  3.617456345659e-01 
 3.102800000000e-09  4.523610797494e-01 
 3.112800000000e-09  4.721099873299e-01 
 3.122800000000e-09  4.223012689575e-01 
 3.132800000000e-09  3.130155485643e-01 
 3.142800000000e-09  1.559793419706e-01 
 3.152800000000e-09 -3.427270492677e-02 
 3.162800000000e-09 -2.233905245979e-01 
 3.172800000000e-09 -3.714008720177e-01 
 3.182800000000e-09 -4.566917396948e-01 
 3.192800000000e-09 -4.708974017274e-01 
 3.202800000000e-09 -4.159708384236e-01 
 3.212800000000e-09 -3.025336412779e-01 
 3.222800000000e-09 -1.421373037312e-01 
 3.232800000000e-09  4.958567588073e-02 
 3.242800000000e-09  2.368288915600e-01 
 3.252800000000e-09  3.806446222051e-01 
 3.262800000000e-09  4.605456243768e-01 
 3.272800000000e-09  4.692120488020e-01 
 3.282800000000e-09  4.092652049619e-01 
 3.292800000000e-09  2.917698632499e-01 
 3.302800000000e-09  1.281054805561e-01 
 3.312800000000e-09 -6.484729401114e-02 
 3.322800000000e-09 -2.499400169839e-01 
 3.332800000000e-09 -3.894422135927e-01 
 3.342800000000e-09 -4.639247653675e-01 
 3.352800000000e-09 -4.670711744247e-01 
 3.362800000000e-09 -4.021826165085e-01 
 3.372800000000e-09 -2.807114378278e-01 
 3.382800000000e-09 -1.138846938649e-01 
 3.392800000000e-09  8.004725275619e-02 
 3.402800000000e-09  2.627250359560e-01 
 3.412800000000e-09  3.977911887051e-01 
 3.422800000000e-09  4.668243657973e-01 
 3.432800000000e-09  4.644736291464e-01 
 3.442800000000e-09  3.947327521686e-01 
 3.452800000000e-09  2.693646124059e-01 
 3.462800000000e-09  9.948519217647e-02 
 3.472800000000e-09 -9.517651734106e-02 
 3.482800000000e-09 -2.751935444878e-01 
 3.492800000000e-09 -4.057041025043e-01 
 3.502800000000e-09 -4.692638393686e-01 
 3.512800000000e-09 -4.614411431070e-01 
 3.522800000000e-09 -3.869346548881e-01 
 3.532800000000e-09 -2.577356574257e-01 
 3.542800000000e-09 -8.491010054658e-02 
 3.552800000000e-09  1.102328502441e-01 
 3.562800000000e-09  2.873630913469e-01 
 3.572800000000e-09  4.131974086369e-01 
 3.582800000000e-09  4.712569161683e-01 
 3.592800000000e-09  4.579781629886e-01 
 3.602800000000e-09  3.787736442278e-01 
 3.612800000000e-09  2.458067098711e-01 
 3.622800000000e-09  7.016812565037e-02 
 3.632800000000e-09 -1.251967135487e-01 
 3.642800000000e-09 -2.992268198903e-01 
 3.652800000000e-09 -4.202657661566e-01 
 3.662800000000e-09 -4.728030757509e-01 
 3.672800000000e-09 -4.540891519373e-01 
 3.682800000000e-09 -3.702684099487e-01 
 3.692800000000e-09 -2.336000655178e-01 
 3.702800000000e-09 -5.528252542913e-02 
 3.712800000000e-09  1.400443707218e-01 
 3.722800000000e-09  3.107855749896e-01 
 3.732800000000e-09  4.269180448176e-01 
 3.742800000000e-09  4.739151515285e-01 
 3.752800000000e-09  4.497940048873e-01 
 3.762800000000e-09  3.614311349624e-01 
 3.772800000000e-09  2.211191270298e-01 
 3.782800000000e-09  4.027285308515e-02 
 3.792800000000e-09 -1.547479673077e-01 
 3.802800000000e-09 -3.220274056667e-01 
 3.812800000000e-09 -4.331502471431e-01 
 3.822800000000e-09 -4.745961327298e-01 
 3.832800000000e-09 -4.451049026178e-01 
 3.842800000000e-09 -3.522755561730e-01 
 3.852800000000e-09 -2.083751128466e-01 
 3.862800000000e-09 -2.516248206292e-02 
 3.872800000000e-09  1.692782864617e-01 
 3.882800000000e-09  3.329401369046e-01 
 3.892800000000e-09  4.389592344733e-01 
 3.902800000000e-09  4.748466946668e-01 
 3.912800000000e-09  4.400306724221e-01 
 3.922800000000e-09  3.428113082769e-01 
 3.932800000000e-09  1.953795997532e-01 
 3.942800000000e-09  9.978655680035e-03 
 3.952800000000e-09 -1.836017578580e-01 
 3.962800000000e-09 -3.435043309397e-01 
 3.972800000000e-09 -4.443382245076e-01 
 3.982800000000e-09 -4.746676618306e-01 
 3.992800000000e-09 -4.345825617766e-01 
 4.002800000000e-09 -3.330518393245e-01 
 4.012800000000e-09 -1.821470795173e-01 
 4.022800000000e-09  5.251635474546e-03 
 4.032800000000e-09  1.976893253986e-01 
 4.042800000000e-09  3.537026817072e-01 
 4.052800000000e-09  4.492821515334e-01 
 4.062800000000e-09  4.740585677964e-01 
 4.072800000000e-09  4.287687046722e-01 
 4.082800000000e-09  3.230064378672e-01 
 4.092800000000e-09  1.686917639651e-01 
 4.102800000000e-09 -2.050155967993e-02 
 4.112800000000e-09 -2.115145053894e-01 
 4.122800000000e-09 -3.635177872240e-01 
 4.132800000000e-09 -4.537868893589e-01 
 4.142800000000e-09 -4.730210829684e-01 
 4.152800000000e-09 -4.225983139779e-01 
 4.162800000000e-09 -3.126844271107e-01 
 4.172800000000e-09 -1.550265938502e-01 
 4.182800000000e-09  3.574899840159e-02 
 4.192800000000e-09  2.250600877103e-01 
 4.202800000000e-09  3.729431129382e-01 
 4.212800000000e-09  4.578744190468e-01 
 4.222800000000e-09  4.715868322437e-01 
 4.232800000000e-09  4.160969401107e-01 
 4.242800000000e-09  3.020992254586e-01 
 4.252800000000e-09  1.411578091134e-01 
 4.262800000000e-09 -5.099417884329e-02 
 4.272800000000e-09 -2.383444590871e-01 
 4.282800000000e-09 -3.819908149489e-01 
 4.292800000000e-09 -4.615235932600e-01 
 4.302800000000e-09 -4.697157713640e-01 
 4.312800000000e-09 -4.092494417130e-01 
 4.322800000000e-09 -2.912516263236e-01 
 4.332800000000e-09 -1.271078903990e-01 
 4.342800000000e-09  6.619277928566e-02 
 4.352800000000e-09  2.513221789711e-01 
 4.362800000000e-09  3.906214139585e-01 
 4.372800000000e-09  4.647309106464e-01 
 4.382800000000e-09  4.674209580925e-01 
 4.392800000000e-09  4.020513270478e-01 
 4.402800000000e-09  2.801253138650e-01 
 4.412800000000e-09  1.128740288839e-01 
 4.422800000000e-09 -8.133686162172e-02 
 4.432800000000e-09 -2.639934233915e-01 
 4.442800000000e-09 -3.988285769653e-01 
 4.452800000000e-09 -4.674858314545e-01 
 4.462800000000e-09 -4.646947194868e-01 
 4.472800000000e-09 -3.945059923914e-01 
 4.482800000000e-09 -2.687232541297e-01 
 4.492800000000e-09 -9.846623164675e-02 
 4.502800000000e-09  9.641528466514e-02 
 4.512800000000e-09  2.763642502015e-01 
 4.522800000000e-09  4.066210914960e-01 
 4.532800000000e-09  4.698039020287e-01 
 4.542800000000e-09  4.615549095191e-01 
 4.552800000000e-09  3.866288906503e-01 
 4.562800000000e-09  2.570483189663e-01 
 4.572800000000e-09  8.388515815665e-02 
 4.582800000000e-09 -1.114263848967e-01 
 4.592800000000e-09 -2.884497664011e-01 
 4.602800000000e-09 -4.140110760337e-01 
 4.612800000000e-09 -4.716934248818e-01 
 4.622800000000e-09 -4.580003585637e-01 
 4.632800000000e-09 -3.784002902085e-01 
 4.642800000000e-09 -2.450800581210e-01 
 4.652800000000e-09 -6.913935518066e-02 
 4.662800000000e-09  1.263486568362e-01 
 4.672800000000e-09  3.002398415785e-01 
 4.682800000000e-09  4.209894877913e-01 
 4.692800000000e-09  4.731500839826e-01 
 4.702800000000e-09  4.540329670194e-01 
 4.712800000000e-09  3.698377364910e-01 
 4.722800000000e-09  2.328396856501e-01 
 4.732800000000e-09  5.425154909690e-02 
 4.742800000000e-09 -1.411580470457e-01 
 4.752800000000e-09 -3.117335794138e-01 
 4.762800000000e-09 -4.275629621215e-01 
 4.772800000000e-09 -4.741842465469e-01 
 4.782800000000e-09 -4.496702824311e-01 
 4.792800000000e-09 -3.609514062296e-01 
 4.802800000000e-09 -2.203298580226e-01 
 4.812800000000e-09 -3.924153177102e-02 
 4.822800000000e-09  1.558254851884e-01 
 4.832800000000e-09  3.229171720827e-01 
 4.842800000000e-09  4.337255104912e-01 
 4.852800000000e-09  4.747969678702e-01 
 4.862800000000e-09  4.449226744523e-01 
 4.872800000000e-09  3.517536117070e-01 
 4.882800000000e-09  2.075608074894e-01 
 4.892800000000e-09  2.413238199279e-02 
 4.902800000000e-09 -1.703213064081e-01 
 4.912800000000e-09 -3.337768275305e-01 
 4.922800000000e-09 -4.394720554288e-01 
 4.932800000000e-09 -4.749868381697e-01 
 4.942800000000e-09 -4.397972315106e-01 
 4.952800000000e-09 -3.422527366595e-01 
 4.962800000000e-09 -1.945436957049e-01 
 4.972800000000e-09 -8.951467829514e-03 
 4.982800000000e-09  1.846113359195e-01 
 4.992800000000e-09  3.442920126751e-01 
 5.002800000000e-09  4.447945861292e-01 
 5.012800000000e-09  4.747534587313e-01 
 5.022800000000e-09  4.343039647942e-01 
 5.032800000000e-09  3.324612075689e-01 
 5.042800000000e-09  1.812923233802e-01 
 5.052800000000e-09 -6.274534898725e-03 
 5.062800000000e-09 -1.986664950738e-01 
 5.072800000000e-09 -3.544445578397e-01 
 5.082800000000e-09 -4.496869102716e-01 
 5.092800000000e-09 -4.740950979015e-01 
 5.102800000000e-09 -4.284498580066e-01 
 5.112800000000e-09 -3.223873951383e-01 
 5.122800000000e-09 -1.678205141246e-01 
 5.132800000000e-09  2.151896409233e-02 
 5.142800000000e-09  2.124602870758e-01 
 5.152800000000e-09  3.642249039582e-01 
 5.162800000000e-09  4.541745346071e-01 
 5.172800000000e-09  4.730501752021e-01 
 5.182800000000e-09  4.222670954927e-01 
 5.192800000000e-09  3.120500199787e-01 
 5.202800000000e-09  1.541337753013e-01 
 5.212800000000e-09 -3.678479047166e-02 
 5.222800000000e-09 -2.260134881857e-01 
 5.232800000000e-09 -3.736440797974e-01 
 5.242800000000e-09 -4.582269659596e-01 
 5.252800000000e-09 -4.715668683903e-01 
 5.262800000000e-09 -4.157257451635e-01 
 5.272800000000e-09 -3.014336278074e-01 
 5.282800000000e-09 -1.402470991766e-01 
 5.292800000000e-09  5.202283884138e-02 
 5.302800000000e-09  2.392620774096e-01 
 5.312800000000e-09  3.826418926167e-01 
 5.322800000000e-09  4.618241434988e-01 
 5.332800000000e-09  4.696488653811e-01 
 5.342800000000e-09  4.088433725964e-01 
 5.352800000000e-09  2.905640618761e-01 
 5.362800000000e-09  1.261870690624e-01 
 5.372800000000e-09 -6.721016742674e-02 
 5.382800000000e-09 -2.522088484370e-01 
 5.392800000000e-09 -3.912329188450e-01 
 5.402800000000e-09 -4.649888293110e-01 
 5.412800000000e-09 -4.673129169188e-01 
 5.422800000000e-09 -4.016112331108e-01 
 5.432800000000e-09 -2.794120986521e-01 
 5.442800000000e-09 -1.119399023769e-01 
 5.452800000000e-09  8.234546320344e-02 
 5.462800000000e-09  2.648489507086e-01 
 5.472800000000e-09  3.993983393259e-01 
 5.482800000000e-09  4.677011630179e-01 
 5.492800000000e-09  4.645484667483e-01 
 5.502800000000e-09  3.940375174352e-01 
 5.512800000000e-09  2.679903836125e-01 
 5.522800000000e-09  9.752260356047e-02 
 5.532800000000e-09 -9.741400548664e-02 
 5.542800000000e-09 -2.771935975398e-01 
 5.552800000000e-09 -4.071562027282e-01 
 5.562800000000e-09 -4.699823705688e-01 
 5.572800000000e-09 -4.613736286998e-01 
 5.582800000000e-09 -3.861319207489e-01 
 5.592800000000e-09 -2.562937741915e-01 
 5.602800000000e-09 -8.293127978116e-02 
 5.612800000000e-09  1.124153697763e-01 
 5.622800000000e-09  2.892523408185e-01 
 5.632800000000e-09  4.145108035077e-01 
 5.642800000000e-09  4.718361664107e-01 
 5.652800000000e-09  4.577862934502e-01 
 5.662800000000e-09  3.778777967096e-01 
 5.672800000000e-09  2.443063362618e-01 
 5.682800000000e-09  6.817675040444e-02 
 5.692800000000e-09 -1.273273687421e-01 
 5.702800000000e-09 -3.010182817464e-01 
 5.712800000000e-09 -4.214569191968e-01 
 5.722800000000e-09 -4.732588425377e-01 
 5.732800000000e-09 -4.537870751169e-01 
 5.742800000000e-09 -3.692893781866e-01 
 5.752800000000e-09 -2.320460912543e-01 
 5.762800000000e-09 -5.328111613918e-02 
 5.772800000000e-09  1.421248583170e-01 
 5.782800000000e-09  3.124867496687e-01 
 5.792800000000e-09  4.279977289151e-01 
 5.802800000000e-09  4.742602424898e-01 
 5.812800000000e-09  4.493949846038e-01 
 5.822800000000e-09  3.603801660872e-01 
 5.832800000000e-09  2.195183325152e-01 
 5.842800000000e-09  3.826471102526e-02 
 5.852800000000e-09 -1.567796098558e-01 
 5.862800000000e-09 -3.236462869644e-01 
 5.872800000000e-09 -4.341292930005e-01 
 5.882800000000e-09 -4.748411383721e-01 
 5.892800000000e-09 -4.446187447562e-01 
 5.902800000000e-09 -3.511595668512e-01 
 5.912800000000e-09 -2.067317954983e-01 
 5.922800000000e-09 -2.315098276693e-02 
 5.932800000000e-09  1.712603544179e-01 
 5.942800000000e-09  3.344804845602e-01 
 5.952800000000e-09  4.398446174609e-01 
 5.962800000000e-09  4.750002348712e-01 
 5.972800000000e-09  4.394666412545e-01 
 5.982800000000e-09  3.416381279547e-01 
 5.992800000000e-09  1.936986233364e-01 
 6.002800000000e-09  7.966986003331e-03 
 6.012800000000e-09 -1.855342838911e-01 
 6.022800000000e-09 -3.449702389399e-01 
 6.032800000000e-09 -4.451365633159e-01 
 6.042800000000e-09 -4.747363621116e-01 
 6.052800000000e-09 -4.339472752993e-01 
 6.062800000000e-09 -3.318257359186e-01 
 6.072800000000e-09 -1.804308299031e-01 
 6.082800000000e-09  7.261288720479e-03 
 6.092800000000e-09  1.995719247610e-01 
 6.102800000000e-09  3.550962285318e-01 
 6.112800000000e-09  4.499977511969e-01 
 6.122800000000e-09  4.740473817120e-01 
 6.132800000000e-09  4.280672244970e-01 
 6.142800000000e-09  3.217323779987e-01 
 6.152800000000e-09  1.669450140554e-01 
 6.162800000000e-09 -2.250544981467e-02 
 6.172800000000e-09 -2.133468262506e-01 
 6.182800000000e-09 -3.648495711148e-01 
 6.192800000000e-09 -4.544548678110e-01 
 6.202800000000e-09 -4.729728170510e-01 
 6.212800000000e-09 -4.218602410731e-01 
 6.222800000000e-09 -3.113765192256e-01 
 6.232800000000e-09 -1.532452108422e-01 
 6.242800000000e-09  3.776944442141e-02 
 6.252800000000e-09  2.268797875121e-01 
 6.262800000000e-09  3.742408994345e-01 
 6.272800000000e-09  4.584769057378e-01 
 6.282800000000e-09  4.714681838557e-01 
 6.292800000000e-09  4.153180607140e-01 
 6.302800000000e-09  3.007680295007e-01 
 6.312800000000e-09  1.393643606209e-01 
 6.322800000000e-09 -5.299768115243e-02 
 6.332800000000e-09 -2.401142173613e-01 
 6.342800000000e-09 -3.832286887041e-01 
 6.352800000000e-09 -4.620697020192e-01 
 6.362800000000e-09 -4.695419983105e-01 
 6.372800000000e-09 -4.084163908237e-01 
 6.382800000000e-09 -2.898763882528e-01 
 6.392800000000e-09 -1.252890319758e-01 
 6.402800000000e-09  6.818283835742e-02 
 6.412800000000e-09  2.530381609381e-01 
 6.422800000000e-09  3.917856350541e-01 
 6.432800000000e-09  4.651969059054e-01 
 6.442800000000e-09  4.671708506913e-01 
 6.452800000000e-09  4.011571064137e-01 
 6.462800000000e-09  2.787059266818e-01 
 6.472800000000e-09  1.110332634185e-01 
 6.482800000000e-09 -8.330947869145e-02 
 6.492800000000e-09 -2.656545507299e-01 
 6.502800000000e-09 -3.999213524244e-01 
 6.512800000000e-09 -4.678789745150e-01 
 6.522800000000e-09 -4.643778737720e-01 
 6.532800000000e-09 -3.935601622394e-01 
 6.542800000000e-09 -2.672648318848e-01 
 6.552800000000e-09 -9.660348961775e-02 
 6.562800000000e-09  9.837366776145e-02 
 6.572800000000e-09  2.779780123396e-01 
 6.582800000000e-09  4.076487641978e-01 
 6.592800000000e-09  4.701276801480e-01 
 6.602800000000e-09  4.611727712459e-01 
 6.612800000000e-09  3.856310533177e-01 
 6.622800000000e-09  2.555509931834e-01 
 6.632800000000e-09  8.200409018656e-02 
 6.642800000000e-09 -1.133665256943e-01 
 6.652800000000e-09 -2.900156831675e-01 
 6.662800000000e-09 -4.149759713237e-01 
 6.672800000000e-09 -4.719534321226e-01 
 6.682800000000e-09 -4.575585474670e-01 
 6.692800000000e-09 -3.773544238458e-01 
 6.702800000000e-09 -2.435446232008e-01 
 6.712800000000e-09 -6.723918825946e-02 
 6.722800000000e-09  1.282716340752e-01 
 6.732800000000e-09  3.017607840018e-01 
 6.742800000000e-09  4.218930533473e-01 
 6.752800000000e-09  4.733456798955e-01 
 6.762800000000e-09  4.535311742011e-01 
 6.772800000000e-09  3.687436841165e-01 
 6.782800000000e-09  2.312672223352e-01 
 6.792800000000e-09  5.233661737503e-02 
 6.802800000000e-09 -1.430587714985e-01 
 6.812800000000e-09 -3.132081511504e-01 
 6.822800000000e-09 -4.284065186025e-01 
 6.832800000000e-09 -4.743191891314e-01 
 6.842800000000e-09 -4.491133795507e-01 
 6.852800000000e-09 -3.598134654388e-01 
 6.862800000000e-09 -2.187218512917e-01 
 6.872800000000e-09 -3.731290169493e-02 
 6.882800000000e-09  1.577029815338e-01 
 6.892800000000e-09  3.243459812505e-01 
 6.902800000000e-09  4.345096728942e-01 
 6.912800000000e-09  4.748710972341e-01 
 6.922800000000e-09  4.443112741113e-01 
 6.932800000000e-09  3.505725447902e-01 
 6.942800000000e-09  2.059194654257e-01 
 6.952800000000e-09  2.219484459357e-02 
 6.962800000000e-09 -1.721701961616e-01 
 6.972800000000e-09 -3.351577423556e-01 
 6.982800000000e-09 -4.401973847672e-01 
 6.992800000000e-09 -4.750026055269e-01 
 7.002800000000e-09 -4.391349197439e-01 
 7.012800000000e-09 -3.410317750496e-01 
 7.022800000000e-09 -1.928705883878e-01 
 7.032800000000e-09 -7.007195030216e-03 
 7.042800000000e-09  1.864295113091e-01 
 7.052800000000e-09  3.456238807101e-01 
 7.062800000000e-09  4.454608152790e-01 
 7.072800000000e-09  4.747104843746e-01 
 7.082800000000e-09  4.335915117386e-01 
 7.092800000000e-09  3.312008393800e-01 
 7.102800000000e-09  1.795886661617e-01 
 7.112800000000e-09 -8.222281307789e-03 
 7.122800000000e-09 -2.004503821870e-01 
 7.132800000000e-09 -3.557254843591e-01 
 7.142800000000e-09 -4.502939407884e-01 
 7.152800000000e-09 -4.739940875471e-01 
 7.162800000000e-09 -4.276884657730e-01 
 7.172800000000e-09 -3.210895678923e-01 
 7.182800000000e-09 -1.660891216969e-01 
 7.192800000000e-09  2.346673289767e-02 
 7.202800000000e-09  2.142076496050e-01 
 7.212800000000e-09  3.654532911080e-01 
 7.222800000000e-09  4.547220510295e-01 
 7.232800000000e-09  4.728913800565e-01 
 7.242800000000e-09  4.214585106258e-01 
 7.252800000000e-09  3.107162540775e-01 
 7.262800000000e-09  1.523769049098e-01 
 7.272800000000e-09 -3.872894635285e-02 
 7.282800000000e-09 -2.277214220290e-01 
 7.292800000000e-09 -3.748183507106e-01 
 7.302800000000e-09 -4.587155235731e-01 
 7.312800000000e-09 -4.713586654774e-01 
 7.322800000000e-09 -4.148928407783e-01 
 7.332800000000e-09 -3.000896124740e-01 
 7.342800000000e-09 -1.384833606517e-01 
 7.352800000000e-09  5.395491068815e-02 
 7.362800000000e-09  2.409361623243e-01 
 7.372800000000e-09  3.837787533563e-01 
 7.382800000000e-09  4.622786534844e-01 
 7.392800000000e-09  4.694042092591e-01 
 7.402800000000e-09  4.079685530489e-01 
 7.412800000000e-09  2.891804837033e-01 
 7.422800000000e-09  1.243964406299e-01 
 7.432800000000e-09 -6.913675868830e-02 
 7.442800000000e-09 -2.538407666976e-01 
 7.452800000000e-09 -3.923092195721e-01 
 7.462800000000e-09 -4.653776706396e-01 
 7.472800000000e-09 -4.670062389503e-01 
 7.482800000000e-09 -4.006877220525e-01 
 7.492800000000e-09 -2.779928350608e-01 
 7.502800000000e-09 -1.101293758271e-01 
 7.512800000000e-09  8.425986873279e-02 
 7.522800000000e-09  2.664385580223e-01 
 7.532800000000e-09  4.004190391265e-01 
 7.542800000000e-09  4.680322376918e-01 
 7.552800000000e-09  4.641871093245e-01 
 7.562800000000e-09  3.930697749864e-01 
 7.572800000000e-09  2.665348637150e-01 
 7.582800000000e-09  9.568923177209e-02 
 7.592800000000e-09 -9.931952919445e-02 
 7.602800000000e-09 -2.787437735337e-01 
 7.612800000000e-09 -4.081212495089e-01 
 7.622800000000e-09 -4.702544538747e-01 
 7.632800000000e-09 -4.609569207695e-01 
 7.642800000000e-09 -3.851204112892e-01 
 7.652800000000e-09 -2.548042757635e-01 
 7.662800000000e-09 -8.107991252648e-02 
 7.672800000000e-09  1.143072044224e-01 
 7.682800000000e-09  2.907635295331e-01 
 7.692800000000e-09  4.154235664893e-01 
 7.702800000000e-09  4.720541043150e-01 
 7.712800000000e-09  4.573175442086e-01 
 7.722800000000e-09  3.768228608873e-01 
 7.732800000000e-09  2.427806207797e-01 
 7.742800000000e-09  6.630576031329e-02 
 7.752800000000e-09 -1.292056546992e-01 
 7.762800000000e-09 -3.024900488139e-01 
 7.772800000000e-09 -4.223151606541e-01 
 7.782800000000e-09 -4.734197673102e-01 
 7.792800000000e-09 -4.532652056983e-01 
 7.802800000000e-09 -3.681916871888e-01 
 7.812800000000e-09 -2.304861828361e-01 
 7.822800000000e-09 -5.139503227305e-02 
 7.832800000000e-09  1.439845477852e-01 
 7.842800000000e-09  3.139182687459e-01 
 7.852800000000e-09  4.288029339842e-01 
 7.862800000000e-09  4.743667464952e-01 
 7.872800000000e-09  4.488229626348e-01 
 7.882800000000e-09  3.592415931875e-01 
 7.892800000000e-09  2.179242761730e-01 
 7.902800000000e-09  3.636458629498e-02 
 7.912800000000e-09 -1.586185871796e-01 
 7.922800000000e-09 -3.250360425463e-01 
 7.932800000000e-09 -4.348800515212e-01 
 7.942800000000e-09 -4.748921223630e-01 
 7.952800000000e-09 -4.439969684706e-01 
 7.962800000000e-09 -3.499814513073e-01 
 7.972800000000e-09 -2.051060332860e-01 
 7.982800000000e-09 -2.124140845408e-02 
 7.992800000000e-09  1.730735962895e-01 
 8.002800000000e-09  3.358265966096e-01 
 8.012800000000e-09  4.405411978609e-01 
 8.022800000000e-09  4.749957762053e-01 
 8.032800000000e-09  4.387952967629e-01 
 8.042800000000e-09  3.404207934968e-01 
 8.052800000000e-09  1.920414067169e-01 
 8.062800000000e-09  6.050498239139e-03 
 8.072800000000e-09 -1.873177201850e-01 
 8.082800000000e-09 -3.462686639988e-01 
 8.092800000000e-09 -4.457758335596e-01 
 8.102800000000e-09 -4.746763238519e-01 
 8.112800000000e-09 -4.332294748806e-01 
 8.122800000000e-09 -3.305722524002e-01 
 8.132800000000e-09 -1.787455920436e-01 
 8.142800000000e-09  9.180610618365e-03 
 8.152800000000e-09  2.013228703632e-01 
 8.162800000000e-09  3.563471798728e-01 
 8.172800000000e-09  4.505822357692e-01 
 8.182800000000e-09  4.739336725203e-01 
 8.192800000000e-09  4.273043408891e-01 
 8.202800000000e-09  3.204436320266e-01 
 8.212800000000e-09  1.652325924760e-01 
 8.222800000000e-09 -2.442549870152e-02 
 8.232800000000e-09 -2.150631376423e-01 
 8.242800000000e-09 -3.660504442854e-01 
 8.252800000000e-09 -4.549825375752e-01 
 8.262800000000e-09 -4.728039936795e-01 
 8.272800000000e-09 -4.210523619670e-01 
 8.282800000000e-09 -3.100534152117e-01 
 8.292800000000e-09 -1.515080299822e-01 
 8.302800000000e-09  3.968630088938e-02 
 8.312800000000e-09  2.285584961324e-01 
 8.322800000000e-09  3.753901275937e-01 
 8.332800000000e-09  4.589483374399e-01 
 8.342800000000e-09  4.712439794575e-01 
 8.352800000000e-09  4.144638130633e-01 
 8.362800000000e-09  2.994089857378e-01 
 8.372800000000e-09  1.376019531094e-01 
 8.382800000000e-09 -5.491015015735e-02 
 8.392800000000e-09 -2.417540717688e-01 
 8.402800000000e-09 -3.843238955725e-01 
 8.412800000000e-09 -4.624826623350e-01 
 8.422800000000e-09 -4.692620619633e-01 
 8.432800000000e-09 -4.075175263234e-01 
 8.442800000000e-09 -2.884826863612e-01 
 8.452800000000e-09 -1.235034407452e-01 
 8.462800000000e-09  7.008898672828e-02 
 8.472800000000e-09  2.546399118505e-01 
 8.482800000000e-09  3.928285143807e-01 
 8.492800000000e-09  4.655541072161e-01 
 8.502800000000e-09  4.668377895755e-01 
 8.512800000000e-09  4.002155262462e-01 
 8.522800000000e-09  2.772780608666e-01 
 8.532800000000e-09  1.092251680125e-01 
 8.542800000000e-09 -8.520869104261e-02 
 8.552800000000e-09 -2.672194934051e-01 
 8.562800000000e-09 -4.009129627460e-01 
 8.572800000000e-09 -4.681817507582e-01 
 8.582800000000e-09 -4.639930371898e-01 
 8.592800000000e-09 -3.925769609811e-01 
 8.602800000000e-09 -2.658033833556e-01 
 8.612800000000e-09 -9.477464055808e-02 
 8.622800000000e-09  1.002640169932e-01 
 8.632800000000e-09  2.795068454804e-01 
 8.642800000000e-09  4.085903905531e-01 
 8.652800000000e-09  4.703778788574e-01 
 8.662800000000e-09  4.607381104166e-01 
 8.672800000000e-09  3.846075918766e-01 
 8.682800000000e-09  2.540561832813e-01 
 8.692800000000e-09  8.015547316580e-02 
 8.702800000000e-09 -1.152465670735e-01 
 8.712800000000e-09 -2.915089416243e-01 
 8.722800000000e-09 -4.158681685131e-01 
 8.732800000000e-09 -4.721518089720e-01 
 8.742800000000e-09 -4.570739224308e-01 
 8.752800000000e-09 -3.762893493855e-01 
 8.762800000000e-09 -2.420153312844e-01 
 8.772800000000e-09 -6.537207431578e-02 
 8.782800000000e-09  1.301384436672e-01 
 8.792800000000e-09  3.032170883399e-01 
 8.802800000000e-09  4.227345137951e-01 
 8.812800000000e-09  4.734911172480e-01 
 8.822800000000e-09  4.529968330559e-01 
 8.832800000000e-09  3.676379000967e-01 
 8.842800000000e-09  2.297039510546e-01 
 8.852800000000e-09  5.045326816957e-02 
 8.862800000000e-09 -1.449090758181e-01 
 8.872800000000e-09 -3.146262863319e-01 
 8.882800000000e-09 -4.291967969471e-01 
 8.892800000000e-09 -4.744117912262e-01 
 8.902800000000e-09 -4.485303655706e-01 
 8.912800000000e-09 -3.586680939835e-01 
 8.922800000000e-09 -2.171255836694e-01 
 8.932800000000e-09 -3.541613768047e-02 
 8.942800000000e-09  1.595329447478e-01 
 8.952800000000e-09  3.257240949986e-01 
 8.962800000000e-09  4.352480136734e-01 
 8.972800000000e-09  4.749107764936e-01 
 8.982800000000e-09  4.436806346723e-01 
 8.992800000000e-09  3.493888531493e-01 
 9.002800000000e-09  2.042915741342e-01 
 9.012800000000e-09  2.028793509205e-02 
 9.022800000000e-09 -1.739756935471e-01 
 9.032800000000e-09 -3.364934884853e-01 
 9.042800000000e-09 -4.408827742262e-01 
 9.052800000000e-09 -4.749879730908e-01 
 9.062800000000e-09 -4.384558148089e-01 
 9.072800000000e-09 -3.398098042207e-01 
 9.082800000000e-09 -1.912120187662e-01 
 9.092800000000e-09 -5.093715530599e-03 
 9.102800000000e-09  1.882055970385e-01 
 9.112800000000e-09  3.469131856186e-01 
 9.122800000000e-09  4.460906109682e-01 
 9.132800000000e-09  4.746419541415e-01 
 9.142800000000e-09  4.328672698217e-01 
 9.152800000000e-09  3.299434292684e-01 
 9.162800000000e-09  1.779020929333e-01 
 9.172800000000e-09 -1.013904051746e-02 
 9.182800000000e-09 -2.021947932184e-01 
 9.192800000000e-09 -3.569681335132e-01 
 9.202800000000e-09 -4.508697901950e-01 
 9.212800000000e-09 -4.738726586223e-01 
 9.222800000000e-09 -4.269198629224e-01 
 9.232800000000e-09 -3.197974876200e-01 
 9.242800000000e-09 -1.643758297802e-01 
 9.252800000000e-09  2.538407184879e-02 
 9.262800000000e-09  2.159178209003e-01 
 9.272800000000e-09  3.666467360714e-01 
 9.282800000000e-09  4.552422165096e-01 
 9.292800000000e-09  4.727159111926e-01 
 9.302800000000e-09  4.206457305883e-01 
 9.312800000000e-09  3.093902004611e-01 
 9.322800000000e-09  1.506388297071e-01 
 9.332800000000e-09 -4.064342233592e-02 
 9.342800000000e-09 -2.293945958645e-01 
 9.352800000000e-09 -3.759607496948e-01 
 9.362800000000e-09 -4.591800673872e-01 
 9.372800000000e-09 -4.711284134955e-01 
 9.382800000000e-09 -4.140342484732e-01 
 9.392800000000e-09 -2.987280258805e-01 
 9.402800000000e-09 -1.367203451901e-01 
 9.412800000000e-09  5.586498576396e-02 
 9.422800000000e-09  2.425709242921e-01 
 9.432800000000e-09  3.848678471072e-01 
 9.442800000000e-09  4.626855707526e-01 
 9.452800000000e-09  4.691208758269e-01 
 9.462800000000e-09  4.070612495790e-01 
 9.472800000000e-09  2.877730367587e-01 
 9.482800000000e-09  1.226012315040e-01 
 9.492800000000e-09 -7.104640512445e-02 
 9.502800000000e-09 -2.554388193936e-01 
 9.512800000000e-09 -3.933427673069e-01 
 9.522800000000e-09 -4.657220136533e-01 
 9.532800000000e-09 -4.666588143484e-01 
 9.542800000000e-09 -3.997324555978e-01 
 9.552800000000e-09 -2.765532206432e-01 
 9.562800000000e-09 -1.083125322108e-01 
 9.572800000000e-09  8.616247489087e-02 
 9.582800000000e-09  2.680011656140e-01 
 9.592800000000e-09  4.014037182231e-01 
 9.602800000000e-09  4.683248404323e-01 
 9.612800000000e-09  4.637901760907e-01 
 9.622800000000e-09  3.920742359387e-01 
 9.632800000000e-09  2.650617623015e-01 
 9.642800000000e-09  9.385080646194e-02 
 9.652800000000e-09 -1.012146344228e-01 
 9.662800000000e-09 -2.802715822763e-01 
 9.672800000000e-09 -4.090569318031e-01 
 9.682800000000e-09 -4.704953018752e-01 
 9.692800000000e-09 -4.605109413832e-01 
 9.702800000000e-09 -3.840853652096e-01 
 9.712800000000e-09 -2.532985010231e-01 
 9.722800000000e-09 -7.922220614165e-02 
 9.732800000000e-09  1.161920182653e-01 
 9.742800000000e-09  2.922567291659e-01 
 9.752800000000e-09  4.163113353894e-01 
 9.762800000000e-09  4.722447394948e-01 
 9.772800000000e-09  4.568228947940e-01 
 9.782800000000e-09  3.757468727704e-01 
 9.792800000000e-09  2.412402775615e-01 
 9.802800000000e-09  6.442904107032e-02 
 9.812800000000e-09 -1.310779553929e-01 
 9.822800000000e-09 -3.039469615135e-01 
 9.832800000000e-09 -4.231527036295e-01 
 9.842800000000e-09 -4.735579082765e-01 
 9.852800000000e-09 -4.527212953626e-01 
 9.862800000000e-09 -3.670754353888e-01 
 9.872800000000e-09 -2.289122344421e-01 
 9.882800000000e-09 -4.950236185544e-02 
 9.892800000000e-09  1.458403008236e-01 
 9.902800000000e-09  3.153375482948e-01 
 9.912800000000e-09  4.295901339790e-01 
 9.922800000000e-09  4.744529117686e-01 
 9.932800000000e-09  4.482310890386e-01 
 9.942800000000e-09  3.580861040067e-01 
 9.952800000000e-09  2.163172408571e-01 
 9.962800000000e-09  3.445825622675e-02 
 9.972800000000e-09 -1.604542692557e-01 
 9.982800000000e-09 -3.264155557899e-01 
 9.992800000000e-09 -4.356155346960e-01 
 1.000000000000e-08 -4.711836888469e-01 
