 1.628000000000e-10  2.140358117300e-02 
 1.728000000000e-10  1.175835974005e-02 
 1.828000000000e-10  4.712618022649e-04 
 1.928000000000e-10 -1.117085294572e-02 
 2.028000000000e-10 -2.180261991521e-02 
 2.128000000000e-10 -3.013689796774e-02 
 2.228000000000e-10 -3.512573443483e-02 
 2.328000000000e-10 -3.609156969107e-02 
 2.428000000000e-10 -3.282005304930e-02 
 2.528000000000e-10 -2.559391524143e-02 
 2.628000000000e-10 -1.516984309381e-02 
 2.728000000000e-10 -2.694501950286e-03 
 2.828000000000e-10  1.041535680062e-02 
 2.928000000000e-10  2.263348676576e-02 
 3.028000000000e-10  3.249706636764e-02 
 3.128000000000e-10  3.878353976892e-02 
 3.228000000000e-10  4.066009500394e-02 
 3.328000000000e-10  3.779502325630e-02 
 3.428000000000e-10  3.040419678481e-02 
 3.528000000000e-10  1.924008946456e-02 
 3.628000000000e-10  5.516779467943e-03 
 3.728000000000e-10 -9.217287850275e-03 
 3.828000000000e-10 -2.325041877126e-02 
 3.928000000000e-10 -3.490278827625e-02 
 4.028000000000e-10 -4.273135445619e-02 
 4.128000000000e-10 -4.571114536771e-02 
 4.228000000000e-10 -4.337005921767e-02 
 4.328000000000e-10 -3.585574708854e-02 
 4.428000000000e-10 -2.392915469988e-02 
 4.528000000000e-10 -8.882821057869e-03 
 4.628000000000e-10  7.593753592423e-03 
 4.728000000000e-10  2.359923360508e-02 
 4.828000000000e-10  3.723377302426e-02 
 4.928000000000e-10  4.682557820300e-02 
 5.028000000000e-10  5.113770858766e-02 
 5.128000000000e-10  4.952974023919e-02 
 5.228000000000e-10  4.204478251556e-02 
 5.328000000000e-10  2.941735177743e-02 
 5.428000000000e-10  1.300026048435e-02 
 5.528000000000e-10 -5.375206859320e-03 
 5.628000000000e-10 -2.359594390958e-02 
 5.728000000000e-10 -3.950308437854e-02 
 5.828000000000e-10 -5.115006549030e-02 
 5.928000000000e-10 -5.704676453413e-02 
 6.028000000000e-10 -5.635516499792e-02 
 6.128000000000e-10 -4.900187778582e-02 
 6.228000000000e-10 -3.569622225887e-02 
 6.328000000000e-10 -1.785600546984e-02 
 6.428000000000e-10  2.540081049128e-03 
 6.528000000000e-10  2.316209519371e-02 
 6.628000000000e-10  4.158392111745e-02 
 6.728000000000e-10  5.556774298493e-02 
 6.828000000000e-10  6.334240289762e-02 
 6.928000000000e-10  6.383510470829e-02 
 7.028000000000e-10  5.681497245469e-02 
 7.128000000000e-10  4.293091694893e-02 
 7.228000000000e-10  2.364508368647e-02 
 7.328000000000e-10  1.081809374996e-03 
 7.428000000000e-10 -2.219351800136e-02 
 7.528000000000e-10 -4.345136676773e-02 
 7.628000000000e-10 -6.011621320517e-02 
 7.728000000000e-10 -7.008921966293e-02 
 7.828000000000e-10 -7.202583281355e-02 
 7.928000000000e-10 -6.551442765608e-02 
 8.028000000000e-10 -5.113313400516e-02 
 8.128000000000e-10 -3.038633589232e-02 
 8.228000000000e-10 -5.544935259282e-03 
 8.328000000000e-10  2.058642909677e-02 
 8.428000000000e-10  4.496399049464e-02 
 8.528000000000e-10  6.465172750373e-02 
 8.628000000000e-10  7.718660707085e-02 
 8.728000000000e-10  8.090545993024e-02 
 8.828000000000e-10  7.516895450109e-02 
 8.928000000000e-10  6.044598380818e-02 
 9.028000000000e-10  3.825871094884e-02 
 9.128000000000e-10  1.101901080036e-02 
 9.228000000000e-10 -1.821580776391e-02 
 9.328000000000e-10 -4.605632196298e-02 
 9.428000000000e-10 -6.916045531124e-02 
 9.528000000000e-10 -8.464932569198e-02 
 9.628000000000e-10 -9.049411245751e-02 
 9.728000000000e-10 -8.579252064427e-02 
 9.828000000000e-10 -7.088314940734e-02 
 9.928000000000e-10 -4.729599655527e-02 
 1.002800000000e-09 -1.757937492034e-02 
 1.012800000000e-09  1.495662410595e-02 
 1.022800000000e-09  4.656738836172e-02 
 1.032800000000e-09  7.347934735524e-02 
 1.042800000000e-09  9.235430330109e-02 
 1.052800000000e-09  1.007420272048e-01 
 1.062800000000e-09  9.742075292895e-02 
 1.072800000000e-09  8.255335071950e-02 
 1.082800000000e-09  5.764986101950e-02 
 1.092800000000e-09  2.538527963969e-02 
 1.102800000000e-09 -1.067091930240e-02 
 1.112800000000e-09 -4.639552301211e-02 
 1.122800000000e-09 -7.754245660636e-02 
 1.132800000000e-09 -1.002597394355e-01 
 1.142800000000e-09 -1.116184309790e-01 
 1.152800000000e-09 -1.100290110108e-01 
 1.162800000000e-09 -9.544651236797e-02 
 1.172800000000e-09 -6.934332787031e-02 
 1.182800000000e-09 -3.451132559974e-02 
 1.192800000000e-09  5.225922054664e-03 
 1.202800000000e-09  4.536312800858e-02 
 1.212800000000e-09  8.115968354330e-02 
 1.222800000000e-09  1.082038128463e-01 
 1.232800000000e-09  1.230237772211e-01 
 1.242800000000e-09  1.235956630017e-01 
 1.252800000000e-09  1.096124454353e-01 
 1.262800000000e-09  8.247622449883e-02 
 1.272800000000e-09  4.508296724847e-02 
 1.282800000000e-09  1.509703502313e-03 
 1.292800000000e-09 -4.334481429576e-02 
 1.302800000000e-09 -8.421560659195e-02 
 1.312800000000e-09 -1.160797901642e-01 
 1.322800000000e-09 -1.348584813915e-01 
 1.332800000000e-09 -1.380316372975e-01 
 1.342800000000e-09 -1.249852776045e-01 
 1.352800000000e-09 -9.702598086569e-02 
 1.362800000000e-09 -5.714043078047e-02 
 1.372800000000e-09 -9.648753736987e-03 
 1.382800000000e-09  4.016375567430e-02 
 1.392800000000e-09  8.649772533961e-02 
 1.402800000000e-09  1.236792629810e-01 
 1.412800000000e-09  1.469550758783e-01 
 1.422800000000e-09  1.532322709318e-01 
 1.432800000000e-09  1.415254021971e-01 
 1.442800000000e-09  1.130070442101e-01 
 1.452800000000e-09  7.073977894870e-02 
 1.462800000000e-09  1.928140190818e-02 
 1.472800000000e-09 -3.569922629911e-02 
 1.482800000000e-09 -8.785827285849e-02 
 1.492800000000e-09 -1.308334852223e-01 
 1.502800000000e-09 -1.591337771396e-01 
 1.512800000000e-09 -1.690218254879e-01 
 1.522800000000e-09 -1.590814658448e-01 
 1.532800000000e-09 -1.303156967125e-01 
 1.542800000000e-09 -8.584760097391e-02 
 1.552800000000e-09 -3.046100624839e-02 
 1.562800000000e-09  2.980964642249e-02 
 1.572800000000e-09  8.808672606240e-02 
 1.582800000000e-09  1.372988797988e-01 
 1.592800000000e-09  1.711579187728e-01 
 1.602800000000e-09  1.852008519915e-01 
 1.612800000000e-09  1.775050002171e-01 
 1.622800000000e-09  1.488551173648e-01 
 1.632800000000e-09  1.024173446168e-01 
 1.642800000000e-09  4.319640080400e-02 
 1.652800000000e-09 -2.242174022893e-02 
 1.662800000000e-09 -8.704162150724e-02 
 1.672800000000e-09 -1.428727426506e-01 
 1.682800000000e-09 -1.827814371876e-01 
 1.692800000000e-09 -2.015069104297e-01 
 1.702800000000e-09 -1.965483200798e-01 
 1.712800000000e-09 -1.684219178472e-01 
 1.722800000000e-09 -1.203154190141e-01 
 1.732800000000e-09 -5.744603094789e-02 
 1.742800000000e-09  1.347112347431e-02 
 1.752800000000e-09  8.455708766738e-02 
 1.762800000000e-09  1.473140313934e-01 
 1.772800000000e-09  1.937273854800e-01 
 1.782800000000e-09  2.176648645034e-01 
 1.792800000000e-09  2.159643307437e-01 
 1.802800000000e-09  1.888105333135e-01 
 1.812800000000e-09  1.393850908472e-01 
 1.822800000000e-09  7.311458333209e-02 
 1.832800000000e-09 -2.970993770536e-03 
 1.842800000000e-09 -8.054793624634e-02 
 1.852800000000e-09 -1.504388226747e-01 
 1.862800000000e-09 -2.037314901489e-01 
 1.872800000000e-09 -2.333638072829e-01 
 1.882800000000e-09 -2.354369975216e-01 
 1.892800000000e-09 -2.097370409732e-01 
 1.902800000000e-09 -1.594018269026e-01 
 1.912800000000e-09 -9.005987831231e-02 
 1.922800000000e-09 -9.040277460895e-03 
 1.932800000000e-09  7.493719349967e-02 
 1.942800000000e-09  1.520645053753e-01 
 1.952800000000e-09  2.125355845179e-01 
 1.962800000000e-09  2.483084674080e-01 
 1.972800000000e-09  2.546666983606e-01 
 1.982800000000e-09  2.309234754723e-01 
 1.992800000000e-09  1.801262185777e-01 
 2.002800000000e-09  1.080950649887e-01 
 2.012800000000e-09  2.245289234257e-02 
 2.022800000000e-09 -6.772998658312e-02 
 2.032800000000e-09 -1.520790694106e-01 
 2.042800000000e-09 -2.199205453322e-01 
 2.052800000000e-09 -2.622024918362e-01 
 2.062800000000e-09 -2.733218285326e-01 
 2.072800000000e-09 -2.520460849629e-01 
 2.082800000000e-09 -2.012768045971e-01 
 2.092800000000e-09 -1.270026095032e-01 
 2.102800000000e-09 -3.713369798446e-02 
 2.112800000000e-09  5.895325451250e-02 
 2.122800000000e-09  1.503952245552e-01 
 2.132800000000e-09  2.256991919815e-01 
 2.142800000000e-09  2.747888223952e-01 
 2.152800000000e-09  2.911075349435e-01 
 2.162800000000e-09  2.728018050136e-01 
 2.172800000000e-09  2.225692964547e-01 
 2.182800000000e-09  1.465361866588e-01 
 2.192800000000e-09  5.289555502410e-02 
 2.202800000000e-09 -4.870379164153e-02 
 2.212800000000e-09 -1.469938775912e-01 
 2.222800000000e-09 -2.297331708749e-01 
 2.232800000000e-09 -2.858309268342e-01 
 2.242800000000e-09 -3.077256507512e-01 
 2.252800000000e-09 -2.928711225981e-01 
 2.262800000000e-09 -2.437019222836e-01 
 2.272800000000e-09 -1.664376706252e-01 
 2.282800000000e-09 -6.954086710444e-02 
 2.292800000000e-09  3.709602899534e-02 
 2.302800000000e-09  1.418854011162e-01 
 2.312800000000e-09  2.319246751556e-01 
 2.322800000000e-09  2.951403975469e-01 
 2.332800000000e-09  3.229276656473e-01 
 2.342800000000e-09  3.119729989354e-01 
 2.352800000000e-09  2.643892873531e-01 
 2.362800000000e-09  1.864413986682e-01 
 2.372800000000e-09  8.684246790341e-02 
 2.382800000000e-09 -2.429244477662e-02 
 2.392800000000e-09 -1.351360780373e-01 
 2.402800000000e-09 -2.322293216688e-01 
 2.412800000000e-09 -3.025701990357e-01 
 2.422800000000e-09 -3.364912775622e-01 
 2.432800000000e-09 -3.298470349320e-01 
 2.442800000000e-09 -2.843637464974e-01 
 2.452800000000e-09 -2.062962841725e-01 
 2.462800000000e-09 -1.045804261185e-01 
 2.472800000000e-09  1.046462706840e-02 
 2.482800000000e-09  1.268437283690e-01 
 2.492800000000e-09  2.306524258915e-01 
 2.502800000000e-09  3.080349379986e-01 
 2.512800000000e-09  3.482617371356e-01 
 2.522800000000e-09  3.462942834486e-01 
 2.532800000000e-09  3.034034916840e-01 
 2.542800000000e-09  2.257761170970e-01 
 2.552800000000e-09  1.225364127170e-01 
 2.562800000000e-09  4.194346978155e-03 
 2.572800000000e-09 -1.171468494507e-01 
 2.582800000000e-09 -2.272511743853e-01 
 2.592800000000e-09 -3.115020234581e-01 
 2.602800000000e-09 -3.581324105502e-01 
 2.612800000000e-09 -3.611648667744e-01 
 2.622800000000e-09 -3.213321730209e-01 
 2.632800000000e-09 -2.446921259746e-01 
 2.642800000000e-09 -1.405201703699e-01 
 2.652800000000e-09 -1.950120659042e-02 
 2.662800000000e-09  1.062001872429e-01 
 2.672800000000e-09  2.221258426150e-01 
 2.682800000000e-09  3.130025274457e-01 
 2.692800000000e-09  3.660681038756e-01 
 2.702800000000e-09  3.743700709666e-01 
 2.712800000000e-09  3.380275765902e-01 
 2.722800000000e-09  2.629009480246e-01 
 2.732800000000e-09  1.583667440759e-01 
 2.742800000000e-09  3.527780253428e-02 
 2.752800000000e-09 -9.417434718525e-02 
 2.762800000000e-09 -2.154102645710e-01 
 2.772800000000e-09 -3.126117173846e-01 
 2.782800000000e-09 -3.720820565373e-01 
 2.792800000000e-09 -3.858732627344e-01 
 2.802800000000e-09 -3.534171126280e-01 
 2.812800000000e-09 -2.803018724539e-01 
 2.822800000000e-09 -1.759484505653e-01 
 2.832800000000e-09 -5.137038719856e-02 
 2.842800000000e-09  8.123575939061e-02 
 2.852800000000e-09  2.072579317242e-01 
 2.862800000000e-09  3.104450639305e-01 
 2.872800000000e-09  3.762386576512e-01 
 2.882800000000e-09  3.956871835784e-01 
 2.892800000000e-09  3.674700424568e-01 
 2.902800000000e-09  2.968261377875e-01 
 2.912800000000e-09  1.931607518092e-01 
 2.922800000000e-09  6.763921361694e-02 
 2.932800000000e-09 -6.754789149569e-02 
 2.942800000000e-09 -1.978312789326e-01 
 2.952800000000e-09 -3.066329925280e-01 
 2.962800000000e-09 -3.786196806864e-01 
 2.972800000000e-09 -4.038477137983e-01 
 2.982800000000e-09 -3.801821434193e-01 
 2.992800000000e-09 -3.124341364642e-01 
 3.002800000000e-09 -2.099309237313e-01 
 3.012800000000e-09 -8.397403432381e-02 
 3.022800000000e-09  5.325341955294e-02 
 3.032800000000e-09  1.872839967272e-01 
 3.042800000000e-09  3.013209472794e-01 
 3.052800000000e-09  3.793423001637e-01 
 3.062800000000e-09  4.104247274596e-01 
 3.072800000000e-09  3.915775500436e-01 
 3.082800000000e-09  3.271074106538e-01 
 3.092800000000e-09  2.262029026151e-01 
 3.102800000000e-09  1.002771596509e-01 
 3.112800000000e-09 -3.848827992546e-02 
 3.122800000000e-09 -1.757719367657e-01 
 3.132800000000e-09 -2.946555048192e-01 
 3.142800000000e-09 -3.785211227369e-01 
 3.152800000000e-09 -4.154952518885e-01 
 3.162800000000e-09 -4.016930250068e-01 
 3.172800000000e-09 -3.408460736409e-01 
 3.182800000000e-09 -2.419437093734e-01 
 3.192800000000e-09 -1.164762984746e-01 
 3.202800000000e-09  2.336494216292e-02 
 3.212800000000e-09  1.634336263213e-01 
 3.222800000000e-09  2.867782706482e-01 
 3.232800000000e-09  3.762776519006e-01 
 3.242800000000e-09  4.191471999456e-01 
 3.252800000000e-09  4.105770956812e-01 
 3.262800000000e-09  3.536619226528e-01 
 3.272800000000e-09  2.571320053016e-01 
 3.282800000000e-09  1.325128142713e-01 
 3.292800000000e-09 -7.980959383937e-03 
 3.302800000000e-09 -1.503939536918e-01 
 3.312800000000e-09 -2.778209320361e-01 
 3.322800000000e-09 -3.727283935129e-01 
 3.332800000000e-09 -4.214689151991e-01 
 3.342800000000e-09 -4.182817079694e-01 
 3.352800000000e-09 -3.655754915368e-01 
 3.362800000000e-09 -2.717599646943e-01 
 3.372800000000e-09 -1.483439263244e-01 
 3.382800000000e-09 -7.583440443077e-03 
 3.392800000000e-09  1.367628343304e-01 
 3.402800000000e-09  2.679054264675e-01 
 3.412800000000e-09  3.679861016675e-01 
 3.422800000000e-09  4.225490292567e-01 
 3.432800000000e-09  4.248705618277e-01 
 3.442800000000e-09  3.766159766107e-01 
 3.452800000000e-09  2.858178168610e-01 
 3.462800000000e-09  1.639295060032e-01 
 3.472800000000e-09  2.325266820831e-02 
 3.482800000000e-09 -1.226442150481e-01 
 3.492800000000e-09 -2.571475424758e-01 
 3.502800000000e-09 -3.621571835893e-01 
 3.512800000000e-09 -4.224704460554e-01 
 3.522800000000e-09 -4.303897321067e-01 
 3.532800000000e-09 -3.868028064576e-01 
 3.542800000000e-09 -2.993045069344e-01 
 3.552800000000e-09 -1.792401165599e-01 
 3.562800000000e-09 -3.896628626663e-02 
 3.572800000000e-09  1.081265772397e-01 
 3.582800000000e-09  2.456497822622e-01 
 3.592800000000e-09  3.553395213241e-01 
 3.602800000000e-09  4.213112573755e-01 
 3.612800000000e-09  4.348931432836e-01 
 3.622800000000e-09  3.961614760494e-01 
 3.632800000000e-09  3.122166287106e-01 
 3.642800000000e-09  1.942494410422e-01 
 3.652800000000e-09  5.467076034882e-02 
 3.662800000000e-09 -9.328898530851e-02 
 3.672800000000e-09 -2.335056970129e-01 
 3.682800000000e-09 -3.476186412623e-01 
 3.692800000000e-09 -4.191340291904e-01 
 3.702800000000e-09 -4.384225296380e-01 
 3.712800000000e-09 -4.047108873935e-01 
 3.722800000000e-09 -3.245523691327e-01 
 3.732800000000e-09 -2.089384194190e-01 
 3.742800000000e-09 -7.032499902934e-02 
 3.752800000000e-09  7.819519089905e-02 
 3.762800000000e-09  2.207888653560e-01 
 3.772800000000e-09  3.390728819184e-01 
 3.782800000000e-09  4.160109050983e-01 
 3.792800000000e-09  4.410255779371e-01 
 3.802800000000e-09  4.124748409694e-01 
 3.812800000000e-09  3.363135266841e-01 
 3.822800000000e-09  2.232907980436e-01 
 3.832800000000e-09  8.589067034573e-02 
 3.842800000000e-09 -6.290722470317e-02 
 3.852800000000e-09 -2.075770176733e-01 
 3.862800000000e-09 -3.297763747011e-01 
 3.872800000000e-09 -4.119976772345e-01 
 3.882800000000e-09 -4.427416730315e-01 
 3.892800000000e-09 -4.194732092909e-01 
 3.902800000000e-09 -3.475032144959e-01 
 3.912800000000e-09 -2.372960977056e-01 
 3.922800000000e-09 -1.013397807431e-01 
 3.932800000000e-09  4.747350550722e-02 
 3.942800000000e-09  1.939319335493e-01 
 3.952800000000e-09  3.197921175779e-01 
 3.962800000000e-09  4.071461775238e-01 
 3.972800000000e-09  4.436071811353e-01 
 3.982800000000e-09  4.257248584782e-01 
 3.992800000000e-09  3.581255634988e-01 
 4.002800000000e-09  2.509465045446e-01 
 4.012800000000e-09  1.166497169834e-01 
 4.022800000000e-09 -3.193478252710e-02 
 4.032800000000e-09 -1.799070733100e-01 
 4.042800000000e-09 -3.091759787065e-01 
 4.052800000000e-09 -4.015033210381e-01 
 4.062800000000e-09 -4.436557356261e-01 
 4.072800000000e-09 -4.312480353288e-01 
 4.082800000000e-09 -3.681857743188e-01 
 4.092800000000e-09 -2.642360200537e-01 
 4.102800000000e-09 -1.318014720736e-01 
 4.112800000000e-09  1.632657596698e-02 
 4.122800000000e-09  1.655504532368e-01 
 4.132800000000e-09  2.979794403433e-01 
 4.142800000000e-09  3.951130666483e-01 
 4.152800000000e-09  4.429185896127e-01 
 4.162800000000e-09  4.360592460336e-01 
 4.172800000000e-09  3.776879258215e-01 
 4.182800000000e-09  2.771579585878e-01 
 4.192800000000e-09  1.467772426676e-01 
 4.202800000000e-09 -6.811956878026e-04 
 4.212800000000e-09 -1.509061446644e-01 
 4.222800000000e-09 -2.862504264122e-01 
 4.232800000000e-09 -3.880167896045e-01 
 4.242800000000e-09 -4.414247417872e-01 
 4.252800000000e-09 -4.401712264201e-01 
 4.262800000000e-09 -3.866343031896e-01 
 4.272800000000e-09 -2.897071634113e-01 
 4.282800000000e-09 -1.615614144318e-01 
 4.292800000000e-09 -1.497311271965e-02 
 4.302800000000e-09  1.360138094737e-01 
 4.312800000000e-09  2.740332268872e-01 
 4.322800000000e-09  3.802537378788e-01 
 4.332800000000e-09  4.392015952791e-01 
 4.342800000000e-09  4.436044295980e-01 
 4.352800000000e-09  3.950286129336e-01 
 4.362800000000e-09  3.018679178582e-01 
 4.372800000000e-09  1.761322342609e-01 
 4.382800000000e-09  3.060268037283e-02 
 4.392800000000e-09 -1.209174870962e-01 
 4.402800000000e-09 -2.613745644465e-01 
 4.412800000000e-09 -3.718621530283e-01 
 4.422800000000e-09 -4.362720164844e-01 
 4.432800000000e-09 -4.463595402441e-01 
 4.442800000000e-09 -4.028631353191e-01 
 4.452800000000e-09 -3.136317541254e-01 
 4.462800000000e-09 -1.904731096723e-01 
 4.472800000000e-09 -4.618126189949e-02 
 4.482800000000e-09  1.056542227696e-01 
 4.492800000000e-09  2.483158114584e-01 
 4.502800000000e-09  3.628785074624e-01 
 4.512800000000e-09  4.326596527602e-01 
 4.522800000000e-09  4.484492695396e-01 
 4.532800000000e-09  4.101371826300e-01 
 4.542800000000e-09  3.249862216299e-01 
 4.552800000000e-09  2.045671429209e-01 
 4.562800000000e-09  6.168370613763e-02 
 4.572800000000e-09 -9.025899977883e-02 
 4.582800000000e-09 -2.348971400276e-01 
 4.592800000000e-09 -3.533330020637e-01 
 4.602800000000e-09 -4.283760773614e-01 
 4.612800000000e-09 -4.498754338708e-01 
 4.622800000000e-09 -4.168433066545e-01 
 4.632800000000e-09 -3.359188356352e-01 
 4.642800000000e-09 -2.184008325059e-01 
 4.652800000000e-09 -7.709187906831e-02 
 4.662800000000e-09  7.475735374640e-02 
 4.672800000000e-09  2.211434564730e-01 
 4.682800000000e-09  3.432537708883e-01 
 4.692800000000e-09  4.234486928061e-01 
 4.702800000000e-09  4.506500814259e-01 
 4.712800000000e-09  4.229818600899e-01 
 4.722800000000e-09  3.464213969265e-01 
 4.732800000000e-09  2.319611410111e-01 
 4.742800000000e-09  9.238511579869e-02 
 4.752800000000e-09 -5.918055809866e-02 
 4.762800000000e-09 -2.070930081918e-01 
 4.772800000000e-09 -3.326719867470e-01 
 4.782800000000e-09 -4.178921587410e-01 
 4.792800000000e-09 -4.507791094168e-01 
 4.802800000000e-09 -4.285495159524e-01 
 4.812800000000e-09 -3.564855225628e-01 
 4.822800000000e-09 -2.452377850091e-01 
 4.832800000000e-09 -1.075488057309e-01 
 4.842800000000e-09  4.355107019894e-02 
 4.852800000000e-09  1.927724959916e-01 
 4.862800000000e-09  3.216119049048e-01 
 4.872800000000e-09  4.117213373114e-01 
 4.882800000000e-09  4.502681356381e-01 
 4.892800000000e-09  4.335434670312e-01 
 4.902800000000e-09  3.661037550860e-01 
 4.912800000000e-09  2.582213528306e-01 
 4.922800000000e-09  1.225700298262e-01 
 4.932800000000e-09 -2.788885067939e-02 
 4.942800000000e-09 -1.782062618523e-01 
 4.952800000000e-09 -3.100964524274e-01 
 4.962800000000e-09 -4.049510094578e-01 
 4.972800000000e-09 -4.491230369670e-01 
 4.982800000000e-09 -4.379613342029e-01 
 4.992800000000e-09 -3.752689742227e-01 
 5.002800000000e-09 -2.709022254708e-01 
 5.012800000000e-09 -1.374361263849e-01 
 5.022800000000e-09  1.221300669451e-02 
 5.032800000000e-09  1.634180569422e-01 
 5.042800000000e-09  2.981488395283e-01 
 5.052800000000e-09  3.975970714093e-01 
 5.062800000000e-09  4.473503391945e-01 
 5.072800000000e-09  4.418008321299e-01 
 5.082800000000e-09  3.839734110807e-01 
 5.092800000000e-09  2.832693373248e-01 
 5.102800000000e-09  1.521333588136e-01 
 5.112800000000e-09  3.456846133542e-03 
 5.122800000000e-09 -1.484323609968e-01 
 5.132800000000e-09 -2.857935543233e-01 
 5.142800000000e-09 -3.896770961125e-01 
 5.152800000000e-09 -4.449573610784e-01 
 5.162800000000e-09 -4.450576199587e-01 
 5.172800000000e-09 -3.922081385833e-01 
 5.182800000000e-09 -2.953129256138e-01 
 5.192800000000e-09 -1.666486694827e-01 
 5.202800000000e-09 -1.910249883842e-02 
 5.212800000000e-09  1.332726754292e-01 
 5.222800000000e-09  2.730551727144e-01 
 5.232800000000e-09  3.812100998918e-01 
 5.242800000000e-09  4.419529426215e-01 
 5.252800000000e-09  4.477372237436e-01 
 5.262800000000e-09  3.999661157955e-01 
 5.272800000000e-09  3.070118628265e-01 
 5.282800000000e-09  1.809614818647e-01 
 5.292800000000e-09  3.469800671592e-02 
 5.302800000000e-09 -1.179699157699e-01 
 5.312800000000e-09 -2.599636992548e-01 
 5.322800000000e-09 -3.722165349340e-01 
 5.332800000000e-09 -4.383430367379e-01 
 5.342800000000e-09 -4.498265867684e-01 
 5.352800000000e-09 -4.072305338536e-01 
 5.362800000000e-09 -3.183538261212e-01 
 5.372800000000e-09 -1.950563878988e-01 
 5.382800000000e-09 -5.022372522307e-02 
 5.392800000000e-09  1.025499613726e-01 
 5.402800000000e-09  2.465480802472e-01 
 5.412800000000e-09  3.627154857992e-01 
 5.422800000000e-09  4.341294312247e-01 
 5.432800000000e-09  4.513218812964e-01 
 5.442800000000e-09  4.139893127537e-01 
 5.452800000000e-09  3.293213746259e-01 
 5.462800000000e-09  2.089182731411e-01 
 5.472800000000e-09  6.566307109946e-02 
 5.482800000000e-09 -8.703329626372e-02 
 5.492800000000e-09 -2.328250863585e-01 
 5.502800000000e-09 -3.527249277735e-01 
 5.512800000000e-09 -4.293289686586e-01 
 5.522800000000e-09 -4.522259710515e-01 
 5.532800000000e-09 -4.202358104496e-01 
 5.542800000000e-09 -3.399017953647e-01 
 5.552800000000e-09 -2.225322922745e-01 
 5.562800000000e-09 -8.099624139333e-02 
 5.572800000000e-09  7.144743170333e-02 
 5.582800000000e-09  2.188265761823e-01 
 5.592800000000e-09  3.422678005843e-01 
 5.602800000000e-09  4.239474089874e-01 
 5.612800000000e-09  4.525363502214e-01 
 5.622800000000e-09  4.259599276206e-01 
 5.632800000000e-09  3.500820514096e-01 
 5.642800000000e-09  2.358861405512e-01 
 5.652800000000e-09  9.620903318032e-02 
 5.662800000000e-09 -5.581189153465e-02 
 5.672800000000e-09 -2.045737960507e-01 
 5.682800000000e-09 -3.313608984333e-01 
 5.692800000000e-09 -4.179912554213e-01 
 5.702800000000e-09 -4.522510075513e-01 
 5.712800000000e-09 -4.311528669397e-01 
 5.722800000000e-09 -3.598507605172e-01 
 5.732800000000e-09 -2.489690224261e-01 
 5.742800000000e-09 -1.112892429376e-01 
 5.752800000000e-09  4.014384402221e-02 
 5.762800000000e-09  1.900860475035e-01 
 5.772800000000e-09  3.200201798203e-01 
 5.782800000000e-09  4.114673464228e-01 
 5.792800000000e-09  4.513686609540e-01 
 5.802800000000e-09  4.358067511154e-01 
 5.812800000000e-09  3.691975058565e-01 
 5.822800000000e-09  2.617706589750e-01 
 5.832800000000e-09  1.262255698377e-01 
 5.842800000000e-09 -2.445913447246e-02 
 5.852800000000e-09 -1.753817302778e-01 
 5.862800000000e-09 -3.082618257624e-01 
 5.872800000000e-09 -4.043838950596e-01 
 5.882800000000e-09 -4.498893380467e-01 
 5.892800000000e-09 -4.399146598979e-01 
 5.902800000000e-09 -3.781121741889e-01 
 5.912800000000e-09 -2.742801027190e-01 
 5.922800000000e-09 -1.410061082331e-01 
 5.932800000000e-09  8.773935851374e-03 
 5.942800000000e-09  1.604800036898e-01 
 5.952800000000e-09  2.961035977481e-01 
 5.962800000000e-09  3.967513141173e-01 
 5.972800000000e-09  4.478144762619e-01 
 5.982800000000e-09  4.434702120117e-01 
 5.992800000000e-09  3.865841351632e-01 
 6.002800000000e-09  2.864848398638e-01 
 6.012800000000e-09  1.556174420587e-01 
 6.022800000000e-09  6.894288930295e-03 
 6.032800000000e-09 -1.454018125687e-01 
 6.042800000000e-09 -2.835656777841e-01 
 6.052800000000e-09 -3.885827511499e-01 
 6.062800000000e-09 -4.451471313166e-01 
 6.072800000000e-09 -4.464654610369e-01 
 6.082800000000e-09 -3.946018120974e-01 
 6.092800000000e-09 -2.983737171920e-01 
 6.102800000000e-09 -1.700465615743e-01 
 6.112800000000e-09 -2.252894150584e-02 
 6.122800000000e-09  1.301678261215e-01 
 6.132800000000e-09  2.706690819395e-01 
 6.142800000000e-09  3.798934634721e-01 
 6.152800000000e-09  4.418924715198e-01 
 6.162800000000e-09  4.489029600929e-01 
 6.172800000000e-09  4.021558284934e-01 
 6.182800000000e-09  3.099240978532e-01 
 6.192800000000e-09  1.842728479374e-01 
 6.202800000000e-09  3.810540663359e-02 
 6.212800000000e-09 -1.148066473215e-01 
 6.222800000000e-09 -2.574407538784e-01 
 6.232800000000e-09 -3.707005705507e-01 
 6.242800000000e-09 -4.380531118171e-01 
 6.252800000000e-09 -4.507667255457e-01 
 6.262800000000e-09 -4.092273187596e-01 
 6.272800000000e-09 -3.211228456060e-01 
 6.282800000000e-09 -1.982811376405e-01 
 6.292800000000e-09 -5.360546686729e-02 
 6.302800000000e-09  9.934182906351e-02 
 6.312800000000e-09  2.439067770847e-01 
 6.322800000000e-09  3.610201000255e-01 
 6.332800000000e-09  4.336278970623e-01 
 6.342800000000e-09  4.520506882491e-01 
 6.352800000000e-09  4.158026670174e-01 
 6.362800000000e-09  3.319518476733e-01 
 6.372800000000e-09  2.120566594002e-01 
 6.382800000000e-09  6.901395948967e-02 
 6.392800000000e-09 -8.379158095130e-02 
 6.402800000000e-09 -2.300810889225e-01 
 6.412800000000e-09 -3.508672458344e-01 
 6.422800000000e-09 -4.286312987821e-01 
 6.432800000000e-09 -4.527558028765e-01 
 6.442800000000e-09 -4.218740086469e-01 
 6.452800000000e-09 -3.423979736929e-01 
 6.462800000000e-09 -2.255849146810e-01 
 6.472800000000e-09 -8.431230717686e-02 
 6.482800000000e-09  6.818147695907e-02 
 6.492800000000e-09  2.159932328986e-01 
 6.502800000000e-09  3.402625676724e-01 
 6.512800000000e-09  4.230668817253e-01 
 6.522800000000e-09  4.528779175233e-01 
 6.532800000000e-09  4.274302022712e-01 
 6.542800000000e-09  3.524478178094e-01 
 6.552800000000e-09  2.388538205133e-01 
 6.562800000000e-09  9.948729519830e-02 
 6.572800000000e-09 -5.252935338517e-02 
 6.582800000000e-09 -2.016623674593e-01 
 6.592800000000e-09 -3.292207609647e-01 
 6.602800000000e-09 -4.169393191102e-01 
 6.612800000000e-09 -4.524135734558e-01 
 6.622800000000e-09 -4.324615035717e-01 
 6.632800000000e-09 -3.620895893307e-01 
 6.642800000000e-09 -2.518526114618e-01 
 6.652800000000e-09 -1.145273899295e-01 
 6.662800000000e-09  3.685108263329e-02 
 6.672800000000e-09  1.871061639449e-01 
 6.682800000000e-09  3.177561771576e-01 
 6.692800000000e-09  4.102540977415e-01 
 6.702800000000e-09  4.513603554852e-01 
 6.712800000000e-09  4.369592002959e-01 
 6.722800000000e-09  3.713123453779e-01 
 6.732800000000e-09  2.645707357032e-01 
 6.742800000000e-09  1.294215183245e-01 
 6.752800000000e-09 -2.116173713779e-02 
 6.762800000000e-09 -1.723419471611e-01 
 6.772800000000e-09 -3.058838957047e-01 
 6.782800000000e-09 -4.030184747026e-01 
 6.792800000000e-09 -4.497173658770e-01 
 6.802800000000e-09 -4.409155812497e-01 
 6.812800000000e-09 -3.801053317513e-01 
 6.822800000000e-09 -2.769967567609e-01 
 6.832800000000e-09 -1.441576916874e-01 
 6.842800000000e-09  5.477120622514e-03 
 6.852800000000e-09  1.573882750712e-01 
 6.862800000000e-09  2.936210352711e-01 
 6.872800000000e-09  3.952422840400e-01 
 6.882800000000e-09  4.474853507550e-01 
 6.892800000000e-09  4.443208750168e-01 
 6.902800000000e-09  3.884557418463e-01 
 6.912800000000e-09  2.891194973623e-01 
 6.922800000000e-09  1.587240405843e-01 
 6.932800000000e-09  1.018733210464e-02 
 6.942800000000e-09 -1.422640338583e-01 
 6.952800000000e-09 -2.809860051707e-01 
 6.962800000000e-09 -3.869374641940e-01 
 6.972800000000e-09 -4.446666580217e-01 
 6.982800000000e-09 -4.471771910972e-01 
 6.992800000000e-09 -3.963569389108e-01 
 7.002800000000e-09 -3.009195792270e-01 
 7.012800000000e-09 -1.731008378635e-01 
 7.022800000000e-09 -2.580882196200e-02 
 7.032800000000e-09  1.269948720694e-01 
 7.042800000000e-09  2.680030150927e-01 
 7.052800000000e-09  3.781201281288e-01 
 7.062800000000e-09  4.412647643596e-01 
 7.072800000000e-09  4.494689581468e-01 
 7.082800000000e-09  4.037894516952e-01 
 7.092800000000e-09  3.123838351198e-01 
 7.102800000000e-09  1.872748060999e-01 
 7.112800000000e-09  4.136967293943e-02 
 7.122800000000e-09 -1.116041357587e-01 
 7.132800000000e-09 -2.546960197364e-01 
 7.142800000000e-09 -3.688072121878e-01 
 7.152800000000e-09 -4.372847101237e-01 
 7.162800000000e-09 -4.511937841390e-01 
 7.172800000000e-09 -4.107422589612e-01 
 7.182800000000e-09 -3.234942600481e-01 
 7.192800000000e-09 -2.012279972163e-01 
 7.202800000000e-09 -5.684962582124e-02 
 7.212800000000e-09  9.611636084335e-02 
 7.222800000000e-09  2.410908931113e-01 
 7.232800000000e-09  3.590132598934e-01 
 7.242800000000e-09  4.327228141038e-01 
 7.252800000000e-09  4.523405472854e-01 
 7.262800000000e-09  4.171986033663e-01 
 7.272800000000e-09  3.342332679613e-01 
 7.282800000000e-09  2.149461339754e-01 
 7.292800000000e-09  7.223437406673e-02 
 7.302800000000e-09 -8.054878481837e-02 
 7.312800000000e-09 -2.272006659207e-01 
 7.322800000000e-09 -3.487529034745e-01 
 7.332800000000e-09 -4.275933282678e-01 
 7.342800000000e-09 -4.529100835854e-01 
 7.352800000000e-09 -4.231505845201e-01 
 7.362800000000e-09 -3.445878373025e-01 
 7.372800000000e-09 -2.284149617783e-01 
 7.382800000000e-09 -8.750586003719e-02 
 7.392800000000e-09  6.492626074965e-02 
 7.402800000000e-09  2.130541040812e-01 
 7.412800000000e-09  3.380459762949e-01 
 7.422800000000e-09  4.218992350640e-01 
 7.432800000000e-09  4.528979693316e-01 
 7.442800000000e-09  4.285870835146e-01 
 7.452800000000e-09  3.545448451633e-01 
 7.462800000000e-09  2.416227986959e-01 
 7.472800000000e-09  1.026514774445e-01 
 7.482800000000e-09 -4.926587526511e-02 
 7.492800000000e-09 -1.986696763566e-01 
 7.502800000000e-09 -3.269067333316e-01 
 7.512800000000e-09 -4.156450401523e-01 
 7.522800000000e-09 -4.523006933470e-01 
 7.532800000000e-09 -4.334983560026e-01 
 7.542800000000e-09 -3.640925519053e-01 
 7.552800000000e-09 -2.545589084745e-01 
 7.562800000000e-09 -1.176599097113e-01 
 7.572800000000e-09  3.358307183496e-02 
 7.582800000000e-09  1.840645891478e-01 
 7.592800000000e-09  3.153492085705e-01 
 7.602800000000e-09  4.088361400621e-01 
 7.612800000000e-09  4.511158065526e-01 
 7.622800000000e-09  4.378757129104e-01 
 7.632800000000e-09  3.732200321837e-01 
 7.642800000000e-09  2.672126562130e-01 
 7.652800000000e-09  1.325200872754e-01 
 7.662800000000e-09 -1.789280439188e-02 
 7.672800000000e-09 -1.692561124329e-01 
 7.682800000000e-09 -3.033886091320e-01 
 7.692800000000e-09 -4.014800699324e-01 
 7.702800000000e-09 -4.493425459778e-01 
 7.712800000000e-09 -4.417114048844e-01 
 7.722800000000e-09 -3.819163034749e-01 
 7.732800000000e-09 -2.795722037801e-01 
 7.742800000000e-09 -1.472197023075e-01 
 7.752800000000e-09  2.211061535408e-03 
 7.762800000000e-09  1.542630011394e-01 
 7.772800000000e-09  2.910423252933e-01 
 7.782800000000e-09  3.935869990610e-01 
 7.792800000000e-09  4.469817956228e-01 
 7.802800000000e-09  4.449959749846e-01 
 7.812800000000e-09  3.901690120021e-01 
 7.822800000000e-09  2.916265605032e-01 
 7.832800000000e-09  1.617465981881e-01 
 7.842800000000e-09  1.344694732639e-02 
 7.852800000000e-09 -1.391037335406e-01 
 7.862800000000e-09 -2.783285216904e-01 
 7.872800000000e-09 -3.851691629616e-01 
 7.882800000000e-09 -4.440363597742e-01 
 7.892800000000e-09 -4.477311386845e-01 
 7.902800000000e-09 -3.979701458568e-01 
 7.912800000000e-09 -3.033552994294e-01 
 7.922800000000e-09 -1.760817076656e-01 
 7.932800000000e-09 -2.905778967740e-02 
 7.942800000000e-09  1.238055593323e-01 
 7.952800000000e-09  2.652730794162e-01 
 7.962800000000e-09  3.762430360335e-01 
 7.972800000000e-09  4.405090569090e-01 
 7.982800000000e-09  4.499008091949e-01 
 7.992800000000e-09  4.053000036842e-01 
 8.002800000000e-09  3.147444169936e-01 
 8.012800000000e-09  1.902094222950e-01 
 8.022800000000e-09  4.460308333513e-02 
 8.032800000000e-09 -1.083915238234e-01 
 8.042800000000e-09 -2.518992596950e-01 
 8.052800000000e-09 -3.668257289326e-01 
 8.062800000000e-09 -4.364053336352e-01 
 8.072800000000e-09 -4.515030222025e-01 
 8.082800000000e-09 -4.121478992178e-01 
 8.092800000000e-09 -3.257765427755e-01 
 8.102800000000e-09 -2.041131379996e-01 
 8.112800000000e-09 -6.006353187530e-02 
 8.122800000000e-09  9.288561577781e-02 
 8.132800000000e-09  2.382326853157e-01 
 8.142800000000e-09  3.569314149858e-01 
 8.152800000000e-09  4.317212277831e-01 
 8.162800000000e-09  4.525266130827e-01 
 8.172800000000e-09  4.184971659457e-01 
 8.182800000000e-09  3.364343612629e-01 
 8.192800000000e-09  2.177789991581e-01 
 8.202800000000e-09  7.542543499972e-02 
 8.212800000000e-09 -7.730442248998e-02 
 8.222800000000e-09 -2.242858259553e-01 
 8.232800000000e-09 -3.465744523461e-01 
 8.242800000000e-09 -4.264710011010e-01 
 8.252800000000e-09 -4.529724881346e-01 
 8.262800000000e-09 -4.243400821474e-01 
 8.272800000000e-09 -3.467051480763e-01 
 8.282800000000e-09 -2.311931153283e-01 
 8.292800000000e-09 -9.067124665924e-02 
 8.302800000000e-09  6.167222750022e-02 
 8.312800000000e-09  2.100869672385e-01 
 8.322800000000e-09  3.357743764200e-01 
 8.332800000000e-09  4.206575301098e-01 
 8.342800000000e-09  4.528363550163e-01 
 8.352800000000e-09  4.296657774815e-01 
 8.362800000000e-09  3.565761154035e-01 
 8.372800000000e-09  2.443441016911e-01 
 8.382800000000e-09  1.057887601671e-01 
 8.392800000000e-09 -4.600564129614e-02 
 8.402800000000e-09 -1.956541814846e-01 
 8.412800000000e-09 -3.245452661968e-01 
 8.422800000000e-09 -4.142853844821e-01 
 8.432800000000e-09 -4.521148328946e-01 
 8.442800000000e-09 -4.344646760966e-01 
 8.452800000000e-09 -3.660356959646e-01 
 8.462800000000e-09 -2.572213062975e-01 
 8.472800000000e-09 -1.207668258894e-01 
 8.482800000000e-09  3.031984437891e-02 
 8.492800000000e-09  1.810044926815e-01 
 8.502800000000e-09  3.129012041841e-01 
 8.512800000000e-09  4.073602427218e-01 
 8.522800000000e-09  4.508057404924e-01 
 8.532800000000e-09  4.387282755957e-01 
 8.542800000000e-09  3.750730127344e-01 
 8.552800000000e-09  2.698139339076e-01 
 8.562800000000e-09  1.355942248627e-01 
 8.572800000000e-09 -1.462988365579e-02 
 8.582800000000e-09 -1.661553463180e-01 
 8.592800000000e-09 -3.008577324005e-01 
 8.602800000000e-09 -3.998901009518e-01 
 8.612800000000e-09 -4.489085979409e-01 
 8.622800000000e-09 -4.424489243742e-01 
 8.632800000000e-09 -3.836769558188e-01 
 8.642800000000e-09 -2.821098048172e-01 
 8.652800000000e-09 -1.502583203152e-01 
 8.662800000000e-09 -1.047972123718e-03 
 8.672800000000e-09  1.511258819071e-01 
 8.682800000000e-09  2.884327587145e-01 
 8.692800000000e-09  3.918857034580e-01 
 8.702800000000e-09  4.464246288916e-01 
 8.712800000000e-09  4.456174768947e-01 
 8.722800000000e-09  3.918354382618e-01 
 8.732800000000e-09  2.940979296500e-01 
 8.742800000000e-09  1.647467756251e-01 
 8.752800000000e-09  1.669820988791e-02 
 8.762800000000e-09 -1.359351196606e-01 
 8.772800000000e-09 -2.756452228708e-01 
 8.782800000000e-09 -3.833601599006e-01 
 8.792800000000e-09 -4.433573174219e-01 
 8.802800000000e-09 -4.482355027213e-01 
 8.812800000000e-09 -3.995392878371e-01 
 8.822800000000e-09 -3.057566293394e-01 
 8.832800000000e-09 -1.790397561165e-01 
 8.842800000000e-09 -3.229702361854e-02 
 8.852800000000e-09  1.206104934967e-01 
 8.862800000000e-09  2.625208849205e-01 
 8.872800000000e-09  3.743295515172e-01 
 8.882800000000e-09  4.397087394812e-01 
 8.892800000000e-09  4.502866447514e-01 
 8.902800000000e-09  4.067691663319e-01 
 8.912800000000e-09  3.170722570814e-01 
 8.922800000000e-09  1.931218517975e-01 
 8.932800000000e-09  4.782613241303e-02 
 8.942800000000e-09 -1.051751846696e-01 
 8.952800000000e-09 -2.490850471403e-01 
 8.962800000000e-09 -3.648089678217e-01 
 8.972800000000e-09 -4.354768664519e-01 
 8.982800000000e-09 -4.517639080461e-01 
 8.992800000000e-09 -4.135108389725e-01 
 9.002800000000e-09 -3.280262146544e-01 
 9.012800000000e-09 -2.069777346597e-01 
 9.022800000000e-09 -6.326976118701e-02 
 9.032800000000e-09  8.964782063176e-02 
 9.042800000000e-09  2.353518046858e-01 
 9.052800000000e-09  3.548132799117e-01 
 9.062800000000e-09  4.306754359123e-01 
 9.072800000000e-09  4.526674860001e-01 
 9.082800000000e-09  4.197556740686e-01 
 9.092800000000e-09  3.386045843117e-01 
 9.102800000000e-09  2.205921801040e-01 
 9.112800000000e-09  7.860858319481e-02 
 9.122800000000e-09 -7.405454522823e-02 
 9.132800000000e-09 -2.213509043564e-01 
 9.142800000000e-09 -3.443628653258e-01 
 9.152800000000e-09 -4.253075711716e-01 
 9.162800000000e-09 -4.529924894618e-01 
 9.172800000000e-09 -4.254917259273e-01 
 9.182800000000e-09 -3.487931294215e-01 
 9.192800000000e-09 -2.339524203424e-01 
 9.202800000000e-09 -9.382866062786e-02 
 9.212800000000e-09  5.841386536596e-02 
 9.222800000000e-09  2.071018884844e-01 
 9.232800000000e-09  3.334723258619e-01 
 9.242800000000e-09  4.193774037397e-01 
 9.252800000000e-09  4.527347498171e-01 
 9.262800000000e-09  4.307085064899e-01 
 9.272800000000e-09  3.585793654575e-01 
 9.282800000000e-09  2.470472563131e-01 
 9.292800000000e-09  1.089180277940e-01 
 9.302800000000e-09 -4.274207072054e-02 
 9.312800000000e-09 -1.926225546891e-01 
 9.322800000000e-09 -3.221556340849e-01 
 9.332800000000e-09 -4.128895815414e-01 
 9.342800000000e-09 -4.518910125004e-01 
 9.352800000000e-09 -4.353966170723e-01 
 9.362800000000e-09 -3.679519303149e-01 
 9.372800000000e-09 -2.598661453553e-01 
 9.382800000000e-09 -1.238657004238e-01 
 9.392800000000e-09  2.705412918676e-02 
 9.402800000000e-09  1.779298548692e-01 
 9.412800000000e-09  3.104270798962e-01 
 9.422800000000e-09  4.058502498999e-01 
 9.432800000000e-09  4.504595008502e-01 
 9.442800000000e-09  4.395477998878e-01 
 9.452800000000e-09  3.768999587800e-01 
 9.462800000000e-09  2.723980429395e-01 
 9.472800000000e-09  1.386601930023e-01 
 9.482800000000e-09 -1.136530192080e-02 
 9.492800000000e-09 -1.630415200296e-01 
 9.502800000000e-09 -2.983026158548e-01 
 9.512800000000e-09 -3.982678924993e-01 
 9.522800000000e-09 -4.484400269603e-01 
 9.532800000000e-09 -4.431545142574e-01 
 9.542800000000e-09 -3.854122386617e-01 
 9.552800000000e-09 -2.846304525199e-01 
 9.562800000000e-09 -1.532885486247e-01 
 9.572800000000e-09 -4.307834169712e-03 
 9.582800000000e-09  1.479771407632e-01 
 9.592800000000e-09  2.858007556465e-01 
 9.602800000000e-09  3.901539259503e-01 
 9.612800000000e-09  4.458342287816e-01 
 9.622800000000e-09  4.462078387671e-01 
 9.632800000000e-09  3.934767113771e-01 
 9.642800000000e-09  2.965521907084e-01 
 9.652800000000e-09  1.677381197000e-01 
 9.662800000000e-09  1.994940818129e-02 
 9.672800000000e-09 -1.327562490507e-01 
 9.682800000000e-09 -2.729410925906e-01 
 9.692800000000e-09 -3.815221367232e-01 
 9.702800000000e-09 -4.426460556072e-01 
 9.712800000000e-09 -4.487093839952e-01 
 9.722800000000e-09 -4.010835994125e-01 
 9.732800000000e-09 -3.081407633761e-01 
 9.742800000000e-09 -1.819885812477e-01 
 9.752800000000e-09 -3.553533805082e-02 
 9.762800000000e-09  1.174065518579e-01 
 9.772800000000e-09  2.597495227843e-01 
 9.782800000000e-09  3.723885952717e-01 
 9.792800000000e-09  4.388772923056e-01 
 9.802800000000e-09  4.506426105562e-01 
 9.812800000000e-09  4.082136633087e-01 
 9.822800000000e-09  3.193827245834e-01 
 9.832800000000e-09  1.960246691762e-01 
 9.842800000000e-09  5.104749571905e-02 
 9.852800000000e-09 -1.019512179657e-01 
 9.862800000000e-09 -2.462514927556e-01 
 9.872800000000e-09 -3.627685899286e-01 
 9.882800000000e-09 -4.345260776668e-01 
 9.892800000000e-09 -4.520007370538e-01 
 9.902800000000e-09 -4.148527640740e-01 
 9.912800000000e-09 -3.302596227211e-01 
 9.922800000000e-09 -2.098313681957e-01 
 9.932800000000e-09 -6.647057136051e-02 
 9.942800000000e-09  8.640841634450e-02 
 9.952800000000e-09  2.324607071251e-01 
 9.962800000000e-09  3.526768471761e-01 
 9.972800000000e-09  4.296062550866e-01 
 9.982800000000e-09  4.527841206934e-01 
 9.992800000000e-09  4.209924952068e-01 
 1.000000000000e-08  3.671464248394e-01 
