 1.628000000000e-10 -1.139062291165e-02 
 1.728000000000e-10 -2.895941436769e-02 
 1.828000000000e-10 -4.267335587581e-02 
 1.928000000000e-10 -5.010330948814e-02 
 2.028000000000e-10 -4.973576918286e-02 
 2.128000000000e-10 -4.126126212805e-02 
 2.228000000000e-10 -2.566873671325e-02 
 2.328000000000e-10 -5.136557379459e-03 
 2.428000000000e-10  1.724923469590e-02 
 2.528000000000e-10  3.793118331000e-02 
 2.628000000000e-10  5.343301040219e-02 
 2.728000000000e-10  6.095859997693e-02 
 2.828000000000e-10  5.890534594092e-02 
 2.928000000000e-10  4.717614549252e-02 
 3.028000000000e-10  2.722905106272e-02 
 3.128000000000e-10  1.895877094315e-03 
 3.228000000000e-10 -2.498871473695e-02 
 3.328000000000e-10 -4.912084179348e-02 
 3.428000000000e-10 -6.640456464659e-02 
 3.528000000000e-10 -7.367176325053e-02 
 3.628000000000e-10 -6.928006909374e-02 
 3.728000000000e-10 -5.342927121345e-02 
 3.828000000000e-10 -2.816073945388e-02 
 3.928000000000e-10  2.905178020985e-03 
 4.028000000000e-10  3.502650554671e-02 
 4.128000000000e-10  6.299826829913e-02 
 4.228000000000e-10  8.199594191090e-02 
 4.328000000000e-10  8.846903786771e-02 
 4.428000000000e-10  8.082737374068e-02 
 4.528000000000e-10  5.973339809966e-02 
 4.628000000000e-10  2.799492024224e-02 
 4.728000000000e-10 -9.803070974612e-03 
 4.828000000000e-10 -4.785445376867e-02 
 4.928000000000e-10 -7.992281371483e-02 
 5.028000000000e-10 -1.003914493533e-01 
 5.128000000000e-10 -1.053554641065e-01 
 5.228000000000e-10 -9.339506804660e-02 
 5.328000000000e-10 -6.579770818666e-02 
 5.428000000000e-10 -2.631532792514e-02 
 5.528000000000e-10  1.931614667199e-02 
 5.628000000000e-10  6.402014221675e-02 
 5.728000000000e-10  1.003478187851e-01 
 5.828000000000e-10  1.218124805285e-01 
 5.928000000000e-10  1.242407432907e-01 
 6.028000000000e-10  1.065912032691e-01 
 6.128000000000e-10  7.102272030854e-02 
 6.228000000000e-10  2.244652253145e-02 
 6.328000000000e-10 -3.206013584521e-02 
 6.428000000000e-10 -8.396238848647e-02 
 6.528000000000e-10 -1.244466342662e-01 
 6.628000000000e-10 -1.461369899230e-01 
 6.728000000000e-10 -1.447369964951e-01 
 6.828000000000e-10 -1.198427265776e-01 
 6.928000000000e-10 -7.473966488991e-02 
 7.028000000000e-10 -1.570239083505e-02 
 7.128000000000e-10  4.864738027227e-02 
 7.228000000000e-10  1.080820473100e-01 
 7.328000000000e-10  1.522620743889e-01 
 7.428000000000e-10  1.729738114444e-01 
 7.528000000000e-10  1.660812902053e-01 
 7.628000000000e-10  1.321821380807e-01 
 7.728000000000e-10  7.597873267543e-02 
 7.828000000000e-10  5.289878183234e-03 
 7.928000000000e-10 -6.954491094452e-02 
 8.028000000000e-10 -1.364004293619e-01 
 8.128000000000e-10 -1.833207923448e-01 
 8.228000000000e-10 -2.014327582248e-01 
 8.328000000000e-10 -1.871458118676e-01 
 8.428000000000e-10 -1.424589826510e-01 
 8.528000000000e-10 -7.374115429895e-02 
 8.628000000000e-10  9.506342945856e-03 
 8.728000000000e-10  9.504331128179e-02 
 8.828000000000e-10  1.686351718109e-01 
 8.928000000000e-10  2.167271595964e-01 
 9.028000000000e-10  2.301496242197e-01 
 9.128000000000e-10  2.063887256384e-01 
 9.228000000000e-10  1.492650881871e-01 
 9.328000000000e-10  6.699208381100e-02 
 9.428000000000e-10 -2.918796857210e-02 
 9.528000000000e-10 -1.249792111725e-01 
 9.628000000000e-10 -2.039038665649e-01 
 9.728000000000e-10 -2.510207373634e-01 
 9.828000000000e-10 -2.574044215155e-01 
 9.928000000000e-10 -2.221827372441e-01 
 1.002800000000e-09 -1.513272230033e-01 
 1.012800000000e-09 -5.495006304399e-02 
 1.022800000000e-09  5.393802143419e-02 
 1.032800000000e-09  1.588115626394e-01 
 1.042800000000e-09  2.409389158286e-01 
 1.052800000000e-09  2.844401230108e-01 
 1.062800000000e-09  2.813352920483e-01 
 1.072800000000e-09  2.329562264310e-01 
 1.082800000000e-09  1.476018620546e-01 
 1.092800000000e-09  3.720040299927e-02 
 1.102800000000e-09 -8.346931393984e-02 
 1.112800000000e-09 -1.954993151907e-01 
 1.122800000000e-09 -2.781016644603e-01 
 1.132800000000e-09 -3.151139869288e-01 
 1.142800000000e-09 -3.002883845544e-01 
 1.152800000000e-09 -2.375563249141e-01 
 1.162800000000e-09 -1.375281741265e-01 
 1.172800000000e-09 -1.377163627446e-02 
 1.182800000000e-09  1.171112833627e-01 
 1.192800000000e-09  2.337240158032e-01 
 1.202800000000e-09  3.136627491310e-01 
 1.212800000000e-09  3.413268799244e-01 
 1.222800000000e-09  3.129847439960e-01 
 1.232800000000e-09  2.353044373011e-01 
 1.242800000000e-09  1.210337767785e-01 
 1.252800000000e-09 -1.484679273901e-02 
 1.262800000000e-09 -1.537969625036e-01 
 1.272800000000e-09 -2.719680005073e-01 
 1.282800000000e-09 -3.459807379574e-01 
 1.292800000000e-09 -3.617976121115e-01 
 1.302800000000e-09 -3.187511944180e-01 
 1.312800000000e-09 -2.261197914764e-01 
 1.322800000000e-09 -9.851158831762e-02 
 1.332800000000e-09  4.785436543432e-02 
 1.342800000000e-09  1.922996501009e-01 
 1.352800000000e-09  3.087744212664e-01 
 1.362800000000e-09  3.737516245364e-01 
 1.372800000000e-09  3.758121765240e-01 
 1.382800000000e-09  3.174569431836e-01 
 1.392800000000e-09  2.103765363472e-01 
 1.402800000000e-09  7.068303601731e-02 
 1.412800000000e-09 -8.423198590763e-02 
 1.422800000000e-09 -2.313469389843e-01 
 1.432800000000e-09 -3.428659777058e-01 
 1.442800000000e-09 -3.961241168757e-01 
 1.452800000000e-09 -3.831675958018e-01 
 1.462800000000e-09 -3.094097127081e-01 
 1.472800000000e-09 -1.887554996861e-01 
 1.482800000000e-09 -3.842678959054e-02 
 1.492800000000e-09  1.228992577437e-01 
 1.502800000000e-09  2.697550239515e-01 
 1.512800000000e-09  3.732343702592e-01 
 1.522800000000e-09  4.126872266324e-01 
 1.532800000000e-09  3.839929490671e-01 
 1.542800000000e-09  2.951442603258e-01 
 1.552800000000e-09  1.620521424898e-01 
 1.562800000000e-09  2.662040951609e-03 
 1.572800000000e-09 -1.627854637927e-01 
 1.582800000000e-09 -3.064716156487e-01 
 1.592800000000e-09 -3.991717562282e-01 
 1.602800000000e-09 -4.233793410341e-01 
 1.612800000000e-09 -3.786534031458e-01 
 1.622800000000e-09 -2.753365677590e-01 
 1.632800000000e-09 -1.310601479908e-01 
 1.642800000000e-09  3.575255951213e-02 
 1.652800000000e-09  2.029315072693e-01 
 1.662800000000e-09  3.406149397521e-01 
 1.672800000000e-09  4.202282086476e-01 
 1.682800000000e-09  4.283008604590e-01 
 1.692800000000e-09  3.675945246496e-01 
 1.702800000000e-09  2.506947691783e-01 
 1.712800000000e-09  9.654770378886e-02 
 1.722800000000e-09 -7.597200649185e-02 
 1.732800000000e-09 -2.424397207739e-01 
 1.742800000000e-09 -3.714431791608e-01 
 1.752800000000e-09 -4.361752282745e-01 
 1.762800000000e-09 -4.276417129298e-01 
 1.772800000000e-09 -3.513021213200e-01 
 1.782800000000e-09 -2.219161166358e-01 
 1.792800000000e-09 -5.923325120185e-02 
 1.802800000000e-09  1.171791936149e-01 
 1.812800000000e-09  2.804836042393e-01 
 1.822800000000e-09  3.983816559527e-01 
 1.832800000000e-09  4.470026849151e-01 
 1.842800000000e-09  4.217074137102e-01 
 1.852800000000e-09  3.303113008761e-01 
 1.862800000000e-09  1.896538219697e-01 
 1.872800000000e-09  1.976770660324e-02 
 1.882800000000e-09 -1.586361422545e-01 
 1.892800000000e-09 -3.163680730581e-01 
 1.902800000000e-09 -4.210660129668e-01 
 1.912800000000e-09 -4.528220339478e-01 
 1.922800000000e-09 -4.108416468610e-01 
 1.932800000000e-09 -3.051663448795e-01 
 1.942800000000e-09 -1.544723052222e-01 
 1.952800000000e-09  2.126808750640e-02 
 1.962800000000e-09  1.996671939679e-01 
 1.972800000000e-09  3.494677310251e-01 
 1.982800000000e-09  4.392279217727e-01 
 1.992800000000e-09  4.537417244861e-01 
 2.002800000000e-09  3.953810150235e-01 
 2.012800000000e-09  2.763928944723e-01 
 2.022800000000e-09  1.168810092503e-01 
 2.032800000000e-09 -6.329294165369e-02 
 2.042800000000e-09 -2.396091616073e-01 
 2.052800000000e-09 -3.792176274048e-01 
 2.062800000000e-09 -4.527396451341e-01 
 2.072800000000e-09 -4.499032534161e-01 
 2.082800000000e-09 -3.756571203718e-01 
 2.092800000000e-09 -2.444848301430e-01 
 2.102800000000e-09 -7.734034534871e-02 
 2.112800000000e-09  1.057371232577e-01 
 2.122800000000e-09  2.778448687654e-01 
 2.132800000000e-09  4.052008828605e-01 
 2.142800000000e-09  4.616197956941e-01 
 2.152800000000e-09  4.414919491233e-01 
 2.162800000000e-09  3.520256821103e-01 
 2.172800000000e-09  2.098936213621e-01 
 2.182800000000e-09  3.627839392834e-02 
 2.192800000000e-09 -1.480581023831e-01 
 2.202800000000e-09 -3.138277850638e-01 
 2.212800000000e-09 -4.271194833347e-01 
 2.222800000000e-09 -4.659613858592e-01 
 2.232800000000e-09 -4.287661832721e-01 
 2.242800000000e-09 -3.248968338348e-01 
 2.252800000000e-09 -1.730380129178e-01 
 2.262800000000e-09  5.884119356150e-03 
 2.272800000000e-09  1.897312307189e-01 
 2.282800000000e-09  3.470521540939e-01 
 2.292800000000e-09  4.447716672573e-01 
 2.302800000000e-09  4.658532628312e-01 
 2.312800000000e-09  4.119723467287e-01 
 2.322800000000e-09  2.946778263361e-01 
 2.332800000000e-09  1.342778625562e-01 
 2.342800000000e-09 -4.871558312545e-02 
 2.352800000000e-09 -2.302061716587e-01 
 2.362800000000e-09 -3.770179632299e-01 
 2.372800000000e-09 -4.580231665410e-01 
 2.382800000000e-09 -4.613676712514e-01 
 2.392800000000e-09 -3.913427136862e-01 
 2.402800000000e-09 -2.617476832076e-01 
 2.412800000000e-09 -9.393518498317e-02 
 2.422800000000e-09  9.176844782655e-02 
 2.432800000000e-09  2.689477855181e-01 
 2.442800000000e-09  4.033183090738e-01 
 2.452800000000e-09  4.668667175428e-01 
 2.462800000000e-09  4.526381707538e-01 
 2.472800000000e-09  3.671447557062e-01 
 2.482800000000e-09  2.264654760788e-01 
 2.492800000000e-09  5.231883158984e-02 
 2.502800000000e-09 -1.346077640670e-01 
 2.512800000000e-09 -3.054879592818e-01 
 2.522800000000e-09 -4.257026672055e-01 
 2.532800000000e-09 -4.713835717486e-01 
 2.542800000000e-09 -4.398377590451e-01 
 2.552800000000e-09 -3.396883667840e-01 
 2.562800000000e-09 -1.891638164808e-01 
 2.572800000000e-09 -9.754287706725e-03 
 2.582800000000e-09  1.767855252361e-01 
 2.592800000000e-09  3.393701496276e-01 
 2.602800000000e-09  4.439679449888e-01 
 2.612800000000e-09  4.716443332683e-01 
 2.622800000000e-09  4.231708766190e-01 
 2.632800000000e-09  3.093229616394e-01 
 2.642800000000e-09  1.501444252790e-01 
 2.652800000000e-09 -3.339915734189e-02 
 2.662800000000e-09 -2.178114737130e-01 
 2.672800000000e-09 -3.701215767414e-01 
 2.682800000000e-09 -4.579654349126e-01 
 2.692800000000e-09 -4.676957289254e-01 
 2.702800000000e-09 -4.028299899620e-01 
 2.712800000000e-09 -2.763836090710e-01 
 2.722800000000e-09 -1.096744025122e-01 
 2.732800000000e-09  7.675139731765e-02 
 2.742800000000e-09  2.571811947326e-01 
 2.752800000000e-09  3.973236672914e-01 
 2.762800000000e-09  4.676540538416e-01 
 2.772800000000e-09  4.596284099953e-01 
 2.782800000000e-09  3.790301618251e-01 
 2.792800000000e-09  2.411861012892e-01 
 2.802800000000e-09  6.800070158803e-02 
 2.812800000000e-09 -1.199178156160e-01 
 2.822800000000e-09 -2.944483483872e-01 
 2.832800000000e-09 -4.207106975771e-01 
 2.842800000000e-09 -4.730903275968e-01 
 2.852800000000e-09 -4.475672995571e-01 
 2.862800000000e-09 -3.520230544408e-01 
 2.872800000000e-09 -2.040219223832e-01 
 2.882800000000e-09 -2.539190316776e-02 
 2.892800000000e-09  1.624951046935e-01 
 2.902800000000e-09  3.291827187808e-01 
 2.912800000000e-09  4.400735628883e-01 
 2.922800000000e-09  4.743416934971e-01 
 2.932800000000e-09  4.316933025264e-01 
 2.942800000000e-09  3.221234160856e-01 
 2.952800000000e-09  1.651782256795e-01 
 2.962800000000e-09 -1.783069851712e-02 
 2.972800000000e-09 -2.040341390514e-01 
 2.982800000000e-09 -3.609358334042e-01 
 2.992800000000e-09 -4.552558210205e-01 
 3.002800000000e-09 -4.714535229065e-01 
 3.012800000000e-09 -4.121831663680e-01 
 3.022800000000e-09 -2.896513652624e-01 
 3.032800000000e-09 -1.249005325120e-01 
 3.042800000000e-09  6.131200438979e-02 
 3.052800000000e-09  2.440444330440e-01 
 3.062800000000e-09  3.892656353349e-01 
 3.072800000000e-09  4.661763566606e-01 
 3.082800000000e-09  4.644888332785e-01 
 3.092800000000e-09  3.892270218929e-01 
 3.102800000000e-09  2.549089888807e-01 
 3.112800000000e-09  8.341237962543e-02 
 3.122800000000e-09 -1.046877262039e-01 
 3.132800000000e-09 -2.820773077225e-01 
 3.142800000000e-09 -4.138734928065e-01 
 3.152800000000e-09 -4.728635567875e-01 
 3.162800000000e-09 -4.535371082727e-01 
 3.172800000000e-09 -3.630369881400e-01 
 3.182800000000e-09 -2.181703644242e-01 
 3.192800000000e-09 -4.094776702039e-02 
 3.202800000000e-09  1.475807123499e-01 
 3.212800000000e-09  3.177125021086e-01 
 3.222800000000e-09  4.345335489574e-01 
 3.232800000000e-09  4.753822916813e-01 
 3.242800000000e-09  4.387620232305e-01 
 3.252800000000e-09  3.339001034076e-01 
 3.262800000000e-09  1.797142711776e-01 
 3.272800000000e-09 -2.204442890396e-03 
 3.282800000000e-09 -1.895737134519e-01 
 3.292800000000e-09 -3.505209279644e-01 
 3.302800000000e-09 -4.510806024510e-01 
 3.312800000000e-09 -4.737846580509e-01 
 3.322800000000e-09 -4.203339770680e-01 
 3.332800000000e-09 -3.021296709209e-01 
 3.342800000000e-09 -1.397879529332e-01 
 3.352800000000e-09  4.570983948580e-02 
 3.362800000000e-09  2.301913220380e-01 
 3.372800000000e-09  3.800530069712e-01 
 3.382800000000e-09  4.633984329999e-01 
 3.392800000000e-09  4.681077096842e-01 
 3.402800000000e-09  3.984233089834e-01 
 3.412800000000e-09  2.680222928907e-01 
 3.422800000000e-09  9.860895173595e-02 
 3.432800000000e-09 -8.921099404953e-02 
 3.442800000000e-09 -2.689670555625e-01 
 3.452800000000e-09 -4.059441180235e-01 
 3.462800000000e-09 -4.714789961874e-01 
 3.472800000000e-09 -4.584420835096e-01 
 3.482800000000e-09 -3.732342571921e-01 
 3.492800000000e-09 -2.318591739951e-01 
 3.502800000000e-09 -5.639386338247e-02 
 3.512800000000e-09  1.323500861579e-01 
 3.522800000000e-09  3.054897188982e-01 
 3.532800000000e-09  4.279736674114e-01 
 3.542800000000e-09  4.753901372162e-01 
 3.552800000000e-09  4.449136206638e-01 
 3.562800000000e-09  3.450164783288e-01 
 3.572800000000e-09  1.939077749915e-01 
 3.582800000000e-09  1.340214372088e-02 
 3.592800000000e-09 -1.747329466312e-01 
 3.602800000000e-09 -3.393403378353e-01 
 3.612800000000e-09 -4.459538626734e-01 
 3.622800000000e-09 -4.751867160133e-01 
 3.632800000000e-09 -4.276911995069e-01 
 3.642800000000e-09 -3.140750706894e-01 
 3.652800000000e-09 -1.544211372049e-01 
 3.662800000000e-09  3.005262628178e-02 
 3.672800000000e-09  2.159051766057e-01 
 3.682800000000e-09  3.700688544719e-01 
 3.692800000000e-09  4.597412794044e-01 
 3.702800000000e-09  4.709002721261e-01 
 3.712800000000e-09  4.069403032061e-01 
 3.722800000000e-09  2.807114035107e-01 
 3.732800000000e-09  1.136242619961e-01 
 3.742800000000e-09 -7.361812814064e-02 
 3.752800000000e-09 -2.553895978330e-01 
 3.762800000000e-09 -3.972695591034e-01 
 3.772800000000e-09 -4.692917785279e-01 
 3.782800000000e-09 -4.626029538146e-01 
 3.792800000000e-09 -3.828492921727e-01 
 3.802800000000e-09 -2.452091798461e-01 
 3.812800000000e-09 -7.172291466958e-02 
 3.822800000000e-09  1.169444159862e-01 
 3.832800000000e-09  2.927629015261e-01 
 3.842800000000e-09  4.206852145079e-01 
 3.852800000000e-09  4.746536998695e-01 
 3.862800000000e-09  4.503963327410e-01 
 3.872800000000e-09  3.556402818307e-01 
 3.882800000000e-09  2.078306939760e-01 
 3.892800000000e-09  2.895200307930e-02 
 3.902800000000e-09 -1.596553328475e-01 
 3.912800000000e-09 -3.276132520824e-01 
 3.922800000000e-09 -4.401118649919e-01 
 3.932800000000e-09 -4.758883218428e-01 
 3.942800000000e-09 -4.344439819880e-01 
 3.952800000000e-09 -3.256055455193e-01 
 3.962800000000e-09 -1.688417410536e-01 
 3.972800000000e-09  1.439082967250e-02 
 3.982800000000e-09  2.013214823490e-01 
 3.992800000000e-09  3.595045607769e-01 
 4.002800000000e-09  4.553946449787e-01 
 4.012800000000e-09  4.730358386611e-01 
 4.022800000000e-09  4.149107825841e-01 
 4.032800000000e-09  2.930510637337e-01 
 4.042800000000e-09  1.284721557907e-01 
 4.052800000000e-09 -5.796768838171e-02 
 4.062800000000e-09 -2.414646804904e-01 
 4.072800000000e-09 -3.879979936198e-01 
 4.082800000000e-09 -4.664474796647e-01 
 4.092800000000e-09 -4.661510016079e-01 
 4.102800000000e-09 -3.919755799504e-01 
 4.112800000000e-09 -2.582668766708e-01 
 4.122800000000e-09 -8.692879628626e-02 
 4.132800000000e-09  1.014290619348e-01 
 4.142800000000e-09  2.796436815905e-01 
 4.152800000000e-09  4.127928598560e-01 
 4.162800000000e-09  4.732915446649e-01 
 4.172800000000e-09  4.553104738166e-01 
 4.182800000000e-09  3.658354286929e-01 
 4.192800000000e-09  2.215145249938e-01 
 4.202800000000e-09  4.442850072726e-02 
 4.212800000000e-09 -1.444112388489e-01 
 4.222800000000e-09 -3.154454541122e-01 
 4.232800000000e-09 -4.336617671514e-01 
 4.242800000000e-09 -4.759880607984e-01 
 4.252800000000e-09 -4.406684190780e-01 
 4.262800000000e-09 -3.367643367286e-01 
 4.272800000000e-09 -1.830633481691e-01 
 4.282800000000e-09 -1.246350965492e-03 
 4.292800000000e-09  1.865089564486e-01 
 4.302800000000e-09  3.484490166599e-01 
 4.312800000000e-09  4.504399447309e-01 
 4.322800000000e-09  4.745889498226e-01 
 4.332800000000e-09  4.223898109163e-01 
 4.342800000000e-09  3.050687134208e-01 
 4.352800000000e-09  1.431552326553e-01 
 4.362800000000e-09 -4.229296394173e-02 
 4.372800000000e-09 -2.272548730132e-01 
 4.382800000000e-09 -3.782064541384e-01 
 4.392800000000e-09 -4.630058203716e-01 
 4.402800000000e-09 -4.691273164583e-01 
 4.412800000000e-09 -4.006400134202e-01 
 4.422800000000e-09 -2.710412572386e-01 
 4.432800000000e-09 -1.020026388634e-01 
 4.442800000000e-09  8.583812465987e-02 
 4.452800000000e-09  2.661835603212e-01 
 4.462800000000e-09  4.043463497582e-01 
 4.472800000000e-09  4.713438890414e-01 
 4.482800000000e-09  4.596871235324e-01 
 4.492800000000e-09  3.756158961613e-01 
 4.502800000000e-09  2.349588602689e-01 
 4.512800000000e-09  5.981372338738e-02 
 4.522800000000e-09 -1.290379634691e-01 
 4.532800000000e-09 -3.028853065926e-01 
 4.542800000000e-09 -4.266430473359e-01 
 4.552800000000e-09 -4.755179950890e-01 
 4.562800000000e-09 -4.463866500865e-01 
 4.572800000000e-09 -3.475578285672e-01 
 4.582800000000e-09 -1.970844873695e-01 
 4.592800000000e-09 -1.683904660447e-02 
 4.602800000000e-09  1.715057347566e-01 
 4.612800000000e-09  3.369457639519e-01 
 4.622800000000e-09  4.449067423090e-01 
 4.632800000000e-09  4.755842057199e-01 
 4.642800000000e-09  4.293929925218e-01 
 4.652800000000e-09  3.167668957255e-01 
 4.662800000000e-09  1.576702224970e-01 
 4.672800000000e-09 -2.661468047162e-02 
 4.682800000000e-09 -2.127941552894e-01 
 4.692800000000e-09 -3.679180462519e-01 
 4.702800000000e-09 -4.589922668170e-01 
 4.712800000000e-09 -4.715738494421e-01 
 4.722800000000e-09 -4.088670625804e-01 
 4.732800000000e-09 -2.835419039611e-01 
 4.742800000000e-09 -1.169397359437e-01 
 4.752800000000e-09  7.019907129005e-02 
 4.762800000000e-09  2.524261641048e-01 
 4.772800000000e-09  3.953887978854e-01 
 4.782800000000e-09  4.688444427501e-01 
 4.792800000000e-09  4.635533442321e-01 
 4.802800000000e-09  3.849950125470e-01 
 4.812800000000e-09  2.481668075887e-01 
 4.822800000000e-09  7.509621147850e-02 
 4.832800000000e-09 -1.135667004388e-01 
 4.842800000000e-09 -2.899763934784e-01 
 4.852800000000e-09 -4.190930548953e-01 
 4.862800000000e-09 -4.745072926433e-01 
 4.872800000000e-09 -4.516185697381e-01 
 4.882800000000e-09 -3.579916944151e-01 
 4.892800000000e-09 -2.109019724632e-01 
 4.902800000000e-09 -3.236843629689e-02 
 4.912800000000e-09  1.563460245573e-01 
 4.922800000000e-09  3.250347642676e-01 
 4.932800000000e-09  4.388232111113e-01 
 4.942800000000e-09  4.760425142724e-01 
 4.952800000000e-09  4.359305118140e-01 
 4.962800000000e-09  3.281447089066e-01 
 4.972800000000e-09  1.720128100379e-01 
 4.982800000000e-09 -1.095200117138e-02 
 4.992800000000e-09 -1.981139575006e-01 
 5.002800000000e-09 -3.571687596485e-01 
 5.012800000000e-09 -4.544220028895e-01 
 5.022800000000e-09 -4.734920141012e-01 
 5.032800000000e-09 -4.166533776487e-01 
 5.042800000000e-09 -2.957597038540e-01 
 5.052800000000e-09 -1.317308935329e-01 
 5.062800000000e-09  5.453047912369e-02 
 5.072800000000e-09  2.383943419212e-01 
 5.082800000000e-09  3.859355083247e-01 
 5.092800000000e-09  4.657958620879e-01 
 5.102800000000e-09  4.669079298834e-01 
 5.112800000000e-09  3.939641681708e-01 
 5.122800000000e-09  2.611277363451e-01 
 5.132800000000e-09  9.026302536938e-02 
 5.142800000000e-09 -9.801858619019e-02 
 5.152800000000e-09 -2.767425416612e-01 
 5.162800000000e-09 -4.110247336809e-01 
 5.172800000000e-09 -4.729586704019e-01 
 5.182800000000e-09 -4.563608548805e-01 
 5.192800000000e-09 -3.680542672338e-01 
 5.202800000000e-09 -2.245096026499e-01 
 5.212800000000e-09 -4.782180412270e-02 
 5.222800000000e-09  1.410552485718e-01 
 5.232800000000e-09  3.127443125767e-01 
 5.242800000000e-09  4.322024454717e-01 
 5.252800000000e-09  4.759699565027e-01 
 5.262800000000e-09  4.420016118302e-01 
 5.272800000000e-09  3.391927112547e-01 
 5.282800000000e-09  1.861749187501e-01 
 5.292800000000e-09  4.677198079567e-03 
 5.302800000000e-09 -1.832404490491e-01 
 5.312800000000e-09 -3.459823761471e-01 
 5.322800000000e-09 -4.493025282487e-01 
 5.332800000000e-09 -4.748847386665e-01 
 5.342800000000e-09 -4.239951170293e-01 
 5.352800000000e-09 -3.076849124017e-01 
 5.362800000000e-09 -1.463673408647e-01 
 5.372800000000e-09  3.885024754257e-02 
 5.382800000000e-09  2.241109385775e-01 
 5.392800000000e-09  3.760079783189e-01 
 5.402800000000e-09  4.621969429343e-01 
 5.412800000000e-09  4.697346374025e-01 
 5.422800000000e-09  4.025056385558e-01 
 5.432800000000e-09  2.738249608024e-01 
 5.442800000000e-09  1.053013214314e-01 
 5.452800000000e-09 -8.240973994371e-02 
 5.462800000000e-09 -2.631982104842e-01 
 5.472800000000e-09 -4.024400401040e-01 
 5.482800000000e-09 -4.708623249605e-01 
 5.492800000000e-09 -4.605996300837e-01 
 5.502800000000e-09 -3.777267587476e-01 
 5.512800000000e-09 -2.378907160837e-01 
 5.522800000000e-09 -6.318284783419e-02 
 5.532800000000e-09  1.256516364710e-01 
 5.542800000000e-09  3.000899013170e-01 
 5.552800000000e-09  4.250451349664e-01 
 5.562800000000e-09  4.753588674016e-01 
 5.572800000000e-09  4.475931826732e-01 
 5.582800000000e-09  3.498929801563e-01 
 5.592800000000e-09  2.001422233242e-01 
 5.602800000000e-09  2.025554488644e-02 
 5.612800000000e-09 -1.681930325314e-01 
 5.622800000000e-09 -3.343722235609e-01 
 5.632800000000e-09 -4.436289993384e-01 
 5.642800000000e-09 -4.757429360266e-01 
 5.652800000000e-09 -4.308798898619e-01 
 5.662800000000e-09 -3.193020114353e-01 
 5.672800000000e-09 -1.608397743471e-01 
 5.682800000000e-09  2.317253728744e-02 
 5.692800000000e-09  2.095920767931e-01 
 5.702800000000e-09  3.656036431112e-01 
 5.712800000000e-09  4.580456287333e-01 
 5.722800000000e-09  4.720501592312e-01 
 5.732800000000e-09  4.106238041505e-01 
 5.742800000000e-09  2.862560414214e-01 
 5.752800000000e-09  1.202040598662e-01 
 5.762800000000e-09 -6.676034129110e-02 
 5.772800000000e-09 -2.493711692942e-01 
 5.782800000000e-09 -3.933613163004e-01 
 5.792800000000e-09 -4.682298255240e-01 
 5.802800000000e-09 -4.643419439921e-01 
 5.812800000000e-09 -3.870070343113e-01 
 5.822800000000e-09 -2.510394534746e-01 
 5.832800000000e-09 -7.843937721609e-02 
 5.842800000000e-09  1.101588703585e-01 
 5.852800000000e-09  2.871007861200e-01 
 5.862800000000e-09  4.173707892366e-01 
 5.872800000000e-09  4.742197556230e-01 
 5.882800000000e-09  4.527085116411e-01 
 5.892800000000e-09  3.602391300794e-01 
 5.902800000000e-09  2.139123874817e-01 
 5.912800000000e-09  3.577064887536e-02 
 5.922800000000e-09 -1.529995680186e-01 
 5.932800000000e-09 -3.223707512050e-01 
 5.942800000000e-09 -4.374198337834e-01 
 5.952800000000e-09 -4.760774619440e-01 
 5.962800000000e-09 -4.373091839162e-01 
 5.972800000000e-09 -3.306038576552e-01 
 5.982800000000e-09 -1.751413371673e-01 
 5.992800000000e-09  7.515521472965e-03 
 6.002800000000e-09  1.948645704167e-01 
 6.012800000000e-09  3.547518798958e-01 
 6.022800000000e-09  4.533487379265e-01 
 6.032800000000e-09  4.738473908984e-01 
 6.042800000000e-09  4.183081942052e-01 
 6.052800000000e-09  2.984073238780e-01 
 6.062800000000e-09  1.349606238479e-01 
 6.072800000000e-09 -5.108703420643e-02 
 6.082800000000e-09 -2.352796953607e-01 
 6.092800000000e-09 -3.837973998154e-01 
 6.102800000000e-09 -4.650565955759e-01 
 6.112800000000e-09 -4.675796997122e-01 
 6.122800000000e-09 -3.958816061974e-01 
 6.132800000000e-09 -2.639424868637e-01 
 6.142800000000e-09 -9.357851081394e-02 
 6.152800000000e-09  9.459572773288e-02 
 6.162800000000e-09  2.737962834929e-01 
 6.172800000000e-09  4.091870866479e-01 
 6.182800000000e-09  4.725496384573e-01 
 6.192800000000e-09  4.573394177476e-01 
 6.202800000000e-09  3.702159628437e-01 
 6.212800000000e-09  2.274704740316e-01 
 6.222800000000e-09  5.120457822035e-02 
 6.232800000000e-09 -1.376820367719e-01 
 6.242800000000e-09 -3.099978338733e-01 
 6.252800000000e-09 -4.306794506732e-01 
 6.262800000000e-09 -4.758854715704e-01 
 6.272800000000e-09 -4.432743336102e-01 
 6.282800000000e-09 -3.415756831332e-01 
 6.292800000000e-09 -1.892614009866e-01 
 6.302800000000e-09 -8.104083340382e-03 
 6.312800000000e-09  1.799507648260e-01 
 6.322800000000e-09  3.434703543807e-01 
 6.332800000000e-09  4.481068257303e-01 
 6.342800000000e-09  4.751221462453e-01 
 6.352800000000e-09  4.255492520966e-01 
 6.362800000000e-09  3.102651418976e-01 
 6.372800000000e-09  1.495612400392e-01 
 6.382800000000e-09 -3.540628351998e-02 
 6.392800000000e-09 -2.209427437374e-01 
 6.402800000000e-09 -3.737647485791e-01 
 6.412800000000e-09 -4.613350829270e-01 
 6.422800000000e-09 -4.702905277566e-01 
 6.432800000000e-09 -4.043279508408e-01 
 6.442800000000e-09 -2.765802801913e-01 
 6.452800000000e-09 -1.085870850801e-01 
 6.462800000000e-09  7.897602526241e-02 
 6.472800000000e-09  2.601865613439e-01 
 6.482800000000e-09  4.004904868066e-01 
 6.492800000000e-09  4.703329002191e-01 
 6.502800000000e-09  4.614669009756e-01 
 6.512800000000e-09  3.798011198249e-01 
 6.522800000000e-09  2.408001792952e-01 
 6.532800000000e-09  6.654338156044e-02 
 6.542800000000e-09 -1.222565640608e-01 
 6.552800000000e-09 -2.972665683663e-01 
 6.562800000000e-09 -4.234056755299e-01 
 6.572800000000e-09 -4.751561121447e-01 
 6.582800000000e-09 -4.487596335731e-01 
 6.592800000000e-09 -3.521976096146e-01 
 6.602800000000e-09 -2.031848720616e-01 
 6.612800000000e-09 -2.366934121631e-02 
 6.622800000000e-09  1.648684965338e-01 
 6.632800000000e-09  3.317705520955e-01 
 6.642800000000e-09  4.423127472104e-01 
 6.652800000000e-09  4.758630960220e-01 
 6.662800000000e-09  4.323327634118e-01 
 6.672800000000e-09  3.218128100096e-01 
 6.682800000000e-09  1.639963074948e-01 
 6.692800000000e-09 -1.973156092056e-02 
 6.702800000000e-09 -2.063753064738e-01 
 6.712800000000e-09 -3.632592074494e-01 
 6.722800000000e-09 -4.570621886234e-01 
 6.732800000000e-09 -4.724908026254e-01 
 6.742800000000e-09 -4.123501661160e-01 
 6.752800000000e-09 -2.889500131787e-01 
 6.762800000000e-09 -1.234581757798e-01 
 6.772800000000e-09  6.331972445671e-02 
 6.782800000000e-09  2.462989756622e-01 
 6.792800000000e-09  3.913030487630e-01 
 6.802800000000e-09  4.675804969685e-01 
 6.812800000000e-09  4.650975996291e-01 
 6.822800000000e-09  3.889922062745e-01 
 6.832800000000e-09  2.538953562440e-01 
 6.842800000000e-09  8.177497436895e-02 
 6.852800000000e-09 -1.067464406590e-01 
 6.862800000000e-09 -2.842057455153e-01 
 6.872800000000e-09 -4.156176620366e-01 
 6.882800000000e-09 -4.738994964338e-01 
 6.892800000000e-09 -4.537682383522e-01 
 6.902800000000e-09 -3.624631454373e-01 
 6.912800000000e-09 -2.169091044749e-01 
 6.922800000000e-09 -3.916788805451e-02 
 6.932800000000e-09  1.496455989451e-01 
 6.942800000000e-09  3.196849881001e-01 
 6.952800000000e-09  4.359854831023e-01 
 6.962800000000e-09  4.760812272959e-01 
 6.972800000000e-09  4.386600215878e-01 
 6.982800000000e-09  3.330428506926e-01 
 6.992800000000e-09  1.782586530976e-01 
 7.002800000000e-09 -4.081270949179e-03 
 7.012800000000e-09 -1.916045587416e-01 
 7.022800000000e-09 -3.523108159928e-01 
 7.032800000000e-09 -4.522447163975e-01 
 7.042800000000e-09 -4.741728474994e-01 
 7.052800000000e-09 -4.199373422772e-01 
 7.062800000000e-09 -3.010375871363e-01 
 7.072800000000e-09 -1.381811450624e-01 
 7.082800000000e-09  4.764327118324e-02 
 7.092800000000e-09  2.321515560287e-01 
 7.102800000000e-09  3.816334042151e-01 
 7.112800000000e-09  4.642873489289e-01 
 7.122800000000e-09  4.682229956075e-01 
 7.132800000000e-09  3.977755113875e-01 
 7.142800000000e-09  2.667423564235e-01 
 7.152800000000e-09  9.688660241945e-02 
 7.162800000000e-09 -9.117011151571e-02 
 7.172800000000e-09 -2.708341537280e-01 
 7.182800000000e-09 -4.073226514977e-01 
 7.192800000000e-09 -4.721117446954e-01 
 7.202800000000e-09 -4.582911210258e-01 
 7.212800000000e-09 -3.723564975233e-01 
 7.222800000000e-09 -2.304187145449e-01 
 7.232800000000e-09 -5.458197944766e-02 
 7.242800000000e-09  1.343034845277e-01 
 7.252800000000e-09  3.072330145410e-01 
 7.262800000000e-09  4.291289846740e-01 
 7.272800000000e-09  4.757729923208e-01 
 7.282800000000e-09  4.445218098017e-01 
 7.292800000000e-09  3.439399666070e-01 
 7.302800000000e-09  1.923372681212e-01 
 7.312800000000e-09  1.152787158823e-02 
 7.322800000000e-09 -1.766527661358e-01 
 7.332800000000e-09 -3.409372848578e-01 
 7.342800000000e-09 -4.468831222155e-01 
 7.352800000000e-09 -4.753321542071e-01 
 7.362800000000e-09 -4.270795935440e-01 
 7.372800000000e-09 -3.128289624374e-01 
 7.382800000000e-09 -1.527461661531e-01 
 7.392800000000e-09  3.196303992787e-02 
 7.402800000000e-09  2.177632279045e-01 
 7.412800000000e-09  3.714981542254e-01 
 7.422800000000e-09  4.604452984385e-01 
 7.432800000000e-09  4.708197698875e-01 
 7.442800000000e-09  4.061279790877e-01 
 7.452800000000e-09  2.793212233930e-01 
 7.462800000000e-09  1.118653390450e-01 
 7.472800000000e-09 -7.554075966289e-02 
 7.482800000000e-09 -2.571610196097e-01 
 7.492800000000e-09 -3.985161546746e-01 
 7.502800000000e-09 -4.697761723838e-01 
 7.512800000000e-09 -4.623086070231e-01 
 7.522800000000e-09 -3.818549804698e-01 
 7.532800000000e-09 -2.436971867369e-01 
 7.542800000000e-09 -6.989806675664e-02 
 7.552800000000e-09  1.188575402926e-01 
 7.562800000000e-09  2.944268917673e-01 
 7.572800000000e-09  4.217404786039e-01 
 7.582800000000e-09  4.749267686723e-01 
 7.592800000000e-09  4.499018842239e-01 
 7.602800000000e-09  3.544839148534e-01 
 7.612800000000e-09  2.062169135639e-01 
 7.622800000000e-09  2.707927784821e-02 
 7.632800000000e-09 -1.615372999144e-01 
 7.642800000000e-09 -3.291498757303e-01 
 7.652800000000e-09 -4.409699920590e-01 
 7.662800000000e-09 -4.759570490976e-01 
 7.672800000000e-09 -4.337625883112e-01 
 7.682800000000e-09 -3.243073284301e-01 
 7.692800000000e-09 -1.671437696861e-01 
 7.702800000000e-09  1.629220251228e-02 
 7.712800000000e-09  2.031488080965e-01 
 7.722800000000e-09  3.608930950723e-01 
 7.732800000000e-09  4.560518559241e-01 
 7.742800000000e-09  4.729056275289e-01 
 7.752800000000e-09  4.140546546583e-01 
 7.762800000000e-09  2.916295578970e-01 
 7.772800000000e-09  1.267045123502e-01 
 7.782800000000e-09 -5.987852266291e-02 
 7.792800000000e-09 -2.432143147781e-01 
 7.802800000000e-09 -3.892212546936e-01 
 7.812800000000e-09 -4.669045515070e-01 
 7.822800000000e-09 -4.658207520037e-01 
 7.832800000000e-09 -3.909539756868e-01 
 7.842800000000e-09 -2.567465123015e-01 
 7.852800000000e-09 -8.511136072515e-02 
 7.862800000000e-09  1.033244511308e-01 
 7.872800000000e-09  2.812907619772e-01 
 7.882800000000e-09  4.138376034330e-01 
 7.892800000000e-09  4.735540165799e-01 
 7.902800000000e-09  4.548075235869e-01 
 7.912800000000e-09  3.646742743578e-01 
 7.922800000000e-09  2.199017124309e-01 
 7.932800000000e-09  4.256770816345e-02 
 7.942800000000e-09 -1.462796892872e-01 
 7.952800000000e-09 -3.169769498640e-01 
 7.962800000000e-09 -4.345236032701e-01 
 7.972800000000e-09 -4.760604252264e-01 
 7.982800000000e-09 -4.399917614199e-01 
 7.992800000000e-09 -3.354710457599e-01 
 8.002800000000e-09 -1.813734187882e-01 
 8.012800000000e-09  6.423812348804e-04 
 8.022800000000e-09  1.883297970108e-01 
 8.032800000000e-09  3.498450375416e-01 
 8.042800000000e-09  4.511129338388e-01 
 8.052800000000e-09  4.744743520870e-01 
 8.062800000000e-09  4.215487306510e-01 
 8.072800000000e-09  3.036590466882e-01 
 8.082800000000e-09  1.414004380086e-01 
 8.092800000000e-09 -4.419273804155e-02 
 8.102800000000e-09 -2.290060367936e-01 
 8.112800000000e-09 -3.794482911893e-01 
 8.122800000000e-09 -4.634879189057e-01 
 8.132800000000e-09 -4.688295432434e-01 
 8.142800000000e-09 -3.996439468085e-01 
 8.152800000000e-09 -2.695294298964e-01 
 8.162800000000e-09 -1.001933873643e-01 
 8.172800000000e-09  8.773252603217e-02 
 8.182800000000e-09  2.678453372169e-01 
 8.192800000000e-09  4.054211649511e-01 
 8.202800000000e-09  4.716373479678e-01 
 8.212800000000e-09  4.592118924405e-01 
 8.222800000000e-09  3.744757673254e-01 
 8.232800000000e-09  2.333581302280e-01 
 8.242800000000e-09  5.796112109495e-02 
 8.252800000000e-09 -1.309101877808e-01 
 8.262800000000e-09 -3.044397793123e-01 
 8.272800000000e-09 -4.275423921402e-01 
 8.282800000000e-09 -4.756268476588e-01 
 8.292800000000e-09 -4.457420014182e-01 
 8.302800000000e-09 -3.462872775769e-01 
 8.312800000000e-09 -1.954076896166e-01 
 8.322800000000e-09 -1.495638563088e-02 
 8.332800000000e-09  1.733370770633e-01 
 8.342800000000e-09  3.383739738692e-01 
 8.352800000000e-09  4.456242900772e-01 
 8.362800000000e-09  4.755109080520e-01 
 8.372800000000e-09  4.285858639952e-01 
 8.382800000000e-09  3.153795942441e-01 
 8.392800000000e-09  1.559283230983e-01 
 8.402800000000e-09 -2.851220429691e-02 
 8.412800000000e-09 -2.145632291043e-01 
 8.422800000000e-09 -3.691999337188e-01 
 8.432800000000e-09 -4.595219037009e-01 
 8.442800000000e-09 -4.713200813214e-01 
 8.452800000000e-09 -4.079069697548e-01 
 8.462800000000e-09 -2.820522406099e-01 
 8.472800000000e-09 -1.151430690919e-01 
 8.482800000000e-09  7.209537186786e-02 
 8.492800000000e-09  2.541127882640e-01 
 8.502800000000e-09  3.965097893667e-01 
 8.512800000000e-09  4.691878445627e-01 
 8.522800000000e-09  4.631239093884e-01 
 8.532800000000e-09  3.838908729873e-01 
 8.542800000000e-09  2.465871734651e-01 
 8.552800000000e-09  7.325444778398e-02 
 8.562800000000e-09 -1.154459261428e-01 
 8.572800000000e-09 -2.915626309102e-01 
 8.582800000000e-09 -4.200433782916e-01 
 8.592800000000e-09 -4.746677987187e-01 
 8.602800000000e-09 -4.510202750006e-01 
 8.612800000000e-09 -3.567554625200e-01 
 8.622800000000e-09 -2.092445433060e-01 
 8.632800000000e-09 -3.049330968060e-02 
 8.642800000000e-09  1.581908444245e-01 
 8.652800000000e-09  3.265025217733e-01 
 8.662800000000e-09  4.395955470217e-01 
 8.672800000000e-09  4.760229523307e-01 
 8.682800000000e-09  4.351709112362e-01 
 8.692800000000e-09  3.267901259430e-01 
 8.702800000000e-09  1.702890270444e-01 
 8.712800000000e-09 -1.284622874461e-02 
 8.722800000000e-09 -1.999041923075e-01 
 8.732800000000e-09 -3.584983596433e-01 
 8.742800000000e-09 -4.550105089866e-01 
 8.752800000000e-09 -4.732939376276e-01 
 8.762800000000e-09 -4.157398844543e-01 
 8.772800000000e-09 -2.943000727022e-01 
 8.782800000000e-09 -1.299504512570e-01 
 8.792800000000e-09  5.642834683466e-02 
 8.802800000000e-09  2.401091027709e-01 
 8.812800000000e-09  3.871097591801e-01 
 8.822800000000e-09  4.661989161898e-01 
 8.832800000000e-09  4.665340405365e-01 
 8.842800000000e-09  3.929047693191e-01 
 8.852800000000e-09  2.595752176129e-01 
 8.862800000000e-09  8.843487415530e-02 
 8.872800000000e-09 -9.990464264870e-02 
 8.882800000000e-09 -2.783632847530e-01 
 8.892800000000e-09 -4.120320612379e-01 
 8.902800000000e-09 -4.731787147724e-01 
 8.912800000000e-09 -4.558169095249e-01 
 8.922800000000e-09 -3.668595898719e-01 
 8.932800000000e-09 -2.228761255430e-01 
 8.942800000000e-09 -4.595653682903e-02 
 8.952800000000e-09  1.429131523378e-01 
 8.962800000000e-09  3.142535973242e-01 
 8.972800000000e-09  4.330351572896e-01 
 8.982800000000e-09  4.760102453761e-01 
 8.992800000000e-09  4.412948499299e-01 
 9.002800000000e-09  3.378758210356e-01 
 9.012800000000e-09  1.844720217987e-01 
 9.022800000000e-09  2.787975919346e-03 
 9.032800000000e-09 -1.850512081436e-01 
 9.042800000000e-09 -3.473609310290e-01 
 9.052800000000e-09 -4.499538369913e-01 
 9.062800000000e-09 -4.747468288219e-01 
 9.072800000000e-09 -4.231327659495e-01 
 9.082800000000e-09 -3.062592303237e-01 
 9.092800000000e-09 -1.446051691343e-01 
 9.102800000000e-09  4.074829976124e-02 
 9.112800000000e-09  2.258534996760e-01 
 9.122800000000e-09  3.772370518882e-01 
 9.132800000000e-09  4.626635938776e-01 
 9.142800000000e-09  4.694206666458e-01 
 9.152800000000e-09  4.014952340609e-01 
 9.162800000000e-09  2.723028506436e-01 
 9.172800000000e-09  1.034885888433e-01 
 9.182800000000e-09 -8.430144229419e-02 
 9.192800000000e-09 -2.648533640769e-01 
 9.202800000000e-09 -4.035062981856e-01 
 9.212800000000e-09 -4.711454295607e-01 
 9.222800000000e-09 -4.601138122213e-01 
 9.232800000000e-09 -3.765774135087e-01 
 9.242800000000e-09 -2.362836922613e-01 
 9.252800000000e-09 -6.132909677241e-02 
 9.262800000000e-09  1.275212495642e-01 
 9.272800000000e-09  3.016401196655e-01 
 9.282800000000e-09  4.259396616788e-01 
 9.292800000000e-09  4.754615234333e-01 
 9.302800000000e-09  4.469422069172e-01 
 9.312800000000e-09  3.486169281282e-01 
 9.322800000000e-09  1.984644065732e-01 
 9.332800000000e-09  1.837489660013e-02 
 9.342800000000e-09 -1.700229537742e-01 
 9.352800000000e-09 -3.358005080430e-01 
 9.362800000000e-09 -4.443461556582e-01 
 9.372800000000e-09 -4.756688632375e-01 
 9.382800000000e-09 -4.300725255437e-01 
 9.392800000000e-09 -3.179137131894e-01 
 9.402800000000e-09 -1.590976706155e-01 
 9.412800000000e-09  2.506944705351e-02 
 9.422800000000e-09  2.113616715604e-01 
 9.432800000000e-09  3.668884736936e-01 
 9.442800000000e-09  4.585787354896e-01 
 9.452800000000e-09  4.717990568741e-01 
 9.462800000000e-09  4.096654871665e-01 
 9.472800000000e-09  2.847670416846e-01 
 9.482800000000e-09  1.184082429724e-01 
 9.492800000000e-09 -6.865626409347e-02 
 9.502800000000e-09 -2.510599870705e-01 
 9.512800000000e-09 -3.944873614039e-01 
 9.522800000000e-09 -4.685785172331e-01 
 9.532800000000e-09 -4.639169795272e-01 
 9.542800000000e-09 -3.859062122759e-01 
 9.552800000000e-09 -2.494614484354e-01 
 9.562800000000e-09 -7.659900582541e-02 
 9.572800000000e-09  1.120384666658e-01 
 9.582800000000e-09  2.886908100227e-01 
 9.592800000000e-09  4.183279549821e-01 
 9.602800000000e-09  4.743869076763e-01 
 9.612800000000e-09  4.521160144364e-01 
 9.622800000000e-09  3.590070057060e-01 
 9.632800000000e-09  2.122571886822e-01 
 9.642800000000e-09  3.389682107466e-02 
 9.652800000000e-09 -1.548458753737e-01 
 9.662800000000e-09 -3.238442322389e-01 
 9.672800000000e-09 -4.382006129842e-01 
 9.682800000000e-09 -4.760658513927e-01 
 9.692800000000e-09 -4.365563230673e-01 
 9.702800000000e-09 -3.292537766433e-01 
 9.712800000000e-09 -1.734200436495e-01 
 9.722800000000e-09  9.408961298408e-03 
 9.732800000000e-09  1.966578583041e-01 
 9.742800000000e-09  3.560891751140e-01 
 9.752800000000e-09  4.539469901271e-01 
 9.762800000000e-09  4.736582981479e-01 
 9.772800000000e-09  4.174021269008e-01 
 9.782800000000e-09  2.969523298804e-01 
 9.792800000000e-09  1.331828196564e-01 
 9.802800000000e-09 -5.298490221663e-02 
 9.812800000000e-09 -2.369990678230e-01 
 9.822800000000e-09 -3.849809869850e-01 
 9.832800000000e-09 -4.654701661904e-01 
 9.842800000000e-09 -4.672154693424e-01 
 9.852800000000e-09 -3.948299207132e-01 
 9.862800000000e-09 -2.623945512560e-01 
 9.872800000000e-09 -9.175285069822e-02 
 9.882800000000e-09  9.648271096846e-02 
 9.892800000000e-09  2.754230980021e-01 
 9.902800000000e-09  4.102049069601e-01 
 9.912800000000e-09  4.727806468929e-01 
 9.922800000000e-09  4.568054129525e-01 
 9.932800000000e-09  3.690288865122e-01 
 9.942800000000e-09  2.258413231945e-01 
 9.952800000000e-09  4.934132652622e-02 
 9.962800000000e-09 -1.395420839591e-01 
 9.972800000000e-09 -3.115147658049e-01 
 9.982800000000e-09 -4.315236878702e-01 
 9.992800000000e-09 -4.759371456130e-01 
 1.000000000000e-08 -4.590413991418e-01 
