 1.628000000000e-10  2.388533884717e-02 
 1.728000000000e-10  1.532057576527e-02 
 1.828000000000e-10  4.790886647791e-03 
 1.928000000000e-10 -6.566664698579e-03 
 2.028000000000e-10 -1.749007508253e-02 
 2.128000000000e-10 -2.672827755261e-02 
 2.228000000000e-10 -3.318649299766e-02 
 2.328000000000e-10 -3.605576284410e-02 
 2.428000000000e-10 -3.491626251186e-02 
 2.528000000000e-10 -2.979175268563e-02 
 2.628000000000e-10 -2.115833734504e-02 
 2.728000000000e-10 -9.898765565092e-03 
 2.828000000000e-10  2.784485804931e-03 
 2.928000000000e-10  1.549564247154e-02 
 3.028000000000e-10  2.679309250809e-02 
 3.128000000000e-10  3.535632156605e-02 
 3.228000000000e-10  4.014145526865e-02 
 3.328000000000e-10  4.050695074189e-02 
 3.428000000000e-10  3.629588678654e-02 
 3.528000000000e-10  2.786665224464e-02 
 3.628000000000e-10  1.606026085202e-02 
 3.728000000000e-10  2.117362361266e-03 
 3.828000000000e-10 -1.244465406744e-02 
 3.928000000000e-10 -2.599074545590e-02 
 4.028000000000e-10 -3.695536231781e-02 
 4.128000000000e-10 -4.402297806467e-02 
 4.228000000000e-10 -4.628797160538e-02 
 4.328000000000e-10 -4.336830574396e-02 
 4.428000000000e-10 -3.546276751437e-02 
 4.528000000000e-10 -2.333660568359e-02 
 4.628000000000e-10 -8.246772726308e-03 
 4.728000000000e-10  8.182921624760e-03 
 4.828000000000e-10  2.412889359676e-02 
 4.928000000000e-10  3.776888622427e-02 
 5.028000000000e-10  4.749010002956e-02 
 5.128000000000e-10  5.208468217205e-02 
 5.228000000000e-10  5.089909208026e-02 
 5.328000000000e-10  4.392190972952e-02 
 5.428000000000e-10  3.179527949989e-02 
 5.528000000000e-10  1.575036691786e-02 
 5.628000000000e-10 -2.509670035721e-03 
 5.728000000000e-10 -2.097902672496e-02 
 5.828000000000e-10 -3.756838264448e-02 
 5.928000000000e-10 -5.033897496042e-02 
 6.028000000000e-10 -5.773633560556e-02 
 6.128000000000e-10 -5.878094121014e-02 
 6.228000000000e-10 -5.319553568003e-02 
 6.328000000000e-10 -4.144815780324e-02 
 6.428000000000e-10 -2.470754897181e-02 
 6.528000000000e-10 -4.728175318871e-03 
 6.628000000000e-10  1.632323060427e-02 
 6.728000000000e-10  3.609204663586e-02 
 6.828000000000e-10  5.229475841865e-02 
 6.928000000000e-10  6.298928687152e-02 
 7.028000000000e-10  6.681652245019e-02 
 7.128000000000e-10  6.317325703861e-02 
 7.228000000000e-10  5.229083476002e-02 
 7.328000000000e-10  3.521772647617e-02 
 7.428000000000e-10  1.371536310479e-02 
 7.528000000000e-10 -9.913981647431e-03 
 7.628000000000e-10 -3.305733015208e-02 
 7.728000000000e-10 -5.306978425516e-02 
 7.828000000000e-10 -6.758221374267e-02 
 7.928000000000e-10 -7.479684065360e-02 
 8.028000000000e-10 -7.371423105979e-02 
 8.128000000000e-10 -6.426203374809e-02 
 8.228000000000e-10 -4.731046254967e-02 
 8.328000000000e-10 -2.457895171818e-02 
 8.428000000000e-10  1.531349611101e-03 
 8.528000000000e-10  2.816950814236e-02 
 8.628000000000e-10  5.232672675385e-02 
 8.728000000000e-10  7.117628334338e-02 
 8.828000000000e-10  8.242215091970e-02 
 8.928000000000e-10  8.459635937109e-02 
 9.028000000000e-10  7.724702411006e-02 
 9.128000000000e-10  6.098976315833e-02 
 9.228000000000e-10  3.743901397079e-02 
 9.328000000000e-10  9.048186032615e-03 
 9.428000000000e-10 -2.112390285504e-02 
 9.528000000000e-10 -4.971096942485e-02 
 9.628000000000e-10 -7.340412398830e-02 
 9.728000000000e-10 -8.935439697606e-02 
 9.828000000000e-10 -9.554661463035e-02 
 9.928000000000e-10 -9.105905697275e-02 
 1.002800000000e-09 -7.617338022642e-02 
 1.012800000000e-09 -5.233412067563e-02 
 1.022800000000e-09 -2.198987318271e-02 
 1.032800000000e-09  1.163676113962e-02 
 1.042800000000e-09  4.484617588692e-02 
 1.052800000000e-09  7.384023923128e-02 
 1.062800000000e-09  9.517110151637e-02 
 1.072800000000e-09  1.061940105373e-01 
 1.082800000000e-09  1.054230790105e-01 
 1.092800000000e-09  9.271325035546e-02 
 1.102800000000e-09  6.925445386120e-02 
 1.112800000000e-09  3.742362437285e-02 
 1.122800000000e-09  5.532881823038e-04 
 1.132800000000e-09 -3.736127413382e-02 
 1.142800000000e-09 -7.204076112143e-02 
 1.152800000000e-09 -9.940397320991e-02 
 1.162800000000e-09 -1.161013019497e-01 
 1.172800000000e-09 -1.199799497037e-01 
 1.182800000000e-09 -1.103598696831e-01 
 1.192800000000e-09 -8.808431718921e-02 
 1.202800000000e-09 -5.538529396598e-02 
 1.212800000000e-09 -1.564192345006e-02 
 1.222800000000e-09  2.690956516343e-02 
 1.232800000000e-09  6.754099253844e-02 
 1.242800000000e-09  1.015260417242e-01 
 1.252800000000e-09  1.247443463422e-01 
 1.262800000000e-09  1.342669073698e-01 
 1.272800000000e-09  1.287591273709e-01 
 1.282800000000e-09  1.086110684236e-01 
 1.292800000000e-09  7.582230918549e-02 
 1.302800000000e-09  3.374760194145e-02 
 1.312800000000e-09 -1.320110939513e-02 
 1.322800000000e-09 -5.989936442020e-02 
 1.332800000000e-09 -1.009892102133e-01 
 1.342800000000e-09 -1.315321929215e-01 
 1.352800000000e-09 -1.477207192328e-01 
 1.362800000000e-09 -1.474344987550e-01 
 1.372800000000e-09 -1.304855968156e-01 
 1.382800000000e-09 -9.854427704904e-02 
 1.392800000000e-09 -5.486507323338e-02 
 1.402800000000e-09 -3.962131877733e-03 
 1.412800000000e-09  4.871864195398e-02 
 1.422800000000e-09  9.723578344042e-02 
 1.432800000000e-09  1.358166200843e-01 
 1.442800000000e-09  1.596842612740e-01 
 1.452800000000e-09  1.657939111292e-01 
 1.462800000000e-09  1.532352734987e-01 
 1.472800000000e-09  1.232328537272e-01 
 1.482800000000e-09  7.885771483707e-02 
 1.492800000000e-09  2.465219482304e-02 
 1.502800000000e-09 -3.370255014785e-02 
 1.512800000000e-09 -8.976131075813e-02 
 1.522800000000e-09 -1.369406346780e-01 
 1.532800000000e-09 -1.694304661441e-01 
 1.542800000000e-09 -1.831267544848e-01 
 1.552800000000e-09 -1.762378307768e-01 
 1.562800000000e-09 -1.494046095002e-01 
 1.572800000000e-09 -1.054191940427e-01 
 1.582800000000e-09 -4.877972284641e-02 
 1.592800000000e-09  1.468728564059e-02 
 1.602800000000e-09  7.814239292527e-02 
 1.612800000000e-09  1.342646849884e-01 
 1.622800000000e-09  1.761893265532e-01 
 1.632800000000e-09  1.986330788768e-01 
 1.642800000000e-09  1.987517153615e-01 
 1.652800000000e-09  1.764380611033e-01 
 1.662800000000e-09  1.340874153249e-01 
 1.672800000000e-09  7.608101279235e-02 
 1.682800000000e-09  8.311755242134e-03 
 1.692800000000e-09 -6.210901180591e-02 
 1.702800000000e-09 -1.272438853554e-01 
 1.712800000000e-09 -1.792088408525e-01 
 1.722800000000e-09 -2.114567499478e-01 
 1.732800000000e-09 -2.199219280970e-01 
 1.742800000000e-09 -2.035629043223e-01 
 1.752800000000e-09 -1.642311425086e-01 
 1.762800000000e-09 -1.061064714315e-01 
 1.772800000000e-09 -3.508344672070e-02 
 1.782800000000e-09  4.157221791752e-02 
 1.792800000000e-09  1.154682427834e-01 
 1.802800000000e-09  1.778045533692e-01 
 1.812800000000e-09  2.207387340192e-01 
 1.822800000000e-09  2.388322146033e-01 
 1.832800000000e-09  2.299072259387e-01 
 1.842800000000e-09  1.950897442828e-01 
 1.852800000000e-09  1.382454077178e-01 
 1.862800000000e-09  6.521698425915e-02 
 1.872800000000e-09 -1.666538813367e-02 
 1.882800000000e-09 -9.873120733764e-02 
 1.892800000000e-09 -1.714359446252e-01 
 1.902800000000e-09 -2.256830056545e-01 
 1.912800000000e-09 -2.545488404911e-01 
 1.922800000000e-09 -2.545184619057e-01 
 1.932800000000e-09 -2.257841261582e-01 
 1.942800000000e-09 -1.717438051263e-01 
 1.952800000000e-09 -9.812361474756e-02 
 1.962800000000e-09 -1.226370718562e-02 
 1.972800000000e-09  7.704842921122e-02 
 1.982800000000e-09  1.597494722841e-01 
 1.992800000000e-09  2.256164937383e-01 
 2.002800000000e-09  2.661890227406e-01 
 2.012800000000e-09  2.764274642323e-01 
 2.022800000000e-09  2.553671390023e-01 
 2.032800000000e-09  2.057454607128e-01 
 2.042800000000e-09  1.330711107625e-01 
 2.052800000000e-09  4.466582915784e-02 
 2.062800000000e-09 -5.067883690023e-02 
 2.072800000000e-09 -1.426277865559e-01 
 2.082800000000e-09 -2.200472012080e-01 
 2.092800000000e-09 -2.729733579306e-01 
 2.102800000000e-09 -2.946927515114e-01 
 2.112800000000e-09 -2.828547519641e-01 
 2.122800000000e-09 -2.393188594819e-01 
 2.132800000000e-09 -1.692232959988e-01 
 2.142800000000e-09 -7.983661117116e-02 
 2.152800000000e-09  2.009707227174e-02 
 2.162800000000e-09  1.201956619598e-01 
 2.172800000000e-09  2.087023136058e-01 
 2.182800000000e-09  2.742833027794e-01 
 2.192800000000e-09  3.084651217867e-01 
 2.202800000000e-09  3.072878166174e-01 
 2.212800000000e-09  2.715023210445e-01 
 2.222800000000e-09  2.056796844864e-01 
 2.232800000000e-09  1.169597992668e-01 
 2.242800000000e-09  1.403592073104e-02 
 2.252800000000e-09 -9.282089706104e-02 
 2.262800000000e-09 -1.915544603462e-01 
 2.272800000000e-09 -2.696987831849e-01 
 2.282800000000e-09 -3.170273193589e-01 
 2.292800000000e-09 -3.277758321864e-01 
 2.302800000000e-09 -3.013432142635e-01 
 2.312800000000e-09 -2.415135124497e-01 
 2.322800000000e-09 -1.551607084601e-01 
 2.332800000000e-09 -5.093377092005e-02 
 2.342800000000e-09  6.107693674706e-02 
 2.352800000000e-09  1.688217299011e-01 
 2.362800000000e-09  2.590305539820e-01 
 2.372800000000e-09  3.198412327587e-01 
 2.382800000000e-09  3.435490951727e-01 
 2.392800000000e-09  3.279504599370e-01 
 2.402800000000e-09  2.758121132401e-01 
 2.412800000000e-09  1.935480794278e-01 
 2.422800000000e-09  8.973792288619e-02 
 2.432800000000e-09 -2.569913797427e-02 
 2.442800000000e-09 -1.409515651558e-01 
 2.452800000000e-09 -2.423303938341e-01 
 2.462800000000e-09 -3.165716119513e-01 
 2.472800000000e-09 -3.539863802274e-01 
 2.482800000000e-09 -3.505306536414e-01 
 2.492800000000e-09 -3.077097023801e-01 
 2.502800000000e-09 -2.312526634150e-01 
 2.512800000000e-09 -1.295771624827e-01 
 2.522800000000e-09 -1.248339631213e-02 
 2.532800000000e-09  1.085764795124e-01 
 2.542800000000e-09  2.198826470895e-01 
 2.552800000000e-09  3.071054415309e-01 
 2.562800000000e-09  3.586440559634e-01 
 2.572800000000e-09  3.684180640420e-01 
 2.582800000000e-09  3.364166856253e-01 
 2.592800000000e-09  2.674519409620e-01 
 2.602800000000e-09  1.696056896879e-01 
 2.612800000000e-09  5.260635152435e-02 
 2.622800000000e-09 -7.246076842885e-02 
 2.632800000000e-09 -1.921723120073e-01 
 2.642800000000e-09 -2.915430238923e-01 
 2.652800000000e-09 -3.572600581512e-01 
 2.662800000000e-09 -3.810858378355e-01 
 2.672800000000e-09 -3.612415445712e-01 
 2.682800000000e-09 -3.013839282087e-01 
 2.692800000000e-09 -2.090296616300e-01 
 2.702800000000e-09 -9.382436385777e-02 
 2.712800000000e-09  3.343613312656e-02 
 2.722800000000e-09  1.598377251150e-01 
 2.732800000000e-09  2.701801507685e-01 
 2.742800000000e-09  3.497554891928e-01 
 2.752800000000e-09  3.881578616896e-01 
 2.762800000000e-09  3.816036642642e-01 
 2.772800000000e-09  3.323516465643e-01 
 2.782800000000e-09  2.471146223908e-01 
 2.792800000000e-09  1.353415638611e-01 
 2.802800000000e-09  7.652941188240e-03 
 2.812800000000e-09 -1.236198159494e-01 
 2.822800000000e-09 -2.434777089774e-01 
 2.832800000000e-09 -3.362235753646e-01 
 2.842800000000e-09 -3.894056293333e-01 
 2.852800000000e-09 -3.970357636288e-01 
 2.862800000000e-09 -3.597383930882e-01 
 2.872800000000e-09 -2.831897913081e-01 
 2.882800000000e-09 -1.764301399953e-01 
 2.892800000000e-09 -4.999411953987e-02 
 2.902800000000e-09  8.431484378174e-02 
 2.912800000000e-09  2.120291998193e-01 
 2.922800000000e-09  3.169179553551e-01 
 2.932800000000e-09  3.847429516374e-01 
 2.942800000000e-09  4.071886071144e-01 
 2.952800000000e-09  3.830158918322e-01 
 2.962800000000e-09  3.166327214549e-01 
 2.972800000000e-09  2.164213737894e-01 
 2.982800000000e-09  9.282735744355e-02 
 2.992800000000e-09 -4.273308732432e-02 
 3.002800000000e-09 -1.765171088716e-01 
 3.012800000000e-09 -2.922239855927e-01 
 3.022800000000e-09 -3.742063565928e-01 
 3.032800000000e-09 -4.118204983965e-01 
 3.042800000000e-09 -4.017364754001e-01 
 3.052800000000e-09 -3.468701057381e-01 
 3.062800000000e-09 -2.547073530002e-01 
 3.072800000000e-09 -1.354675721174e-01 
 3.082800000000e-09 -3.481819949553e-04 
 3.092800000000e-09  1.376686484928e-01 
 3.102800000000e-09  2.626382612574e-01 
 3.112800000000e-09  3.579571838617e-01 
 3.122800000000e-09  4.108035794267e-01 
 3.132800000000e-09  4.155458592758e-01 
 3.142800000000e-09  3.733997081051e-01 
 3.152800000000e-09  2.907316023475e-01 
 3.162800000000e-09  1.772986037141e-01 
 3.172800000000e-09  4.420255992159e-02 
 3.182800000000e-09 -9.623373148524e-02 
 3.192800000000e-09 -2.287543315048e-01 
 3.202800000000e-09 -3.362836194933e-01 
 3.212800000000e-09 -4.041182424989e-01 
 3.222800000000e-09 -4.241821704849e-01 
 3.232800000000e-09 -3.957883946857e-01 
 3.242800000000e-09 -3.239654354854e-01 
 3.252800000000e-09 -2.177524937951e-01 
 3.262800000000e-09 -8.815947216718e-02 
 3.272800000000e-09  5.296183853800e-02 
 3.282800000000e-09  1.912314760094e-01 
 3.292800000000e-09  3.095776419036e-01 
 3.302800000000e-09  3.918316503378e-01 
 3.312800000000e-09  4.274603432209e-01 
 3.322800000000e-09  4.136584585973e-01 
 3.332800000000e-09  3.539118669430e-01 
 3.342800000000e-09  2.563096099882e-01 
 3.352800000000e-09  1.316223986786e-01 
 3.362800000000e-09 -8.559192620634e-03 
 3.372800000000e-09 -1.507501722365e-01 
 3.382800000000e-09 -2.783136427788e-01 
 3.392800000000e-09 -3.741030650825e-01 
 3.402800000000e-09 -4.252822189373e-01 
 3.412800000000e-09 -4.267071329993e-01 
 3.422800000000e-09 -3.801347469269e-01 
 3.432800000000e-09 -2.924904510245e-01 
 3.442800000000e-09 -1.740596901637e-01 
 3.452800000000e-09 -3.632419146640e-02 
 3.462800000000e-09  1.079991233131e-01 
 3.472800000000e-09  2.430483203308e-01 
 3.482800000000e-09  3.512056102633e-01 
 3.492800000000e-09  4.176437614623e-01 
 3.502800000000e-09  4.347107221058e-01 
 3.512800000000e-09  4.022532388788e-01 
 3.522800000000e-09  3.258266052621e-01 
 3.532800000000e-09  2.149734284927e-01 
 3.542800000000e-09  8.108543204346e-02 
 3.552800000000e-09 -6.367018332649e-02 
 3.562800000000e-09 -2.044026141137e-01 
 3.572800000000e-09 -3.235101864182e-01 
 3.582800000000e-09 -4.046113986516e-01 
 3.592800000000e-09 -4.375054068668e-01 
 3.602800000000e-09 -4.199267058353e-01 
 3.612800000000e-09 -3.558683949348e-01 
 3.622800000000e-09 -2.539024844815e-01 
 3.632800000000e-09 -1.251878119790e-01 
 3.642800000000e-09  1.841769429960e-02 
 3.652800000000e-09  1.630162805842e-01 
 3.662800000000e-09  2.914603929882e-01 
 3.672800000000e-09  3.863248821211e-01 
 3.682800000000e-09  4.349961009583e-01 
 3.692800000000e-09  4.328730348908e-01 
 3.702800000000e-09  3.822149686748e-01 
 3.712800000000e-09  2.904159277597e-01 
 3.722800000000e-09  1.681547303689e-01 
 3.732800000000e-09  2.716065273680e-02 
 3.742800000000e-09 -1.195283433429e-01 
 3.752800000000e-09 -2.555710385424e-01 
 3.762800000000e-09 -3.630245261284e-01 
 3.772800000000e-09 -4.271718802150e-01 
 3.782800000000e-09 -4.408824365077e-01 
 3.792800000000e-09 -4.045145203478e-01 
 3.802800000000e-09 -3.240861635321e-01 
 3.812800000000e-09 -2.095362676741e-01 
 3.822800000000e-09 -7.250863080626e-02 
 3.832800000000e-09  7.458544250216e-02 
 3.842800000000e-09  2.164266366725e-01 
 3.852800000000e-09  3.350545198976e-01 
 3.862800000000e-09  4.140907142504e-01 
 3.872800000000e-09  4.437979747881e-01 
 3.882800000000e-09  4.224457658411e-01 
 3.892800000000e-09  3.544917532980e-01 
 3.902800000000e-09  2.489074388794e-01 
 3.912800000000e-09  1.171247616303e-01 
 3.922800000000e-09 -2.880942565270e-02 
 3.932800000000e-09 -1.746378471608e-01 
 3.942800000000e-09 -3.028306828854e-01 
 3.952800000000e-09 -3.958707474904e-01 
 3.962800000000e-09 -4.415186985678e-01 
 3.972800000000e-09 -4.357331097197e-01 
 3.982800000000e-09 -3.812505285460e-01 
 3.992800000000e-09 -2.858703103898e-01 
 4.002800000000e-09 -1.605671758253e-01 
 4.012800000000e-09 -1.723399040958e-02 
 4.022800000000e-09  1.308098628709e-01 
 4.032800000000e-09  2.668324657842e-01 
 4.042800000000e-09  3.727192834527e-01 
 4.052800000000e-09  4.340199850791e-01 
 4.062800000000e-09  4.441726660577e-01 
 4.072800000000e-09  4.040275535030e-01 
 4.082800000000e-09  3.200210654370e-01 
 4.092800000000e-09  2.024143325988e-01 
 4.102800000000e-09  6.301541001794e-02 
 4.112800000000e-09 -8.555800520513e-02 
 4.122800000000e-09 -2.276128265927e-01 
 4.132800000000e-09 -3.449512578113e-01 
 4.142800000000e-09 -4.213466708873e-01 
 4.152800000000e-09 -4.476015244427e-01 
 4.162800000000e-09 -4.225083183599e-01 
 4.172800000000e-09 -3.509582540878e-01 
 4.182800000000e-09 -2.422650451155e-01 
 4.192800000000e-09 -1.080537623253e-01 
 4.202800000000e-09  3.948372154650e-02 
 4.212800000000e-09  1.857616382177e-01 
 4.222800000000e-09  3.129595813852e-01 
 4.232800000000e-09  4.035997548644e-01 
 4.242800000000e-09  4.459131457172e-01 
 4.252800000000e-09  4.364211784630e-01 
 4.262800000000e-09  3.783083833459e-01 
 4.272800000000e-09  2.797387326717e-01 
 4.282800000000e-09  1.519230440206e-01 
 4.292800000000e-09  6.860683851903e-03 
 4.302800000000e-09 -1.418655771202e-01 
 4.312800000000e-09 -2.771968504901e-01 
 4.322800000000e-09 -3.809567748743e-01 
 4.332800000000e-09 -4.390663870833e-01 
 4.342800000000e-09 -4.455524394517e-01 
 4.352800000000e-09 -4.017407232921e-01 
 4.362800000000e-09 -3.144541431597e-01 
 4.372800000000e-09 -1.942239747445e-01 
 4.382800000000e-09 -5.296495494719e-02 
 4.392800000000e-09  9.651490650765e-02 
 4.402800000000e-09  2.381866164768e-01 
 4.412800000000e-09  3.537029265708e-01 
 4.422800000000e-09  4.270927085075e-01 
 4.432800000000e-09  4.497406358672e-01 
 4.442800000000e-09  4.209490349641e-01 
 4.452800000000e-09  3.460196040015e-01 
 4.462800000000e-09  2.345677456702e-01 
 4.472800000000e-09  9.835589796600e-02 
 4.482800000000e-09 -5.029974418380e-02 
 4.492800000000e-09 -1.965030146780e-01 
 4.502800000000e-09 -3.222103356135e-01 
 4.512800000000e-09 -4.100780834462e-01 
 4.522800000000e-09 -4.488687116149e-01 
 4.532800000000e-09 -4.356577157428e-01 
 4.542800000000e-09 -3.740644087225e-01 
 4.552800000000e-09 -2.725844828833e-01 
 4.562800000000e-09 -1.426138022842e-01 
 4.572800000000e-09  3.768208748024e-03 
 4.582800000000e-09  1.527223204926e-01 
 4.592800000000e-09  2.869101989575e-01 
 4.602800000000e-09  3.881746280764e-01 
 4.612800000000e-09  4.428794911342e-01 
 4.622800000000e-09  4.456450121722e-01 
 4.632800000000e-09  3.982587808273e-01 
 4.642800000000e-09  3.079061971838e-01 
 4.652800000000e-09  1.853505826216e-01 
 4.662800000000e-09  4.257696361211e-02 
 4.672800000000e-09 -1.074193354964e-01 
 4.682800000000e-09 -2.483012013483e-01 
 4.692800000000e-09 -3.616380877760e-01 
 4.702800000000e-09 -4.317887843860e-01 
 4.712800000000e-09 -4.507424033902e-01 
 4.722800000000e-09 -4.182981688257e-01 
 4.732800000000e-09 -3.401502896090e-01 
 4.742800000000e-09 -2.261859437005e-01 
 4.752800000000e-09 -8.826573026162e-02 
 4.762800000000e-09  6.117570483914e-02 
 4.772800000000e-09  2.069426849956e-01 
 4.782800000000e-09  3.308202857579e-01 
 4.792800000000e-09  4.156696951697e-01 
 4.802800000000e-09  4.508246147363e-01 
 4.812800000000e-09  4.339033585088e-01 
 4.822800000000e-09  3.689456565148e-01 
 4.832800000000e-09  2.647554147732e-01 
 4.842800000000e-09  1.328776404672e-01 
 4.852800000000e-09 -1.454129922105e-02 
 4.862800000000e-09 -1.634056157363e-01 
 4.872800000000e-09 -2.961351001616e-01 
 4.882800000000e-09 -3.946540712769e-01 
 4.892800000000e-09 -4.458197526173e-01 
 4.902800000000e-09 -4.448422716485e-01 
 4.912800000000e-09 -3.939592814325e-01 
 4.922800000000e-09 -3.006995984147e-01 
 4.932800000000e-09 -1.760293491570e-01 
 4.942800000000e-09 -3.198197498682e-02 
 4.952800000000e-09  1.182551854239e-01 
 4.962800000000e-09  2.580590501275e-01 
 4.972800000000e-09  3.689680076029e-01 
 4.982800000000e-09  4.357265080525e-01 
 4.992800000000e-09  4.509379194504e-01 
 5.002800000000e-09  4.148864289186e-01 
 5.012800000000e-09  3.336438978777e-01 
 5.022800000000e-09  2.173460924326e-01 
 5.032800000000e-09  7.792386937383e-02 
 5.042800000000e-09 -7.206627207251e-02 
 5.052800000000e-09 -2.171364870038e-01 
 5.062800000000e-09 -3.389424746728e-01 
 5.072800000000e-09 -4.206060754877e-01 
 5.082800000000e-09 -4.520566076084e-01 
 5.092800000000e-09 -4.314433856055e-01 
 5.102800000000e-09 -3.632153919884e-01 
 5.112800000000e-09 -2.564650967865e-01 
 5.122800000000e-09 -1.228586832738e-01 
 5.132800000000e-09  2.539330058631e-02 
 5.142800000000e-09  1.739350887810e-01 
 5.152800000000e-09  3.049760487458e-01 
 5.162800000000e-09  4.005727972617e-01 
 5.172800000000e-09  4.481128783038e-01 
 5.182800000000e-09  4.433881518897e-01 
 5.192800000000e-09  3.890759771003e-01 
 5.202800000000e-09  2.930327465525e-01 
 5.212800000000e-09  1.664032344491e-01 
 5.222800000000e-09  2.125776232773e-02 
 5.232800000000e-09 -1.290152892678e-01 
 5.242800000000e-09 -2.675262324267e-01 
 5.252800000000e-09 -3.758260234469e-01 
 5.262800000000e-09 -4.390884794813e-01 
 5.272800000000e-09 -4.505332752436e-01 
 5.282800000000e-09 -4.109186466092e-01 
 5.292800000000e-09 -3.266811969433e-01 
 5.302800000000e-09 -2.081861635992e-01 
 5.312800000000e-09 -6.741479474358e-02 
 5.322800000000e-09  8.294556208009e-02 
 5.332800000000e-09  2.271209018515e-01 
 5.342800000000e-09  3.466735348562e-01 
 5.352800000000e-09  4.250317972342e-01 
 5.362800000000e-09  4.527364920517e-01 
 5.372800000000e-09  4.284555423273e-01 
 5.382800000000e-09  3.570365766616e-01 
 5.392800000000e-09  2.478446913196e-01 
 5.402800000000e-09  1.126444140410e-01 
 5.412800000000e-09 -3.628543296448e-02 
 5.422800000000e-09 -1.843244082128e-01 
 5.432800000000e-09 -3.134993287152e-01 
 5.442800000000e-09 -4.060425956467e-01 
 5.452800000000e-09 -4.499000634121e-01 
 5.462800000000e-09 -4.414346086458e-01 
 5.472800000000e-09 -3.837538847155e-01 
 5.482800000000e-09 -2.850278978242e-01 
 5.492800000000e-09 -1.565596908224e-01 
 5.502800000000e-09 -1.045178266664e-02 
 5.512800000000e-09  1.396956093801e-01 
 5.522800000000e-09  2.767440624680e-01 
 5.532800000000e-09  3.822954986055e-01 
 5.542800000000e-09  4.419888545370e-01 
 5.552800000000e-09  4.496570588794e-01 
 5.562800000000e-09  4.065223842077e-01 
 5.572800000000e-09  3.193744311468e-01 
 5.582800000000e-09  1.987911646444e-01 
 5.592800000000e-09  5.679035978987e-02 
 5.602800000000e-09 -9.379751516568e-02 
 5.612800000000e-09 -2.369183698175e-01 
 5.622800000000e-09 -3.540735780207e-01 
 5.632800000000e-09 -4.290374205135e-01 
 5.642800000000e-09 -4.529715120447e-01 
 5.652800000000e-09 -4.250503388022e-01 
 5.662800000000e-09 -3.505103225347e-01 
 5.672800000000e-09 -2.389751542520e-01 
 5.682800000000e-09 -1.022886228142e-01 
 5.692800000000e-09  4.719354244926e-02 
 5.702800000000e-09  1.945815621455e-01 
 5.712800000000e-09  3.217456347098e-01 
 5.722800000000e-09  4.111328915335e-01 
 5.732800000000e-09  4.512691312086e-01 
 5.742800000000e-09  4.390761853872e-01 
 5.752800000000e-09  3.780831910946e-01 
 5.762800000000e-09  2.767611494959e-01 
 5.772800000000e-09  1.465527726870e-01 
 5.782800000000e-09 -4.064983723158e-04 
 5.792800000000e-09 -1.502930097242e-01 
 5.802800000000e-09 -2.857373640602e-01 
 5.812800000000e-09 -3.884277496104e-01 
 5.822800000000e-09 -4.444984966414e-01 
 5.832800000000e-09 -4.483892545261e-01 
 5.842800000000e-09 -4.017770752178e-01 
 5.852800000000e-09 -3.117934704305e-01 
 5.862800000000e-09 -1.892136834147e-01 
 5.872800000000e-09 -4.608286777497e-02 
 5.882800000000e-09  1.046113055636e-01 
 5.892800000000e-09  2.465416774428e-01 
 5.902800000000e-09  3.611791674879e-01 
 5.912800000000e-09  4.326791368297e-01 
 5.922800000000e-09  4.528284422306e-01 
 5.932800000000e-09  4.212967053968e-01 
 5.942800000000e-09  3.436996846949e-01 
 5.952800000000e-09  2.299067543716e-01 
 5.962800000000e-09  9.182480341862e-02 
 5.972800000000e-09 -5.810184896774e-02 
 5.982800000000e-09 -2.047103290219e-01 
 5.992800000000e-09 -3.297392338963e-01 
 6.002800000000e-09 -4.158863025548e-01 
 6.012800000000e-09 -4.522746978837e-01 
 6.022800000000e-09 -4.363722571977e-01 
 6.032800000000e-09 -3.721205630341e-01 
 6.042800000000e-09 -2.682803279255e-01 
 6.052800000000e-09 -1.364165151945e-01 
 6.062800000000e-09  1.129779913755e-02 
 6.072800000000e-09  1.608041217767e-01 
 6.082800000000e-09  2.945201861858e-01 
 6.092800000000e-09  3.942540031872e-01 
 6.102800000000e-09  4.466615016895e-01 
 6.112800000000e-09  4.467800977299e-01 
 6.122800000000e-09  3.967329287456e-01 
 6.132800000000e-09  3.039827073071e-01 
 6.142800000000e-09  1.794870948505e-01 
 6.152800000000e-09  3.531341759222e-02 
 6.162800000000e-09 -1.153785467556e-01 
 6.172800000000e-09 -2.559970084770e-01 
 6.182800000000e-09 -3.680119467454e-01 
 6.192800000000e-09 -4.359918077716e-01 
 6.202800000000e-09 -4.523492630755e-01 
 6.212800000000e-09 -4.172383378644e-01 
 6.222800000000e-09 -3.366448449839e-01 
 6.232800000000e-09 -2.206714916701e-01 
 6.242800000000e-09 -8.127466423712e-02 
 6.252800000000e-09  6.899901255587e-02 
 6.262800000000e-09  2.147112845828e-01 
 6.272800000000e-09  3.374939025622e-01 
 6.282800000000e-09  4.203296214391e-01 
 6.292800000000e-09  4.529509277896e-01 
 6.302800000000e-09  4.333593444883e-01 
 6.312800000000e-09  3.659013466299e-01 
 6.322800000000e-09  2.596154722475e-01 
 6.332800000000e-09  1.261726109075e-01 
 6.342800000000e-09 -2.220879660504e-02 
 6.352800000000e-09 -1.712248075808e-01 
 6.362800000000e-09 -3.030990965157e-01 
 6.372800000000e-09 -3.997921556592e-01 
 6.382800000000e-09 -4.485044766293e-01 
 6.392800000000e-09 -4.448605896845e-01 
 6.402800000000e-09 -3.914214286689e-01 
 6.412800000000e-09 -2.959703781390e-01 
 6.422800000000e-09 -1.696328129811e-01 
 6.432800000000e-09 -2.449641627253e-02 
 6.442800000000e-09  1.260918737722e-01 
 6.452800000000e-09  2.652857804028e-01 
 6.462800000000e-09  3.745835393732e-01 
 6.472800000000e-09  4.389962718367e-01 
 6.482800000000e-09  4.515598790934e-01 
 6.492800000000e-09  4.129027544470e-01 
 6.502800000000e-09  3.293714864461e-01 
 6.512800000000e-09  2.112899272914e-01 
 6.522800000000e-09  7.065276204760e-02 
 6.532800000000e-09 -7.987604698664e-02 
 6.542800000000e-09 -2.245824416991e-01 
 6.552800000000e-09 -3.450162660871e-01 
 6.562800000000e-09 -4.244780600718e-01 
 6.572800000000e-09 -4.533188981197e-01 
 6.582800000000e-09 -4.300614881565e-01 
 6.592800000000e-09 -3.594489383969e-01 
 6.602800000000e-09 -2.507866834628e-01 
 6.612800000000e-09 -1.158359282624e-01 
 6.622800000000e-09  3.312935572058e-02 
 6.632800000000e-09  1.815503877567e-01 
 6.642800000000e-09  3.114764332598e-01 
 6.652800000000e-09  4.050526644068e-01 
 6.662800000000e-09  4.500442257211e-01 
 6.672800000000e-09  4.426509623521e-01 
 6.682800000000e-09  3.858635769967e-01 
 6.692800000000e-09  2.877758055685e-01 
 6.702800000000e-09  1.596655974503e-01 
 6.712800000000e-09  1.364246499088e-02 
 6.722800000000e-09 -1.367445586829e-01 
 6.732800000000e-09 -2.744068094296e-01 
 6.742800000000e-09 -3.809000147550e-01 
 6.752800000000e-09 -4.417054876434e-01 
 6.762800000000e-09 -4.504771376840e-01 
 6.772800000000e-09 -4.083083437280e-01 
 6.782800000000e-09 -3.218970982615e-01 
 6.792800000000e-09 -2.017761211751e-01 
 6.802800000000e-09 -5.996961320933e-02 
 6.812800000000e-09  9.072528870175e-02 
 6.822800000000e-09  2.343204091726e-01 
 6.832800000000e-09  3.523090281217e-01 
 6.842800000000e-09  4.283410823963e-01 
 6.852800000000e-09  4.533922502097e-01 
 6.862800000000e-09  4.264944079476e-01 
 6.872800000000e-09  3.527789972744e-01 
 6.882800000000e-09  2.418075585998e-01 
 6.892800000000e-09  1.054169060391e-01 
 6.902800000000e-09 -4.405136335383e-02 
 6.912800000000e-09 -1.917757960359e-01 
 6.922800000000e-09 -3.196518008448e-01 
 6.932800000000e-09 -4.100412076634e-01 
 6.942800000000e-09 -4.512911907973e-01 
 6.952800000000e-09 -4.401644263251e-01 
 6.962800000000e-09 -3.800735052453e-01 
 6.972800000000e-09 -2.794120904700e-01 
 6.982800000000e-09 -1.495960320279e-01 
 6.992800000000e-09 -2.760440148635e-03 
 7.002800000000e-09  1.473296509755e-01 
 7.012800000000e-09  2.833567367173e-01 
 7.022800000000e-09  3.869635590651e-01 
 7.032800000000e-09  4.441271972792e-01 
 7.042800000000e-09  4.491121471597e-01 
 7.052800000000e-09  4.034679081518e-01 
 7.062800000000e-09  3.142343722246e-01 
 7.072800000000e-09  1.921405386246e-01 
 7.082800000000e-09  4.923383845513e-02 
 7.092800000000e-09 -1.015392263205e-01 
 7.102800000000e-09 -2.439202770242e-01 
 7.112800000000e-09 -3.593719556120e-01 
 7.122800000000e-09 -4.319240837914e-01 
 7.132800000000e-09 -4.531799151405e-01 
 7.142800000000e-09 -4.226690577949e-01 
 7.152800000000e-09 -3.459028851642e-01 
 7.162800000000e-09 -2.326882120489e-01 
 7.172800000000e-09 -9.492387550756e-02 
 7.182800000000e-09  5.496730397716e-02 
 7.192800000000e-09  2.018951692918e-01 
 7.202800000000e-09  3.276227803510e-01 
 7.212800000000e-09  4.147601960853e-01 
 7.222800000000e-09  4.522519991613e-01 
 7.232800000000e-09  4.374105188529e-01 
 7.242800000000e-09  3.740617913120e-01 
 7.252800000000e-09  2.708896120550e-01 
 7.262800000000e-09  1.394326072842e-01 
 7.272800000000e-09 -8.142105008825e-03 
 7.282800000000e-09 -1.578404058334e-01 
 7.292800000000e-09 -2.921312992106e-01 
 7.302800000000e-09 -3.927744162105e-01 
 7.312800000000e-09 -4.462662760703e-01 
 7.322800000000e-09 -4.474727149970e-01 
 7.332800000000e-09 -3.983909344378e-01 
 7.342800000000e-09 -3.063930438008e-01 
 7.352800000000e-09 -1.823913439852e-01 
 7.362800000000e-09 -3.845273772682e-02 
 7.372800000000e-09  1.123106769206e-01 
 7.382800000000e-09  2.533765325332e-01 
 7.392800000000e-09  3.662033780909e-01 
 7.402800000000e-09  4.352302815887e-01 
 7.412800000000e-09  4.526881674693e-01 
 7.422800000000e-09  4.185936167535e-01 
 7.432800000000e-09  3.388293557508e-01 
 7.442800000000e-09  2.234365036855e-01 
 7.452800000000e-09  8.436369420848e-02 
 7.462800000000e-09 -6.587024613950e-02 
 7.472800000000e-09 -2.119024736684e-01 
 7.482800000000e-09 -3.353861143534e-01 
 7.492800000000e-09 -4.192113066623e-01 
 7.502800000000e-09 -4.529310922732e-01 
 7.512800000000e-09 -4.343950591863e-01 
 7.522800000000e-09 -3.678356226296e-01 
 7.532800000000e-09 -2.622157180861e-01 
 7.542800000000e-09 -1.291818191982e-01 
 7.552800000000e-09  1.905839975063e-02 
 7.562800000000e-09  1.682699055282e-01 
 7.572800000000e-09  3.007251170832e-01 
 7.582800000000e-09  3.983308892166e-01 
 7.592800000000e-09  4.481249097703e-01 
 7.602800000000e-09  4.455636900336e-01 
 7.612800000000e-09  3.930840215528e-01 
 7.622800000000e-09  2.983803862050e-01 
 7.632800000000e-09  1.725349150398e-01 
 7.642800000000e-09  2.763276681019e-02 
 7.652800000000e-09 -1.230324327939e-01 
 7.662800000000e-09 -2.626828149037e-01 
 7.672800000000e-09 -3.728000965196e-01 
 7.682800000000e-09 -4.382607565087e-01 
 7.692800000000e-09 -4.519208527391e-01 
 7.702800000000e-09 -4.142738395675e-01 
 7.712800000000e-09 -3.315650091285e-01 
 7.722800000000e-09 -2.140585217023e-01 
 7.732800000000e-09 -7.374221871517e-02 
 7.742800000000e-09  7.675344800983e-02 
 7.752800000000e-09  2.217911702504e-01 
 7.762800000000e-09  3.429375087284e-01 
 7.772800000000e-09  4.233939470532e-01 
 7.782800000000e-09  4.533311406177e-01 
 7.792800000000e-09  4.311233181849e-01 
 7.802800000000e-09  3.614013224301e-01 
 7.812800000000e-09  2.533969142807e-01 
 7.822800000000e-09  1.188495913447e-01 
 7.832800000000e-09 -2.998193333293e-02 
 7.842800000000e-09 -1.786113486423e-01 
 7.852800000000e-09 -3.091328081797e-01 
 7.862800000000e-09 -4.036311160403e-01 
 7.872800000000e-09 -4.497047844300e-01 
 7.882800000000e-09 -4.433892694300e-01 
 7.892800000000e-09 -3.875530528664e-01 
 7.902800000000e-09 -2.902031034668e-01 
 7.912800000000e-09 -1.625770985722e-01 
 7.922800000000e-09 -1.677999275032e-02 
 7.932800000000e-09  1.336974930244e-01 
 7.942800000000e-09  2.718328159133e-01 
 7.952800000000e-09  3.791588057817e-01 
 7.962800000000e-09  4.410162042697e-01 
 7.972800000000e-09  4.508812657835e-01 
 7.982800000000e-09  4.097148589846e-01 
 7.992800000000e-09  3.241158152207e-01 
 8.002800000000e-09  2.045597071559e-01 
 8.012800000000e-09  6.306490385333e-02 
 8.022800000000e-09 -8.761033304354e-02 
 8.032800000000e-09 -2.315547877824e-01 
 8.042800000000e-09 -3.502727116343e-01 
 8.052800000000e-09 -4.273077293117e-01 
 8.062800000000e-09 -4.534544277132e-01 
 8.072800000000e-09 -4.275995175590e-01 
 8.082800000000e-09 -3.547641924336e-01 
 8.092800000000e-09 -2.444386643581e-01 
 8.102800000000e-09 -1.084411131599e-01 
 8.112800000000e-09  4.090656144147e-02 
 8.122800000000e-09  1.888580944058e-01 
 8.132800000000e-09  3.173489699131e-01 
 8.142800000000e-09  4.086730009291e-01 
 8.152800000000e-09  4.510069567374e-01 
 8.162800000000e-09  4.409528187685e-01 
 8.172800000000e-09  3.818029726542e-01 
 8.182800000000e-09  2.818667470016e-01 
 8.192800000000e-09  1.525232035611e-01 
 8.202800000000e-09  5.900683642123e-03 
 8.212800000000e-09 -1.442985375503e-01 
 8.222800000000e-09 -2.808198224624e-01 
 8.232800000000e-09 -3.852757620231e-01 
 8.242800000000e-09 -4.434967436244e-01 
 8.252800000000e-09 -4.495721662477e-01 
 8.262800000000e-09 -4.049213731149e-01 
 8.272800000000e-09 -3.164874782525e-01 
 8.282800000000e-09 -1.949453545509e-01 
 8.292800000000e-09 -5.233738885316e-02 
 8.302800000000e-09  9.843391690457e-02 
 8.312800000000e-09  2.411863729301e-01 
 8.322800000000e-09  3.573870777183e-01 
 8.332800000000e-09  4.309519080692e-01 
 8.342800000000e-09  4.533028686248e-01 
 8.352800000000e-09  4.238275571835e-01 
 8.362800000000e-09  3.479292868112e-01 
 8.372800000000e-09  2.353461895859e-01 
 8.382800000000e-09  9.796159979549e-02 
 8.392800000000e-09 -5.182586897172e-02 
 8.402800000000e-09 -1.990031895128e-01 
 8.412800000000e-09 -3.253679730695e-01 
 8.422800000000e-09 -4.134540468448e-01 
 8.432800000000e-09 -4.520322369543e-01 
 8.442800000000e-09 -4.382578596700e-01 
 8.452800000000e-09 -3.758387872331e-01 
 8.462800000000e-09 -2.733771497531e-01 
 8.472800000000e-09 -1.423785961714e-01 
 8.482800000000e-09  4.999075603671e-03 
 8.492800000000e-09  1.548284554049e-01 
 8.502800000000e-09  2.896373795665e-01 
 8.512800000000e-09  3.911474679965e-01 
 8.522800000000e-09  4.457025385347e-01 
 8.532800000000e-09  4.479962570212e-01 
 8.542800000000e-09  3.998979587298e-01 
 8.552800000000e-09  3.086855396274e-01 
 8.562800000000e-09  1.852205605867e-01 
 8.572800000000e-09  4.156523984990e-02 
 8.582800000000e-09 -1.092172419311e-01 
 8.592800000000e-09 -2.506790632386e-01 
 8.602800000000e-09 -3.642761430714e-01 
 8.612800000000e-09 -4.343258854809e-01 
 8.622800000000e-09 -4.528784267249e-01 
 8.632800000000e-09 -4.198113158580e-01 
 8.642800000000e-09 -3.409015475943e-01 
 8.652800000000e-09 -2.261244397312e-01 
 8.662800000000e-09 -8.741608507993e-02 
 8.672800000000e-09  6.273351746921e-02 
 8.682800000000e-09  2.090398411971e-01 
 8.692800000000e-09  3.331844920860e-01 
 8.702800000000e-09  4.179728828048e-01 
 8.712800000000e-09  4.527814383029e-01 
 8.722800000000e-09  4.353064160619e-01 
 8.732800000000e-09  3.696642346221e-01 
 8.742800000000e-09  2.647389037237e-01 
 8.752800000000e-09  1.321479132118e-01 
 8.762800000000e-09 -1.591333882336e-02 
 8.772800000000e-09 -1.652799832060e-01 
 8.782800000000e-09 -2.982786066930e-01 
 8.792800000000e-09 -3.967697681525e-01 
 8.802800000000e-09 -4.476327611051e-01 
 8.812800000000e-09 -4.461551693470e-01 
 8.822800000000e-09 -3.946481614746e-01 
 8.832800000000e-09 -3.007146995050e-01 
 8.842800000000e-09 -1.753898491775e-01 
 8.852800000000e-09 -3.075389497366e-02 
 8.862800000000e-09  1.199531559355e-01 
 8.872800000000e-09  2.600255565001e-01 
 8.882800000000e-09  3.709348710312e-01 
 8.892800000000e-09  4.374283041466e-01 
 8.902800000000e-09  4.521822239889e-01 
 8.912800000000e-09  4.155538570477e-01 
 8.922800000000e-09  3.336852122836e-01 
 8.932800000000e-09  2.167777328171e-01 
 8.942800000000e-09  7.680933372064e-02 
 8.952800000000e-09 -7.362308464140e-02 
 8.962800000000e-09 -2.189609788319e-01 
 8.972800000000e-09 -3.407928721112e-01 
 8.982800000000e-09 -4.222269074095e-01 
 8.992800000000e-09 -4.532549487553e-01 
 9.002800000000e-09 -4.321014773389e-01 
 9.012800000000e-09 -3.632835707926e-01 
 9.022800000000e-09 -2.559568958276e-01 
 9.032800000000e-09 -1.218359933995e-01 
 9.042800000000e-09  2.683606413011e-02 
 9.052800000000e-09  1.756460695672e-01 
 9.062800000000e-09  3.067371585031e-01 
 9.072800000000e-09  4.021392573034e-01 
 9.082800000000e-09  4.492872514084e-01 
 9.092800000000e-09  4.440511538423e-01 
 9.102800000000e-09  3.891760391073e-01 
 9.112800000000e-09  2.925801313450e-01 
 9.122800000000e-09  1.654579772443e-01 
 9.132800000000e-09  1.990883961559e-02 
 9.142800000000e-09 -1.306346486603e-01 
 9.152800000000e-09 -2.692189268275e-01 
 9.162800000000e-09 -3.773588006071e-01 
 9.172800000000e-09 -4.402583697470e-01 
 9.182800000000e-09 -4.512159077800e-01 
 9.192800000000e-09 -4.110586973790e-01 
 9.202800000000e-09 -3.262848418426e-01 
 9.212800000000e-09 -2.073104699940e-01 
 9.222800000000e-09 -6.614615821086e-02 
 9.232800000000e-09  8.448817240506e-02 
 9.242800000000e-09  2.287597769984e-01 
 9.252800000000e-09  3.481879859865e-01 
 9.262800000000e-09  4.262144877533e-01 
 9.272800000000e-09  4.534536421080e-01 
 9.282800000000e-09  4.286458529815e-01 
 9.292800000000e-09  3.567008440744e-01 
 9.302800000000e-09  2.470356428679e-01 
 9.312800000000e-09  1.114474061847e-01 
 9.322800000000e-09 -3.776135363455e-02 
 9.332800000000e-09 -1.859198655054e-01 
 9.342800000000e-09 -3.150069695662e-01 
 9.352800000000e-09 -4.072528193780e-01 
 9.362800000000e-09 -4.506658942193e-01 
 9.372800000000e-09 -4.416863711394e-01 
 9.382800000000e-09 -3.834854350419e-01 
 9.392800000000e-09 -2.842865121052e-01 
 9.402800000000e-09 -1.554296182734e-01 
 9.412800000000e-09 -9.035980757075e-03 
 9.422800000000e-09  1.412543784708e-01 
 9.432800000000e-09  2.782520490330e-01 
 9.442800000000e-09  3.835434369941e-01 
 9.452800000000e-09  4.428152634734e-01 
 9.462800000000e-09  4.499812065818e-01 
 9.472800000000e-09  4.063295280436e-01 
 9.482800000000e-09  3.187052621361e-01 
 9.492800000000e-09  1.977272981140e-01 
 9.502800000000e-09  5.543178204891e-02 
 9.512800000000e-09 -9.532192233932e-02 
 9.522800000000e-09 -2.384290725066e-01 
 9.532800000000e-09 -3.553646369768e-01 
 9.542800000000e-09 -4.299340886404e-01 
 9.552800000000e-09 -4.533785411229e-01 
 9.562800000000e-09 -4.249425482194e-01 
 9.572800000000e-09 -3.499203147917e-01 
 9.582800000000e-09 -2.379797801128e-01 
 9.592800000000e-09 -1.009869722632e-01 
 9.602800000000e-09  4.868296243234e-02 
 9.612800000000e-09  1.960942947378e-01 
 9.622800000000e-09  3.230819794753e-01 
 9.632800000000e-09  4.121075251851e-01 
 9.642800000000e-09  4.517687064582e-01 
 9.652800000000e-09  4.390631214997e-01 
 9.662800000000e-09  3.775803280276e-01 
 9.672800000000e-09  2.758388510224e-01 
 9.682800000000e-09  1.453095799307e-01 
 9.692800000000e-09 -1.858852428412e-03 
 9.702800000000e-09 -1.518051192362e-01 
 9.712800000000e-09 -2.871179849935e-01 
 9.722800000000e-09 -3.894844995162e-01 
 9.732800000000e-09 -4.450982248166e-01 
 9.742800000000e-09 -4.484798416150e-01 
 9.752800000000e-09 -4.013699960589e-01 
 9.762800000000e-09 -3.109512286385e-01 
 9.772800000000e-09 -1.880327509219e-01 
 9.782800000000e-09 -4.467143524976e-02 
 9.792800000000e-09  1.061174264943e-01 
 9.802800000000e-09  2.479617304669e-01 
 9.812800000000e-09  3.623177867586e-01 
 9.822800000000e-09  4.333843492344e-01 
 9.832800000000e-09  4.530307630314e-01 
 9.842800000000e-09  4.209946070700e-01 
 9.852800000000e-09  3.429461973230e-01 
 9.862800000000e-09  2.287937368048e-01 
 9.872800000000e-09  9.045938932538e-02 
 9.882800000000e-09 -5.959467306830e-02 
 9.892800000000e-09 -2.061623996355e-01 
 9.902800000000e-09 -3.309564018524e-01 
 9.912800000000e-09 -4.167006010937e-01 
 9.922800000000e-09 -4.525958914439e-01 
 9.932800000000e-09 -4.361841064876e-01 
 9.942800000000e-09 -3.714648631609e-01 
 9.952800000000e-09 -2.672421009220e-01 
 9.962800000000e-09 -1.351026912804e-01 
 9.972800000000e-09  1.276970241150e-02 
 9.982800000000e-09  1.622797260862e-01 
 9.992800000000e-09  2.958100826042e-01 
 1.000000000000e-08  3.720693904509e-01 
