 1.628000000000e-10 -2.527497270820e-03 
 1.728000000000e-10 -1.845421118840e-02 
 1.828000000000e-10 -3.217672270245e-02 
 1.928000000000e-10 -4.140391190528e-02 
 2.028000000000e-10 -4.451257308825e-02 
 2.128000000000e-10 -4.083414971476e-02 
 2.228000000000e-10 -3.076947842645e-02 
 2.328000000000e-10 -1.571790900307e-02 
 2.428000000000e-10  2.145614354444e-03 
 2.528000000000e-10  2.021367464532e-02 
 2.628000000000e-10  3.581921142959e-02 
 2.728000000000e-10  4.659370527697e-02 
 2.828000000000e-10  5.077849205237e-02 
 2.928000000000e-10  4.748845512536e-02 
 3.028000000000e-10  3.687551952324e-02 
 3.128000000000e-10  2.018529269643e-02 
 3.228000000000e-10 -3.248250373191e-04 
 3.328000000000e-10 -2.163071839229e-02 
 3.428000000000e-10 -4.040112758113e-02 
 3.528000000000e-10 -5.358317139827e-02 
 3.628000000000e-10 -5.894936155443e-02 
 3.728000000000e-10 -5.545941179171e-02 
 3.828000000000e-10 -4.341219495130e-02 
 3.928000000000e-10 -2.439549048055e-02 
 4.028000000000e-10 -1.071599871312e-03 
 4.128000000000e-10  2.318815908763e-02 
 4.228000000000e-10  4.477046616229e-02 
 4.328000000000e-10  6.034345973296e-02 
 4.428000000000e-10  6.735641313661e-02 
 4.528000000000e-10  6.444327418983e-02 
 4.628000000000e-10  5.164829309240e-02 
 4.728000000000e-10  3.047756492817e-02 
 4.828000000000e-10  3.784915091825e-03 
 4.928000000000e-10 -2.452553822847e-02 
 5.028000000000e-10 -5.007201504349e-02 
 5.128000000000e-10 -6.876515851563e-02 
 5.228000000000e-10 -7.752908616658e-02 
 5.328000000000e-10 -7.477636837629e-02 
 5.428000000000e-10 -6.061543007633e-02 
 5.528000000000e-10 -3.682188986024e-02 
 5.628000000000e-10 -6.634546367321e-03 
 5.728000000000e-10  2.562132319724e-02 
 5.828000000000e-10  5.510848916982e-02 
 5.928000000000e-10  7.722949744042e-02 
 6.028000000000e-10  8.838368536576e-02 
 6.128000000000e-10  8.654521092947e-02 
 6.228000000000e-10  7.155460374668e-02 
 6.328000000000e-10  4.515489668204e-02 
 6.428000000000e-10  1.084839650999e-02 
 6.528000000000e-10 -2.641393612171e-02 
 6.628000000000e-10 -6.090278067006e-02 
 6.728000000000e-10 -8.713771996850e-02 
 6.828000000000e-10 -1.008760822160e-01 
 6.928000000000e-10 -9.975758575311e-02 
 7.028000000000e-10 -8.358624295182e-02 
 7.128000000000e-10 -5.430395613712e-02 
 7.228000000000e-10 -1.577962820543e-02 
 7.328000000000e-10  2.654080602253e-02 
 7.428000000000e-10  6.628284061590e-02 
 7.528000000000e-10  9.720071972372e-02 
 7.628000000000e-10  1.143037568028e-01 
 7.728000000000e-10  1.146645989039e-01 
 7.828000000000e-10  9.778949319724e-02 
 7.928000000000e-10  6.561303903987e-02 
 8.028000000000e-10  2.229523383996e-02 
 8.128000000000e-10 -2.604730326897e-02 
 8.228000000000e-10 -7.202157034624e-02 
 8.328000000000e-10 -1.083216210321e-01 
 8.428000000000e-10 -1.291355183421e-01 
 8.528000000000e-10 -1.310403388228e-01 
 8.628000000000e-10 -1.133894491126e-01 
 8.728000000000e-10 -7.825066137069e-02 
 8.828000000000e-10 -3.011977172343e-02 
 8.928000000000e-10  2.436099080487e-02 
 9.028000000000e-10  7.698769510183e-02 
 9.128000000000e-10  1.194153635339e-01 
 9.228000000000e-10  1.448338937983e-01 
 9.328000000000e-10  1.490916123521e-01 
 9.428000000000e-10  1.311849702504e-01 
 9.528000000000e-10  9.318190259657e-02 
 9.628000000000e-10  3.985955546731e-02 
 9.728000000000e-10 -2.151021149834e-02 
 9.828000000000e-10 -8.163255077538e-02 
 9.928000000000e-10 -1.308960747490e-01 
 1.002800000000e-09 -1.614345100658e-01 
 1.012800000000e-09 -1.683858968340e-01 
 1.022800000000e-09 -1.504513485485e-01 
 1.032800000000e-09 -1.097718320891e-01 
 1.042800000000e-09 -5.142386434123e-02 
 1.052800000000e-09  1.684743534394e-02 
 1.062800000000e-09  8.487716386199e-02 
 1.072800000000e-09  1.417669225312e-01 
 1.082800000000e-09  1.783823617734e-01 
 1.092800000000e-09  1.889216897807e-01 
 1.102800000000e-09  1.716150125775e-01 
 1.112800000000e-09  1.285865054110e-01 
 1.122800000000e-09  6.517886794625e-02 
 1.132800000000e-09 -1.036683238094e-02 
 1.142800000000e-09 -8.687810016061e-02 
 1.152800000000e-09 -1.520228696421e-01 
 1.162800000000e-09 -1.953466427305e-01 
 1.172800000000e-09 -2.100684672350e-01 
 1.182800000000e-09 -1.939270581405e-01 
 1.192800000000e-09 -1.490385121458e-01 
 1.202800000000e-09 -8.102508614085e-02 
 1.212800000000e-09  1.513369733286e-03 
 1.222800000000e-09  8.667938316138e-02 
 1.232800000000e-09  1.607295632762e-01 
 1.242800000000e-09  2.116830667613e-01 
 1.252800000000e-09  2.315595714150e-01 
 1.262800000000e-09  2.174275592754e-01 
 1.272800000000e-09  1.713007953752e-01 
 1.282800000000e-09  9.906442624345e-02 
 1.292800000000e-09  9.666723628370e-03 
 1.302800000000e-09 -8.429041450195e-02 
 1.312800000000e-09 -1.676383323737e-01 
 1.322800000000e-09 -2.268386098416e-01 
 1.332800000000e-09 -2.526325840209e-01 
 1.342800000000e-09 -2.413236084364e-01 
 1.352800000000e-09 -1.947545467193e-01 
 1.362800000000e-09 -1.190656011211e-01 
 1.372800000000e-09 -2.348026805477e-02 
 1.382800000000e-09  7.900847527913e-02 
 1.392800000000e-09  1.719741281860e-01 
 1.402800000000e-09  2.401624385206e-01 
 1.412800000000e-09  2.728430128027e-01 
 1.422800000000e-09  2.653607063621e-01 
 1.432800000000e-09  2.192544123199e-01 
 1.442800000000e-09  1.408746639082e-01 
 1.452800000000e-09  3.972833042239e-02 
 1.462800000000e-09 -7.089749001258e-02 
 1.472800000000e-09 -1.734912177347e-01 
 1.482800000000e-09 -2.510990604387e-01 
 1.492800000000e-09 -2.914388318460e-01 
 1.502800000000e-09 -2.887510422145e-01 
 1.512800000000e-09 -2.441441528217e-01 
 1.522800000000e-09 -1.641034019275e-01 
 1.532800000000e-09 -5.840096532514e-02 
 1.542800000000e-09  5.961088060050e-02 
 1.552800000000e-09  1.716871806017e-01 
 1.562800000000e-09  2.591242999937e-01 
 1.572800000000e-09  3.079500467091e-01 
 1.582800000000e-09  3.110970808354e-01 
 1.592800000000e-09  2.690810102106e-01 
 1.602800000000e-09  1.884077989680e-01 
 1.612800000000e-09  7.913026756699e-02 
 1.622800000000e-09 -4.539243812913e-02 
 1.632800000000e-09 -1.664900967192e-01 
 1.642800000000e-09 -2.638481086246e-01 
 1.652800000000e-09 -3.217667729242e-01 
 1.662800000000e-09 -3.317042120109e-01 
 1.672800000000e-09 -2.934251678853e-01 
 1.682800000000e-09 -2.133029976481e-01 
 1.692800000000e-09 -1.016492231199e-01 
 1.702800000000e-09  2.826410888353e-02 
 1.712800000000e-09  1.577291997423e-01 
 1.722800000000e-09  2.649761756921e-01 
 1.732800000000e-09  3.325274325154e-01 
 1.742800000000e-09  3.501895398872e-01 
 1.752800000000e-09  3.167826021294e-01 
 1.762800000000e-09  2.383755317968e-01 
 1.772800000000e-09  1.255041160333e-01 
 1.782800000000e-09 -8.633499000308e-03 
 1.792800000000e-09 -1.455587234000e-01 
 1.802800000000e-09 -2.623889556502e-01 
 1.812800000000e-09 -3.398850415611e-01 
 1.822800000000e-09 -3.660779899222e-01 
 1.832800000000e-09 -3.386519241984e-01 
 1.842800000000e-09 -2.631780032354e-01 
 1.852800000000e-09 -1.503207730386e-01 
 1.862800000000e-09 -1.321352820704e-02 
 1.872800000000e-09  1.301298030052e-01 
 1.882800000000e-09  2.561043506460e-01 
 1.892800000000e-09  3.437232093616e-01 
 1.902800000000e-09  3.791545508593e-01 
 1.912800000000e-09  3.587351200447e-01 
 1.922800000000e-09  2.873507182296e-01 
 1.932800000000e-09  1.756560926339e-01 
 1.942800000000e-09  3.678633242634e-02 
 1.952800000000e-09 -1.117977457313e-01 
 1.962800000000e-09 -2.462607496643e-01 
 1.972800000000e-09 -3.439611818001e-01 
 1.982800000000e-09 -3.891850629035e-01 
 1.992800000000e-09 -3.767110095697e-01 
 2.002800000000e-09 -3.105513965906e-01 
 2.012800000000e-09 -2.011637153658e-01 
 2.022800000000e-09 -6.173332455133e-02 
 2.032800000000e-09  9.088380000153e-02 
 2.042800000000e-09  2.330841862373e-01 
 2.052800000000e-09  3.406789073699e-01 
 2.062800000000e-09  3.961112478131e-01 
 2.072800000000e-09  3.924000916323e-01 
 2.082800000000e-09  3.325101313954e-01 
 2.092800000000e-09  2.264976846894e-01 
 2.102800000000e-09  8.761756506191e-02 
 2.112800000000e-09 -6.782590949485e-02 
 2.122800000000e-09 -2.168544472030e-01 
 2.132800000000e-09 -3.339901387480e-01 
 2.142800000000e-09 -3.998922646485e-01 
 2.152800000000e-09 -4.056391827891e-01 
 2.162800000000e-09 -3.529825280870e-01 
 2.172800000000e-09 -2.513700855177e-01 
 2.182800000000e-09 -1.141015989953e-01 
 2.192800000000e-09  4.301585617444e-02 
 2.202800000000e-09  1.978987574243e-01 
 2.212800000000e-09  3.241027558962e-01 
 2.222800000000e-09  4.005870339229e-01 
 2.232800000000e-09  4.163500399451e-01 
 2.242800000000e-09  3.717853752856e-01 
 2.252800000000e-09  2.755291756847e-01 
 2.262800000000e-09  1.408339868775e-01 
 2.272800000000e-09 -1.687761051275e-02 
 2.282800000000e-09 -1.765486325640e-01 
 2.292800000000e-09 -3.112198222878e-01 
 2.302800000000e-09 -3.982422165901e-01 
 2.312800000000e-09 -4.244642290746e-01 
 2.322800000000e-09 -3.887578966574e-01 
 2.332800000000e-09 -2.987622023253e-01 
 2.342800000000e-09 -1.675434792003e-01 
 2.352800000000e-09 -1.024258281069e-02 
 2.362800000000e-09  1.531272111410e-01 
 2.372800000000e-09  2.955853120115e-01 
 2.382800000000e-09  3.929663277354e-01 
 2.392800000000e-09  4.299734476735e-01 
 2.402800000000e-09  4.037785369321e-01 
 2.412800000000e-09  3.208673728057e-01 
 2.422800000000e-09  1.939554870740e-01 
 2.432800000000e-09  3.799997670972e-02 
 2.442800000000e-09 -1.279635860525e-01 
 2.452800000000e-09 -2.774389376519e-01 
 2.462800000000e-09 -3.848621683548e-01 
 2.472800000000e-09 -4.328698208855e-01 
 2.482800000000e-09 -4.167387952993e-01 
 2.492800000000e-09 -3.416768878294e-01 
 2.502800000000e-09 -2.198632911727e-01 
 2.512800000000e-09 -6.613071756251e-02 
 2.522800000000e-09  1.013670762672e-01 
 2.532800000000e-09  2.570397009639e-01 
 2.542800000000e-09  3.740704053394e-01 
 2.552800000000e-09  4.331780283744e-01 
 2.562800000000e-09  4.275623163698e-01 
 2.572800000000e-09  3.610481838731e-01 
 2.582800000000e-09  2.450873346763e-01 
 2.592800000000e-09  9.438368097529e-02 
 2.602800000000e-09 -7.365333737705e-02 
 2.612800000000e-09 -2.346229871577e-01 
 2.622800000000e-09 -3.607451045338e-01 
 2.632800000000e-09 -4.309570090263e-01 
 2.642800000000e-09 -4.362134931175e-01 
 2.652800000000e-09 -3.788679259089e-01 
 2.662800000000e-09 -2.694588542986e-01 
 2.672800000000e-09 -1.225308562822e-01 
 2.682800000000e-09  4.513169040075e-02 
 2.692800000000e-09  2.104551693835e-01 
 2.702800000000e-09  3.450642256091e-01 
 2.712800000000e-09  4.262619002724e-01 
 2.722800000000e-09  4.426529088329e-01 
 2.732800000000e-09  3.950286338813e-01 
 2.742800000000e-09  2.928357723030e-01 
 2.752800000000e-09  1.503627001673e-01 
 2.762800000000e-09 -1.609034955716e-02 
 2.772800000000e-09 -1.847744605564e-01 
 2.782800000000e-09 -3.271894673362e-01 
 2.792800000000e-09 -4.191351460921e-01 
 2.802800000000e-09 -4.468471524284e-01 
 2.812800000000e-09 -4.094260935487e-01 
 2.822800000000e-09 -3.150739501547e-01 
 2.832800000000e-09 -1.776979218383e-01 
 2.842800000000e-09 -1.323187159875e-02 
 2.852800000000e-09  1.578029595441e-01 
 2.862800000000e-09  3.072857827134e-01 
 2.872800000000e-09  4.096302198150e-01 
 2.882800000000e-09  4.487755474622e-01 
 2.892800000000e-09  4.219652624574e-01 
 2.902800000000e-09  3.360400444185e-01 
 2.912800000000e-09  2.043746704219e-01 
 2.922800000000e-09  4.262948834451e-02 
 2.932800000000e-09 -1.297611364976e-01 
 2.942800000000e-09 -2.855219268323e-01 
 2.952800000000e-09 -3.978158044861e-01 
 2.962800000000e-09 -4.484330054664e-01 
 2.972800000000e-09 -4.325696187152e-01 
 2.982800000000e-09 -3.556234057460e-01 
 2.992800000000e-09 -2.302677054054e-01 
 3.002800000000e-09 -7.194215785805e-02 
 3.012800000000e-09  1.008611985655e-01 
 3.022800000000e-09  2.620781031932e-01 
 3.032800000000e-09  3.837827466890e-01 
 3.042800000000e-09  4.458270100407e-01 
 3.052800000000e-09  4.411817846288e-01 
 3.062800000000e-09  3.737341672421e-01 
 3.072800000000e-09  2.552776194620e-01 
 3.082800000000e-09  1.010191164700e-01 
 3.092800000000e-09 -7.133051147799e-02 
 3.102800000000e-09 -2.371206787909e-01 
 3.112800000000e-09 -3.676508628481e-01 
 3.122800000000e-09 -4.410094019479e-01 
 3.132800000000e-09 -4.477852326910e-01 
 3.142800000000e-09 -3.902958643826e-01 
 3.152800000000e-09 -2.792830115803e-01 
 3.162800000000e-09 -1.296927597816e-01 
 3.172800000000e-09  4.141152300487e-02 
 3.182800000000e-09  2.108542551263e-01 
 3.192800000000e-09  3.495532985599e-01 
 3.202800000000e-09  4.340055827097e-01 
 3.212800000000e-09  4.523362138584e-01 
 3.222800000000e-09  4.052193418484e-01 
 3.232800000000e-09  3.021813415183e-01 
 3.242800000000e-09  1.578133112571e-01 
 3.252800000000e-09 -1.132490152109e-02 
 3.262800000000e-09 -1.834602721600e-01 
 3.272800000000e-09 -3.296118174341e-01 
 3.282800000000e-09 -4.248301109613e-01 
 3.292800000000e-09 -4.547934999426e-01 
 3.302800000000e-09 -4.184085839811e-01 
 3.312800000000e-09 -3.238532247367e-01 
 3.322800000000e-09 -1.852443317970e-01 
 3.332800000000e-09 -1.875429618439e-02 
 3.342800000000e-09  1.551034486349e-01 
 3.352800000000e-09  3.079462959849e-01 
 3.362800000000e-09  4.135056599241e-01 
 3.372800000000e-09  4.551260175528e-01 
 3.382800000000e-09  4.297776154569e-01 
 3.392800000000e-09  3.441944939166e-01 
 3.402800000000e-09  2.118729218505e-01 
 3.412800000000e-09  4.868302878400e-02 
 3.422800000000e-09 -1.259550101696e-01 
 3.432800000000e-09 -2.846916758830e-01 
 3.442800000000e-09 -4.000728662133e-01 
 3.452800000000e-09 -4.533055973362e-01 
 3.462800000000e-09 -4.392480931961e-01 
 3.472800000000e-09 -3.631115030910e-01 
 3.482800000000e-09 -2.376092140540e-01 
 3.492800000000e-09 -7.835343675917e-02 
 3.502800000000e-09  9.617277944995e-02 
 3.512800000000e-09  2.599711723955e-01 
 3.522800000000e-09  3.846115753461e-01 
 3.532800000000e-09  4.493735819612e-01 
 3.542800000000e-09  4.467964151863e-01 
 3.552800000000e-09  3.805492132381e-01 
 3.562800000000e-09  2.623841937862e-01 
 3.572800000000e-09  1.076369961761e-01 
 3.582800000000e-09 -6.597867172447e-02 
 3.592800000000e-09 -2.339648595394e-01 
 3.602800000000e-09 -3.672375978685e-01 
 3.612800000000e-09 -4.433499191590e-01 
 3.622800000000e-09 -4.523948948973e-01 
 3.632800000000e-09 -3.964316294616e-01 
 3.642800000000e-09 -2.860881659509e-01 
 3.652800000000e-09 -1.363934968265e-01 
 3.662800000000e-09  3.557314660615e-02 
 3.672800000000e-09  2.068284993718e-01 
 3.682800000000e-09  3.480524252443e-01 
 3.692800000000e-09  4.352451171993e-01 
 3.702800000000e-09  4.559945319266e-01 
 3.712800000000e-09  4.106739326898e-01 
 3.722800000000e-09  3.086336588374e-01 
 3.732800000000e-09  1.644972971590e-01 
 3.742800000000e-09 -5.148290302471e-03 
 3.752800000000e-09 -1.787236591444e-01 
 3.762800000000e-09 -3.271633591811e-01 
 3.772800000000e-09 -4.250623709887e-01 
 3.782800000000e-09 -4.575486507601e-01 
 3.792800000000e-09 -4.231800357467e-01 
 3.802800000000e-09 -3.299079432535e-01 
 3.812800000000e-09 -1.918302554383e-01 
 3.822800000000e-09 -2.515181435950e-02 
 3.832800000000e-09  1.497901025631e-01 
 3.842800000000e-09  3.046725931238e-01 
 3.852800000000e-09  4.128152230311e-01 
 3.862800000000e-09  4.570261034706e-01 
 3.872800000000e-09  4.338713966898e-01 
 3.882800000000e-09  3.498219739355e-01 
 3.892800000000e-09  2.183014258972e-01 
 3.902800000000e-09  5.520987174322e-02 
 3.912800000000e-09 -1.201844866664e-01 
 3.922800000000e-09 -2.807055651386e-01 
 3.932800000000e-09 -3.985425071577e-01 
 3.942800000000e-09 -4.543996863384e-01 
 3.952800000000e-09 -4.426766914441e-01 
 3.962800000000e-09 -3.682976793913e-01 
 3.972800000000e-09 -2.438431105167e-01 
 3.982800000000e-09 -8.494035676240e-02 
 3.992800000000e-09  9.004790606793e-02 
 4.002800000000e-09  2.553737246321e-01 
 4.012800000000e-09  3.823246466423e-01 
 4.022800000000e-09  4.497182870587e-01 
 4.032800000000e-09  4.495839305059e-01 
 4.042800000000e-09  3.852789880009e-01 
 4.052800000000e-09  2.683770644401e-01 
 4.062800000000e-09  1.142120338736e-01 
 4.072800000000e-09 -5.960059984396e-02 
 4.082800000000e-09 -2.288478780023e-01 
 4.092800000000e-09 -3.642638492251e-01 
 4.102800000000e-09 -4.429810761477e-01 
 4.112800000000e-09 -4.545480020408e-01 
 4.122800000000e-09 -4.006885442596e-01 
 4.132800000000e-09 -2.918050295452e-01 
 4.142800000000e-09 -1.428969062815e-01 
 4.152800000000e-09  2.902972476039e-02 
 4.162800000000e-09  2.012755613521e-01 
 4.172800000000e-09  3.444596795810e-01 
 4.182800000000e-09  4.341988276617e-01 
 4.192800000000e-09  4.575245693950e-01 
 4.202800000000e-09  4.144440647452e-01 
 4.212800000000e-09  3.140414650891e-01 
 4.222800000000e-09  1.708774991127e-01 
 4.232800000000e-09  1.487142220979e-03 
 4.242800000000e-09 -1.728094089272e-01 
 4.252800000000e-09 -3.230134897269e-01 
 4.262800000000e-09 -4.233705303258e-01 
 4.272800000000e-09 -4.584658073711e-01 
 4.282800000000e-09 -4.264501257536e-01 
 4.292800000000e-09 -3.349783625094e-01 
 4.302800000000e-09 -1.980469816104e-01 
 4.312800000000e-09 -3.182353415289e-02 
 4.322800000000e-09  1.435811076635e-01 
 4.332800000000e-09  3.000240458500e-01 
 4.342800000000e-09  4.105122474975e-01 
 4.352800000000e-09  4.573452005427e-01 
 4.362800000000e-09  4.366344727358e-01 
 4.372800000000e-09  3.545339011289e-01 
 4.382800000000e-09  2.243237955923e-01 
 4.392800000000e-09  6.187717135338e-02 
 4.402800000000e-09 -1.137356161787e-01 
 4.412800000000e-09 -2.756125336034e-01 
 4.422800000000e-09 -3.956644572437e-01 
 4.432800000000e-09 -4.541413423845e-01 
 4.442800000000e-09 -4.449345728544e-01 
 4.452800000000e-09 -3.726392911947e-01 
 4.462800000000e-09 -2.496512116929e-01 
 4.472800000000e-09 -9.155824014581e-02 
 4.482800000000e-09  8.343590810029e-02 
 4.492800000000e-09  2.498951923969e-01 
 4.502800000000e-09  3.789144477280e-01 
 4.512800000000e-09  4.488967851264e-01 
 4.522800000000e-09  4.513319846842e-01 
 4.532800000000e-09  3.892323078758e-01 
 4.542800000000e-09  2.739399621697e-01 
 4.552800000000e-09  1.207410509741e-01 
 4.562800000000e-09 -5.287795699079e-02 
 4.572800000000e-09 -2.230332542396e-01 
 4.582800000000e-09 -3.603611447879e-01 
 4.592800000000e-09 -4.416184654601e-01 
 4.602800000000e-09 -4.557924444906e-01 
 4.612800000000e-09 -4.042420122136e-01 
 4.622800000000e-09 -2.971016764081e-01 
 4.632800000000e-09 -1.492991439086e-01 
 4.642800000000e-09  2.225888461296e-02 
 4.652800000000e-09  1.951811348326e-01 
 4.662800000000e-09  3.401034758790e-01 
 4.672800000000e-09  4.323044049361e-01 
 4.682800000000e-09  4.582564655717e-01 
 4.692800000000e-09  4.175739442859e-01 
 4.702800000000e-09  3.190408196234e-01 
 4.712800000000e-09  1.771182542574e-01 
 4.722800000000e-09  8.265054522556e-03 
 4.732800000000e-09 -1.664746245873e-01 
 4.742800000000e-09 -3.182362392102e-01 
 4.752800000000e-09 -4.209559215408e-01 
 4.762800000000e-09 -4.586859356392e-01 
 4.772800000000e-09 -4.291433725140e-01 
 4.782800000000e-09 -3.396612367889e-01 
 4.792800000000e-09 -2.041010226919e-01 
 4.802800000000e-09 -3.857140815011e-02 
 4.812800000000e-09  1.370540025051e-01 
 4.822800000000e-09  2.948645137848e-01 
 4.832800000000e-09  4.075952746117e-01 
 4.842800000000e-09  4.570551739695e-01 
 4.852800000000e-09  4.388776126130e-01 
 4.862800000000e-09  3.588800066317e-01 
 4.872800000000e-09  2.301698223909e-01 
 4.882800000000e-09  6.856741568157e-02 
 4.892800000000e-09 -1.070580882368e-01 
 4.902800000000e-09 -2.701076234496e-01 
 4.912800000000e-09 -3.922689082032e-01 
 4.922800000000e-09 -4.533510231904e-01 
 4.932800000000e-09 -4.467225170187e-01 
 4.942800000000e-09 -3.766341906723e-01 
 4.952800000000e-09 -2.552696139453e-01 
 4.962800000000e-09 -9.815996142393e-02 
 4.972800000000e-09  7.665776225306e-02 
 4.982800000000e-09  2.440848668942e-01 
 4.992800000000e-09  3.750664988537e-01 
 5.002800000000e-09  4.476127713469e-01 
 5.012800000000e-09  4.526626343973e-01 
 5.022800000000e-09  3.928616440882e-01 
 5.032800000000e-09  2.793052652893e-01 
 5.042800000000e-09  1.272191807094e-01 
 5.052800000000e-09 -4.605103745305e-02 
 5.062800000000e-09 -2.169596040599e-01 
 5.072800000000e-09 -3.560899866696e-01 
 5.082800000000e-09 -4.398470789256e-01 
 5.092800000000e-09 -4.566521236801e-01 
 5.102800000000e-09 -4.074869814516e-01 
 5.112800000000e-09 -3.021991851302e-01 
 5.122800000000e-09 -1.556276353459e-01 
 5.132800000000e-09  1.542603641237e-02 
 5.142800000000e-09  1.888823192055e-01 
 5.152800000000e-09  3.354379655007e-01 
 5.162800000000e-09  4.300524293432e-01 
 5.172800000000e-09  4.586435759867e-01 
 5.182800000000e-09  4.204179718553e-01 
 5.192800000000e-09  3.238456907896e-01 
 5.202800000000e-09  1.832705801658e-01 
 5.212800000000e-09  1.507049736865e-02 
 5.222800000000e-09 -1.599849814018e-01 
 5.232800000000e-09 -3.132023605661e-01 
 5.242800000000e-09 -4.182291498157e-01 
 5.252800000000e-09 -4.585952234044e-01 
 5.262800000000e-09 -4.315697835822e-01 
 5.272800000000e-09 -3.441533598838e-01 
 5.282800000000e-09 -2.100564475458e-01 
 5.292800000000e-09 -4.532270803034e-02 
 5.302800000000e-09  1.304097276791e-01 
 5.312800000000e-09  2.894937950816e-01 
 5.322800000000e-09  4.043978688232e-01 
 5.332800000000e-09  4.564682254654e-01 
 5.342800000000e-09  4.408623692711e-01 
 5.352800000000e-09  3.630364725993e-01 
 5.362800000000e-09  2.359112614683e-01 
 5.372800000000e-09  7.524732965946e-02 
 5.382800000000e-09 -1.002859620570e-01 
 5.392800000000e-09 -2.644120225424e-01 
 5.402800000000e-09 -3.886207782056e-01 
 5.412800000000e-09 -4.522959077339e-01 
 5.422800000000e-09 -4.482724564880e-01 
 5.432800000000e-09 -3.804488545260e-01 
 5.442800000000e-09 -2.607811541896e-01 
 5.452800000000e-09 -1.047354284109e-01 
 5.462800000000e-09  6.981570749874e-02 
 5.472800000000e-09  2.381203312097e-01 
 5.482800000000e-09  3.710017215720e-01 
 5.492800000000e-09  4.460926532063e-01 
 5.502800000000e-09  4.537717144600e-01 
 5.512800000000e-09  3.963197950534e-01 
 5.522800000000e-09  2.845667029789e-01 
 5.532800000000e-09  1.336612728964e-01 
 5.542800000000e-09 -3.918315273788e-02 
 5.552800000000e-09 -2.107598238818e-01 
 5.562800000000e-09 -3.516317473082e-01 
 5.572800000000e-09 -4.378641749895e-01 
 5.582800000000e-09 -4.573117650346e-01 
 5.592800000000e-09 -4.105701709431e-01 
 5.602800000000e-09 -3.071894144890e-01 
 5.612800000000e-09 -1.619092064296e-01 
 5.622800000000e-09  8.571776637728e-03 
 5.632800000000e-09  1.824817231566e-01 
 5.642800000000e-09  3.306094429517e-01 
 5.652800000000e-09  4.276069783669e-01 
 5.662800000000e-09  4.588426132437e-01 
 5.672800000000e-09  4.231046692887e-01 
 5.682800000000e-09  3.285409772640e-01 
 5.692800000000e-09  1.893676120244e-01 
 5.702800000000e-09  2.188215949339e-02 
 5.712800000000e-09 -1.534141328762e-01 
 5.722800000000e-09 -3.080265394253e-01 
 5.732800000000e-09 -4.153251585573e-01 
 5.742800000000e-09 -4.583278776009e-01 
 5.752800000000e-09 -4.338437290911e-01 
 5.762800000000e-09 -3.485354730713e-01 
 5.772800000000e-09 -2.159511606525e-01 
 5.782800000000e-09 -5.206894121273e-02 
 5.792800000000e-09  1.237028839646e-01 
 5.802800000000e-09  2.839986146600e-01 
 5.812800000000e-09  4.010479298126e-01 
 5.822800000000e-09  4.557345050979e-01 
 5.832800000000e-09  4.427147374826e-01 
 5.842800000000e-09  3.670985775228e-01 
 5.852800000000e-09  2.415986967321e-01 
 5.862800000000e-09  8.191301327742e-02 
 5.872800000000e-09 -9.347744117729e-02 
 5.882800000000e-09 -2.586290212943e-01 
 5.892800000000e-09 -3.848496572120e-01 
 5.902800000000e-09 -4.511099298346e-01 
 5.912800000000e-09 -4.497031145725e-01 
 5.922800000000e-09 -3.841718989559e-01 
 5.932800000000e-09 -2.662338895717e-01 
 5.942800000000e-09 -1.112881234332e-01 
 5.952800000000e-09  6.295078147506e-02 
 5.962800000000e-09  2.320800363986e-01 
 5.972800000000e-09  3.668236596459e-01 
 5.982800000000e-09  4.444465941617e-01 
 5.992800000000e-09  4.547630126099e-01 
 6.002800000000e-09  3.996841333696e-01 
 6.012800000000e-09  2.897655193591e-01 
 6.022800000000e-09  1.400736335975e-01 
 6.032800000000e-09 -3.230426134791e-02 
 6.042800000000e-09 -2.044958353875e-01 
 6.052800000000e-09 -3.470692995288e-01 
 6.062800000000e-09 -4.357588139978e-01 
 6.072800000000e-09 -4.578534131274e-01 
 6.082800000000e-09 -4.135558420084e-01 
 6.092800000000e-09 -3.121112474762e-01 
 6.102800000000e-09 -1.681537731852e-01 
 6.112800000000e-09  1.715960652635e-03 
 6.122800000000e-09  1.760260534765e-01 
 6.132800000000e-09  3.256840505607e-01 
 6.142800000000e-09  4.250414747305e-01 
 6.152800000000e-09  4.589236288556e-01 
 6.162800000000e-09  4.256909084129e-01 
 6.172800000000e-09  3.331639975686e-01 
 6.182800000000e-09  1.954229738077e-01 
 6.192800000000e-09  2.868864924855e-02 
 6.202800000000e-09 -1.467978964939e-01 
 6.212800000000e-09 -3.027623051322e-01 
 6.222800000000e-09 -4.123056720970e-01 
 6.232800000000e-09 -4.579438591176e-01 
 6.242800000000e-09 -4.360152947012e-01 
 6.252800000000e-09 -3.528416606643e-01 
 6.262800000000e-09 -2.217998768883e-01 
 6.272800000000e-09 -5.880387009064e-02 
 6.282800000000e-09  1.169600527344e-01 
 6.292800000000e-09  2.784232670887e-01 
 6.302800000000e-09  3.975878724771e-01 
 6.312800000000e-09  4.548864816904e-01 
 6.322800000000e-09  4.444595163064e-01 
 6.332800000000e-09  3.710698612831e-01 
 6.342800000000e-09  2.472233186069e-01 
 6.352800000000e-09  8.855227166728e-02 
 6.362800000000e-09 -8.664744684816e-02 
 6.372800000000e-09 -2.527722130229e-01 
 6.382800000000e-09 -3.809663062803e-01 
 6.392800000000e-09 -4.497990687705e-01 
 6.402800000000e-09 -4.510160258679e-01 
 6.412800000000e-09 -3.878003456279e-01 
 6.422800000000e-09 -2.716213564340e-01 
 6.432800000000e-09 -1.178081359833e-01 
 6.442800000000e-09  5.607600828620e-02 
 6.452800000000e-09  2.259774982609e-01 
 6.462800000000e-09  3.625437278993e-01 
 6.472800000000e-09  4.426816672082e-01 
 6.482800000000e-09  4.556386753972e-01 
 6.492800000000e-09  4.029518517323e-01 
 6.502800000000e-09  2.948945003585e-01 
 6.512800000000e-09  1.464455961391e-01 
 6.522800000000e-09 -2.542740625051e-02 
 6.532800000000e-09 -1.981801705989e-01 
 6.542800000000e-09 -3.424129081960e-01 
 6.552800000000e-09 -4.335368081745e-01 
 6.562800000000e-09 -4.582786936915e-01 
 6.572800000000e-09 -4.164412380992e-01 
 6.582800000000e-09 -3.169586162021e-01 
 6.592800000000e-09 -1.743524852931e-01 
 6.602800000000e-09 -5.130294222959e-03 
 6.612800000000e-09  1.695276657020e-01 
 6.622800000000e-09  3.206725973951e-01 
 6.632800000000e-09  4.223629561666e-01 
 6.642800000000e-09  4.588892138650e-01 
 6.652800000000e-09  4.281746531643e-01 
 6.662800000000e-09  3.377087568787e-01 
 6.672800000000e-09  2.014277152443e-01 
 6.682800000000e-09  3.547881729949e-02 
 6.692800000000e-09 -1.401482756146e-01 
 6.702800000000e-09 -2.974200806144e-01 
 6.712800000000e-09 -4.091775843299e-01 
 6.722800000000e-09 -4.574459665488e-01 
 6.732800000000e-09 -4.380829721845e-01 
 6.742800000000e-09 -3.570669052757e-01 
 6.752800000000e-09 -2.275947644383e-01 
 6.762800000000e-09 -6.552134400906e-02 
 6.772800000000e-09  1.101855931601e-01 
 6.782800000000e-09  2.727760011473e-01 
 6.792800000000e-09  3.940235862015e-01 
 6.802800000000e-09  4.539296274594e-01 
 6.812800000000e-09  4.461058550168e-01 
 6.822800000000e-09  3.749655352145e-01 
 6.832800000000e-09  2.527981942764e-01 
 6.842800000000e-09  9.516945139873e-02 
 6.852800000000e-09 -7.980172942207e-02 
 6.862800000000e-09 -2.468548431805e-01 
 6.872800000000e-09 -3.769882075982e-01 
 6.882800000000e-09 -4.483820262366e-01 
 6.892800000000e-09 -4.522284002966e-01 
 6.902800000000e-09 -3.913482288326e-01 
 6.912800000000e-09 -2.769527430479e-01 
 6.922800000000e-09 -1.242994708627e-01 
 6.932800000000e-09  4.919287799948e-02 
 6.942800000000e-09  2.198192611268e-01 
 6.952800000000e-09  3.581736185233e-01 
 6.962800000000e-09  4.408121135632e-01 
 6.972800000000e-09  4.564140930963e-01 
 6.982800000000e-09  4.061368863707e-01 
 6.992800000000e-09  2.999646444630e-01 
 7.002800000000e-09  1.527832889614e-01 
 7.012800000000e-09 -1.855278142739e-02 
 7.022800000000e-09 -1.918189618027e-01 
 7.032800000000e-09 -3.376726054193e-01 
 7.042800000000e-09 -4.312100505462e-01 
 7.052800000000e-09 -4.585997523883e-01 
 7.062800000000e-09 -4.192373612939e-01 
 7.072800000000e-09 -3.217401575748e-01 
 7.082800000000e-09 -1.805111641889e-01 
 7.092800000000e-09 -1.196930539346e-02 
 7.102800000000e-09  1.629884038203e-01 
 7.112800000000e-09  3.155812623269e-01 
 7.122800000000e-09  4.195804335618e-01 
 7.132800000000e-09  4.587502214405e-01 
 7.142800000000e-09  4.305666822493e-01 
 7.152800000000e-09  3.421848573953e-01 
 7.162800000000e-09  2.073888736177e-01 
 7.172800000000e-09  4.225589621244e-02 
 7.182800000000e-09 -1.334670353452e-01 
 7.192800000000e-09 -2.920050387358e-01 
 7.202800000000e-09 -4.059485402515e-01 
 7.212800000000e-09 -4.568429398721e-01 
 7.222800000000e-09 -4.400556310340e-01 
 7.232800000000e-09 -3.612191413632e-01 
 7.242800000000e-09 -2.333422786670e-01 
 7.252800000000e-09 -7.221665262033e-02 
 7.262800000000e-09  1.033953881445e-01 
 7.272800000000e-09  2.670650321517e-01 
 7.282800000000e-09  3.903646005677e-01 
 7.292800000000e-09  4.528670363224e-01 
 7.302800000000e-09  4.476519075785e-01 
 7.312800000000e-09  3.787803526036e-01 
 7.322800000000e-09  2.583158549459e-01 
 7.332800000000e-09  1.017577592213e-01 
 7.342800000000e-09 -7.294497060126e-02 
 7.352800000000e-09 -2.408800100083e-01 
 7.362800000000e-09 -3.729189255407e-01 
 7.372800000000e-09 -4.468613469253e-01 
 7.382800000000e-09 -4.533416877636e-01 
 7.392800000000e-09 -3.948082825702e-01 
 7.402800000000e-09 -2.822151166694e-01 
 7.412800000000e-09 -1.307489519941e-01 
 7.422800000000e-09  4.231522479476e-02 
 7.432800000000e-09  2.136149093010e-01 
 7.442800000000e-09  3.537152242483e-01 
 7.452800000000e-09  4.388319991897e-01 
 7.462800000000e-09  4.570770906125e-01 
 7.472800000000e-09  4.092237066295e-01 
 7.482800000000e-09  3.049595842191e-01 
 7.492800000000e-09  1.590725638206e-01 
 7.502800000000e-09 -1.169057485566e-02 
 7.512800000000e-09 -1.854177715836e-01 
 7.522800000000e-09 -3.328499796787e-01 
 7.532800000000e-09 -4.287750298054e-01 
 7.542800000000e-09 -4.588096036077e-01 
 7.552800000000e-09 -4.219338780297e-01 
 7.562800000000e-09 -3.264440826653e-01 
 7.572800000000e-09 -1.866169307460e-01 
 7.582800000000e-09 -1.878781729510e-02 
 7.592800000000e-09  1.564199025481e-01 
 7.602800000000e-09  3.104159466147e-01 
 7.612800000000e-09  4.166931267638e-01 
 7.622800000000e-09  4.584997089098e-01 
 7.632800000000e-09  4.328557824608e-01 
 7.642800000000e-09  3.465788254173e-01 
 7.652800000000e-09  2.132932440646e-01 
 7.662800000000e-09  4.900819408364e-02 
 7.672800000000e-09 -1.267635525595e-01 
 7.682800000000e-09 -2.865250788260e-01 
 7.692800000000e-09 -4.026107991408e-01 
 7.702800000000e-09 -4.561119692999e-01 
 7.712800000000e-09 -4.419165070822e-01 
 7.722800000000e-09 -3.652917263604e-01 
 7.732800000000e-09 -2.390419732126e-01 
 7.742800000000e-09 -7.889618797711e-02 
 7.752800000000e-09  9.657724105629e-02 
 7.762800000000e-09  2.612811490262e-01 
 7.772800000000e-09  3.866015433032e-01 
 7.782800000000e-09  4.516935009634e-01 
 7.792800000000e-09  4.490971928007e-01 
 7.802800000000e-09  3.825177440519e-01 
 7.812800000000e-09  2.637832955285e-01 
 7.822800000000e-09  1.083248750581e-01 
 7.832800000000e-09 -6.607092427400e-02 
 7.842800000000e-09 -2.348419837649e-01 
 7.852800000000e-09 -3.687528024974e-01 
 7.862800000000e-09 -4.452325760161e-01 
 7.872800000000e-09 -4.543518386375e-01 
 7.882800000000e-09 -3.981904774860e-01 
 7.892800000000e-09 -2.874302382486e-01 
 7.902800000000e-09 -1.371765675966e-01 
 7.912800000000e-09  3.542607916844e-02 
 7.922800000000e-09  2.073536519303e-01 
 7.932800000000e-09  3.491671213864e-01 
 7.942800000000e-09  4.367484674790e-01 
 7.952800000000e-09  4.576427343112e-01 
 7.962800000000e-09  4.122320495112e-01 
 7.972800000000e-09  3.099012681574e-01 
 7.982800000000e-09  1.653340695925e-01 
 7.992800000000e-09 -4.824209274585e-03 
 8.002800000000e-09 -1.789661733286e-01 
 8.012800000000e-09 -3.279413132003e-01 
 8.022800000000e-09 -4.262353363282e-01 
 8.032800000000e-09 -4.589184156345e-01 
 8.042800000000e-09 -4.245463756964e-01 
 8.052800000000e-09 -3.310891970170e-01 
 8.062800000000e-09 -1.926902590618e-01 
 8.072800000000e-09 -2.560540388762e-02 
 8.082800000000e-09  1.498069559206e-01 
 8.092800000000e-09  3.051690025075e-01 
 8.102800000000e-09  4.137016608393e-01 
 8.112800000000e-09  4.581465815102e-01 
 8.122800000000e-09  4.350569826990e-01 
 8.132800000000e-09  3.509098432922e-01 
 8.142800000000e-09  2.191612844625e-01 
 8.152800000000e-09  5.575482376977e-02 
 8.162800000000e-09 -1.200231605543e-01 
 8.172800000000e-09 -2.809671107169e-01 
 8.182800000000e-09 -3.991799208644e-01 
 8.192800000000e-09 -4.552966500678e-01 
 8.202800000000e-09 -4.436927863194e-01 
 8.212800000000e-09 -3.692890714392e-01 
 8.222800000000e-09 -2.446867038067e-01 
 8.232800000000e-09 -8.554826362488e-02 
 8.242800000000e-09  8.974706676071e-02 
 8.252800000000e-09  2.554403207491e-01 
 8.262800000000e-09  3.827470315866e-01 
 8.272800000000e-09  4.504165359054e-01 
 8.282800000000e-09  4.504433382317e-01 
 8.292800000000e-09  3.861741671120e-01 
 8.302800000000e-09  2.691923636981e-01 
 8.312800000000e-09  1.148594217420e-01 
 8.322800000000e-09 -5.919333188693e-02 
 8.332800000000e-09 -2.287539921357e-01 
 8.342800000000e-09 -3.645012703591e-01 
 8.352800000000e-09 -4.435027438614e-01 
 8.362800000000e-09 -4.552628111622e-01 
 8.372800000000e-09 -4.014887945481e-01 
 8.382800000000e-09 -2.925830868654e-01 
 8.392800000000e-09 -1.435652328911e-01 
 8.402800000000e-09  2.854353503068e-02 
 8.412800000000e-09  2.010508773591e-01 
 8.422800000000e-09  3.445387901587e-01 
 8.432800000000e-09  4.345634748109e-01 
 8.442800000000e-09  4.581059408555e-01 
 8.452800000000e-09  4.151511545797e-01 
 8.462800000000e-09  3.147750887523e-01 
 8.472800000000e-09  1.715514621723e-01 
 8.482800000000e-09  2.029578332068e-03 
 8.492800000000e-09 -1.724790737855e-01 
 8.502800000000e-09 -3.229572644504e-01 
 8.512800000000e-09 -4.235949600243e-01 
 8.522800000000e-09 -4.589237741144e-01 
 8.532800000000e-09 -4.270662640207e-01 
 8.542800000000e-09 -3.356625719654e-01 
 8.552800000000e-09 -1.987152494913e-01 
 8.562800000000e-09 -3.240471900432e-02 
 8.572800000000e-09  1.431663746593e-01 
 8.582800000000e-09  2.998527401490e-01 
 8.592800000000e-09  4.106118040788e-01 
 8.602800000000e-09  4.576895011647e-01 
 8.612800000000e-09  4.371626548851e-01 
 8.622800000000e-09  3.551654999533e-01 
 8.632800000000e-09  2.249777887560e-01 
 8.642800000000e-09  6.248326837597e-02 
 8.652800000000e-09 -1.132545101974e-01 
 8.662800000000e-09 -2.753437138015e-01 
 8.672800000000e-09 -3.956529587444e-01 
 8.682800000000e-09 -4.543811158692e-01 
 8.692800000000e-09 -4.453782785862e-01 
 8.702800000000e-09 -3.732164777868e-01 
 8.712800000000e-09 -2.502845806326e-01 
 8.722800000000e-09 -9.217825033202e-02 
 8.732800000000e-09  8.290391500704e-02 
 8.742800000000e-09  2.495442290497e-01 
 8.752800000000e-09  3.788046027078e-01 
 8.762800000000e-09  4.490406387347e-01 
 8.772800000000e-09  4.516954329085e-01 
 8.782800000000e-09  3.897548723986e-01 
 8.792800000000e-09  2.745480410046e-01 
 8.802800000000e-09  1.213657431605e-01 
 8.812800000000e-09 -5.230884484161e-02 
 8.822800000000e-09 -2.226140539275e-01 
 8.832800000000e-09 -3.601649036435e-01 
 8.842800000000e-09 -4.416744989407e-01 
 8.852800000000e-09 -4.560793864284e-01 
 8.862800000000e-09 -4.047091618165e-01 
 8.872800000000e-09 -2.976799930040e-01 
 8.882800000000e-09 -1.499204459180e-01 
 8.892800000000e-09  2.166443732937e-02 
 8.902800000000e-09  1.947056205027e-01 
 8.912800000000e-09  3.398309689330e-01 
 8.922800000000e-09  4.322788871770e-01 
 8.932800000000e-09  4.584698260992e-01 
 8.942800000000e-09  4.179849992076e-01 
 8.952800000000e-09  3.195856461895e-01 
 8.962800000000e-09  1.777296813805e-01 
 8.972800000000e-09  8.875458528570e-03 
 8.982800000000e-09 -1.659531488027e-01 
 8.992800000000e-09 -3.178966515933e-01 
 9.002800000000e-09 -4.208547415900e-01 
 9.012800000000e-09 -4.588287104566e-01 
 9.022800000000e-09 -4.294980383508e-01 
 9.032800000000e-09 -3.401697184847e-01 
 9.042800000000e-09 -2.046976167302e-01 
 9.052800000000e-09 -3.919048431390e-02 
 9.062800000000e-09  1.364956667499e-01 
 9.072800000000e-09  2.944662375656e-01 
 9.082800000000e-09  4.074242140478e-01 
 9.092800000000e-09  4.571306120263e-01 
 9.102800000000e-09  4.391762286352e-01 
 9.112800000000e-09  3.593502299824e-01 
 9.122800000000e-09  2.307478894333e-01 
 9.132800000000e-09  6.918928539616e-02 
 9.142800000000e-09 -1.064712292093e-01 
 9.152800000000e-09 -2.696584732849e-01 
 9.162800000000e-09 -3.920337886352e-01 
 9.172800000000e-09 -4.533624969745e-01 
 9.182800000000e-09 -4.469658088838e-01 
 9.192800000000e-09 -3.770646796316e-01 
 9.202800000000e-09 -2.558260177558e-01 
 9.212800000000e-09 -9.877943306104e-02 
 9.222800000000e-09  7.605007214532e-02 
 9.232800000000e-09  2.435919379018e-01 
 9.242800000000e-09  3.747728585446e-01 
 9.252800000000e-09  4.475633997612e-01 
 9.262800000000e-09  4.528516593144e-01 
 9.272800000000e-09  3.932515161029e-01 
 9.282800000000e-09  2.798373682455e-01 
 9.292800000000e-09  1.278315080292e-01 
 9.302800000000e-09 -4.542986831081e-02 
 9.312800000000e-09 -2.164297195626e-01 
 9.322800000000e-09 -3.557432962087e-01 
 9.332800000000e-09 -4.397396791260e-01 
 9.342800000000e-09 -4.567875644004e-01 
 9.352800000000e-09 -4.078348318019e-01 
 9.362800000000e-09 -3.027041549360e-01 
 9.372800000000e-09 -1.562284439289e-01 
 9.382800000000e-09  1.479767436893e-02 
 9.392800000000e-09  1.883214578424e-01 
 9.402800000000e-09  3.350429893384e-01 
 9.412800000000e-09  4.298891129890e-01 
 9.422800000000e-09  4.587257856649e-01 
 9.432800000000e-09  4.207223150281e-01 
 9.442800000000e-09  3.243209345187e-01 
 9.452800000000e-09  1.838563261001e-01 
 9.462800000000e-09  1.570116503398e-02 
 9.472800000000e-09 -1.593985422668e-01 
 9.482800000000e-09 -3.127636235857e-01 
 9.492800000000e-09 -4.180121321827e-01 
 9.502800000000e-09 -4.586248059468e-01 
 9.512800000000e-09 -4.318294658850e-01 
 9.522800000000e-09 -3.445967483504e-01 
 9.532800000000e-09 -2.106243788954e-01 
 9.542800000000e-09 -4.595191970911e-02 
 9.552800000000e-09  1.298027440495e-01 
 9.562800000000e-09  2.890157437273e-01 
 9.572800000000e-09  4.041298005076e-01 
 9.582800000000e-09  4.564462556068e-01 
 9.592800000000e-09  4.410768540320e-01 
 9.602800000000e-09  3.634464955745e-01 
 9.612800000000e-09  2.364592662382e-01 
 9.622800000000e-09  7.587178749510e-02 
 9.632800000000e-09 -9.966356742000e-02 
 9.642800000000e-09 -2.638991368981e-01 
 9.652800000000e-09 -3.883048052927e-01 
 9.662800000000e-09 -4.522238557101e-01 
 9.672800000000e-09 -4.484415955429e-01 
 9.682800000000e-09 -3.808242086661e-01 
 9.692800000000e-09 -2.613072005246e-01 
 9.702800000000e-09 -1.053518644241e-01 
 9.712800000000e-09  6.918308010072e-02 
 9.722800000000e-09  2.375770657613e-01 
 9.732800000000e-09  3.706410965609e-01 
 9.742800000000e-09  4.459718121913e-01 
 9.752800000000e-09  4.538954612891e-01 
 9.762800000000e-09  3.966592402944e-01 
 9.772800000000e-09  2.850687030282e-01 
 9.782800000000e-09  1.342663597858e-01 
 9.792800000000e-09 -3.854545555805e-02 
 9.802800000000e-09 -2.101905415369e-01 
 9.812800000000e-09 -3.512296472518e-01 
 9.822800000000e-09 -4.376954392350e-01 
 9.832800000000e-09 -4.573896275188e-01 
 9.842800000000e-09 -4.108719473633e-01 
 9.852800000000e-09 -3.076650029639e-01 
 9.862800000000e-09 -1.624998528254e-01 
 9.872800000000e-09  7.933299066370e-03 
 9.882800000000e-09  1.818903488254e-01 
 9.892800000000e-09  3.301687776525e-01 
 9.902800000000e-09  4.273910180791e-01 
 9.912800000000e-09  4.588740558581e-01 
 9.922800000000e-09  4.233670160731e-01 
 9.932800000000e-09  3.289879357233e-01 
 9.942800000000e-09  1.899412901864e-01 
 9.952800000000e-09  2.251813300137e-02 
 9.962800000000e-09 -1.528043938114e-01 
 9.972800000000e-09 -3.075502808306e-01 
 9.982800000000e-09 -4.150630365447e-01 
 9.992800000000e-09 -4.583127785670e-01 
 1.000000000000e-08 -4.471617250343e-01 
