 1.628000000000e-10  2.444507600946e-02 
 1.728000000000e-10  1.562004639118e-02 
 1.828000000000e-10  4.754052040938e-03 
 1.928000000000e-10 -6.981762341073e-03 
 2.028000000000e-10 -1.828161375072e-02 
 2.128000000000e-10 -2.784551915466e-02 
 2.228000000000e-10 -3.453098340689e-02 
 2.328000000000e-10 -3.748865009176e-02 
 2.428000000000e-10 -3.627183232363e-02 
 2.528000000000e-10 -3.089609481037e-02 
 2.628000000000e-10 -2.184990684125e-02 
 2.728000000000e-10 -1.004902005657e-02 
 2.828000000000e-10  3.251682211811e-03 
 2.928000000000e-10  1.658839219910e-02 
 3.028000000000e-10  2.844365395283e-02 
 3.128000000000e-10  3.741889103058e-02 
 3.228000000000e-10  4.240321848637e-02 
 3.328000000000e-10  4.271278520317e-02 
 3.428000000000e-10  3.817649706868e-02 
 3.528000000000e-10  2.917010426504e-02 
 3.628000000000e-10  1.658314245224e-02 
 3.728000000000e-10  1.733575938059e-03 
 3.828000000000e-10 -1.376514004338e-02 
 3.928000000000e-10 -2.817103602212e-02 
 4.028000000000e-10 -3.980618807914e-02 
 4.128000000000e-10 -4.725753508272e-02 
 4.228000000000e-10 -4.955275690304e-02 
 4.328000000000e-10 -4.628115221535e-02 
 4.428000000000e-10 -3.765635031862e-02 
 4.528000000000e-10 -2.450171805590e-02 
 4.628000000000e-10 -8.171410450755e-03 
 4.728000000000e-10  9.583207813263e-03 
 4.828000000000e-10  2.679011530039e-02 
 4.928000000000e-10  4.146741173038e-02 
 5.028000000000e-10  5.185984800449e-02 
 5.128000000000e-10  5.665505237822e-02 
 5.228000000000e-10  5.514487080930e-02 
 5.328000000000e-10  4.732624277347e-02 
 5.428000000000e-10  3.390976803916e-02 
 5.528000000000e-10  1.624981012039e-02 
 5.628000000000e-10 -3.787456069439e-03 
 5.728000000000e-10 -2.400630844520e-02 
 5.828000000000e-10 -4.210646957339e-02 
 5.928000000000e-10 -5.595158672534e-02 
 6.028000000000e-10 -6.383105658381e-02 
 6.128000000000e-10 -6.467149053283e-02 
 6.228000000000e-10 -5.818503100830e-02 
 6.328000000000e-10 -4.491085761085e-02 
 6.428000000000e-10 -2.615857899818e-02 
 6.528000000000e-10 -3.879541538332e-03 
 6.628000000000e-10  1.951788745465e-02 
 6.728000000000e-10  4.140400630553e-02 
 6.828000000000e-10  5.922929109404e-02 
 6.928000000000e-10  7.082910670577e-02 
 7.028000000000e-10  7.468970643298e-02 
 7.128000000000e-10  7.016255808510e-02 
 7.228000000000e-10  5.754772152409e-02 
 7.328000000000e-10  3.805529333967e-02 
 7.428000000000e-10  1.368050353377e-02 
 7.528000000000e-10 -1.298507621845e-02 
 7.628000000000e-10 -3.898575725936e-02 
 7.728000000000e-10 -6.132041179290e-02 
 7.828000000000e-10 -7.731739192217e-02 
 7.928000000000e-10 -8.495502449792e-02 
 8.028000000000e-10 -8.313034762421e-02 
 8.128000000000e-10 -7.181761215060e-02 
 8.228000000000e-10 -5.206151904962e-02 
 8.328000000000e-10 -2.585126204676e-02 
 8.428000000000e-10  4.073609949047e-03 
 8.528000000000e-10  3.444680725269e-02 
 8.628000000000e-10  6.180422228366e-02 
 8.728000000000e-10  8.291342740810e-02 
 8.828000000000e-10  9.515628336175e-02 
 8.928000000000e-10  9.687869394766e-02 
 9.028000000000e-10  8.763569169143e-02 
 9.128000000000e-10  6.822841232170e-02 
 9.228000000000e-10  4.056648396242e-02 
 9.328000000000e-10  7.502677214745e-03 
 9.428000000000e-10 -2.740233086977e-02 
 9.528000000000e-10 -6.023360664920e-02 
 9.628000000000e-10 -8.714349423434e-02 
 9.728000000000e-10 -1.048489068542e-01 
 9.828000000000e-10 -1.110591563613e-01 
 9.928000000000e-10 -1.047878268812e-01 
 1.002800000000e-09 -8.649111651106e-02 
 1.012800000000e-09 -5.794177168919e-02 
 1.022800000000e-09 -2.203928749415e-02 
 1.032800000000e-09  1.741752832708e-02 
 1.042800000000e-09  5.607495723265e-02 
 1.052800000000e-09  8.945895900364e-02 
 1.062800000000e-09  1.135255457259e-01 
 1.072800000000e-09  1.252343070956e-01 
 1.082800000000e-09  1.229610879052e-01 
 1.092800000000e-09  1.066973401309e-01 
 1.102800000000e-09  7.798939119897e-02 
 1.112800000000e-09  3.972166976708e-02 
 1.122800000000e-09 -4.129598035072e-03 
 1.132800000000e-09 -4.881723529530e-02 
 1.142800000000e-09 -8.924623481592e-02 
 1.152800000000e-09 -1.205658642011e-01 
 1.162800000000e-09 -1.388697844549e-01 
 1.172800000000e-09 -1.417412592991e-01 
 1.182800000000e-09 -1.285759210365e-01 
 1.192800000000e-09 -1.006018033880e-01 
 1.202800000000e-09 -6.062142720803e-02 
 1.212800000000e-09 -1.272262686604e-02 
 1.222800000000e-09  3.801841111469e-02 
 1.232800000000e-09  8.592254317351e-02 
 1.242800000000e-09  1.253055605390e-01 
 1.252800000000e-09  1.512721859162e-01 
 1.262800000000e-09  1.604854423521e-01 
 1.272800000000e-09  1.516259635972e-01 
 1.282800000000e-09  1.254667783278e-01 
 1.292800000000e-09  8.464236428064e-02 
 1.302800000000e-09  3.328700901032e-02 
 1.312800000000e-09 -2.327632790860e-02 
 1.322800000000e-09 -7.885942909677e-02 
 1.332800000000e-09 -1.269619849830e-01 
 1.342800000000e-09 -1.616397418752e-01 
 1.352800000000e-09 -1.784667860461e-01 
 1.362800000000e-09 -1.752257621664e-01 
 1.372800000000e-09 -1.521280862133e-01 
 1.382800000000e-09 -1.115360312096e-01 
 1.392800000000e-09 -5.754119797508e-02 
 1.402800000000e-09  4.358240154679e-03 
 1.412800000000e-09  6.756416419991e-02 
 1.422800000000e-09  1.248298763129e-01 
 1.432800000000e-09  1.691325049514e-01 
 1.442800000000e-09  1.948289172500e-01 
 1.452800000000e-09  1.986170156608e-01 
 1.462800000000e-09  1.799339898251e-01 
 1.472800000000e-09  1.407754079314e-01 
 1.482800000000e-09  8.517609759911e-02 
 1.492800000000e-09  1.871919154630e-02 
 1.502800000000e-09 -5.172040586656e-02 
 1.512800000000e-09 -1.182741366466e-01 
 1.522800000000e-09 -1.728765451524e-01 
 1.532800000000e-09 -2.085741397361e-01 
 1.542800000000e-09 -2.208007308418e-01 
 1.552800000000e-09 -2.080293821305e-01 
 1.562800000000e-09 -1.717177184405e-01 
 1.572800000000e-09 -1.157508931861e-01 
 1.582800000000e-09 -4.576128062795e-02 
 1.592800000000e-09  3.120713190074e-02 
 1.602800000000e-09  1.068329916356e-01 
 1.612800000000e-09  1.721199127206e-01 
 1.622800000000e-09  2.187698379478e-01 
 1.632800000000e-09  2.407753605890e-01 
 1.642800000000e-09  2.354353132533e-01 
 1.652800000000e-09  2.034948984534e-01 
 1.662800000000e-09  1.485727532655e-01 
 1.672800000000e-09  7.630885416397e-02 
 1.682800000000e-09 -6.161862643222e-03 
 1.692800000000e-09 -9.025208838391e-02 
 1.702800000000e-09 -1.662253110359e-01 
 1.712800000000e-09 -2.244886102319e-01 
 1.722800000000e-09 -2.574839511277e-01 
 1.732800000000e-09 -2.611136969634e-01 
 1.742800000000e-09 -2.351660130412e-01 
 1.752800000000e-09 -1.828312547493e-01 
 1.762800000000e-09 -1.097155761791e-01 
 1.772800000000e-09 -2.301526305936e-02 
 1.782800000000e-09  6.857794274454e-02 
 1.792800000000e-09  1.548367387109e-01 
 1.802800000000e-09  2.250207460996e-01 
 1.812800000000e-09  2.699735967066e-01 
 1.822800000000e-09  2.840036014839e-01 
 1.832800000000e-09  2.656979190317e-01 
 1.842800000000e-09  2.176009556994e-01 
 1.852800000000e-09  1.451857315125e-01 
 1.862800000000e-09  5.571402535907e-02 
 1.872800000000e-09 -4.211618248320e-02 
 1.882800000000e-09 -1.378555276639e-01 
 1.892800000000e-09 -2.198616489046e-01 
 1.902800000000e-09 -2.774224062485e-01 
 1.912800000000e-09 -3.030985042996e-01 
 1.922800000000e-09 -2.940320688540e-01 
 1.932800000000e-09 -2.518851743744e-01 
 1.942800000000e-09 -1.818232306619e-01 
 1.952800000000e-09 -9.116165140499e-02 
 1.962800000000e-09  1.141190597072e-02 
 1.972800000000e-09  1.154589118969e-01 
 1.982800000000e-09  2.087597269371e-01 
 1.992800000000e-09  2.791996995163e-01 
 2.002800000000e-09  3.175098502845e-01 
 2.012800000000e-09  3.191491565845e-01 
 2.022800000000e-09  2.846559324738e-01 
 2.032800000000e-09  2.186654844437e-01 
 2.042800000000e-09  1.284778397412e-01 
 2.052800000000e-09  2.280187038327e-02 
 2.062800000000e-09 -8.808063122281e-02 
 2.072800000000e-09 -1.917316200734e-01 
 2.082800000000e-09 -2.749005963554e-01 
 2.092800000000e-09 -3.265080050247e-01 
 2.102800000000e-09 -3.401243620489e-01 
 2.112800000000e-09 -3.149114934116e-01 
 2.122800000000e-09 -2.547392454349e-01 
 2.132800000000e-09 -1.667357357918e-01 
 2.142800000000e-09 -5.967066381228e-02 
 2.152800000000e-09  5.637123138848e-02 
 2.162800000000e-09  1.690605108366e-01 
 2.172800000000e-09  2.643773733117e-01 
 2.182800000000e-09  3.295709890429e-01 
 2.192800000000e-09  3.561912424372e-01 
 2.202800000000e-09  3.417476120523e-01 
 2.212800000000e-09  2.891153517215e-01 
 2.222800000000e-09  2.050196820344e-01 
 2.232800000000e-09  9.829165532798e-02 
 2.242800000000e-09 -2.113470604103e-02 
 2.252800000000e-09 -1.412709053448e-01 
 2.262800000000e-09 -2.477547664169e-01 
 2.272800000000e-09 -3.264211874083e-01 
 2.282800000000e-09 -3.667710368301e-01 
 2.292800000000e-09 -3.644034464199e-01 
 2.302800000000e-09 -3.209457413720e-01 
 2.312800000000e-09 -2.424665566296e-01 
 2.322800000000e-09 -1.377732144075e-01 
 2.332800000000e-09 -1.674441750505e-02 
 2.342800000000e-09  1.090758869629e-01 
 2.352800000000e-09  2.254071924428e-01 
 2.362800000000e-09  3.170287315301e-01 
 2.372800000000e-09  3.714892429911e-01 
 2.382800000000e-09  3.822712704773e-01 
 2.392800000000e-09  3.494824597104e-01 
 2.402800000000e-09  2.782995635292e-01 
 2.412800000000e-09  1.772922353643e-01 
 2.422800000000e-09  5.638660363134e-02 
 2.432800000000e-09 -7.329517260625e-02 
 2.442800000000e-09 -1.979010886268e-01 
 2.452800000000e-09 -3.015864221986e-01 
 2.462800000000e-09 -3.701723848158e-01 
 2.472800000000e-09 -3.949053544581e-01 
 2.482800000000e-09 -3.741088363518e-01 
 2.492800000000e-09 -3.118253390132e-01 
 2.502800000000e-09 -2.161036862043e-01 
 2.512800000000e-09 -9.695941814751e-02 
 2.522800000000e-09  3.478825022315e-02 
 2.532800000000e-09  1.659312637961e-01 
 2.542800000000e-09  2.804682638878e-01 
 2.552800000000e-09  3.628268346508e-01 
 2.562800000000e-09  4.020157827787e-01 
 2.572800000000e-09  3.943227013739e-01 
 2.582800000000e-09  3.424077757836e-01 
 2.592800000000e-09  2.535408727667e-01 
 2.602800000000e-09  1.377110939106e-01 
 2.612800000000e-09  5.610090382281e-03 
 2.622800000000e-09 -1.302597235038e-01 
 2.632800000000e-09 -2.541893716695e-01 
 2.642800000000e-09 -3.496200475734e-01 
 2.652800000000e-09 -4.034616272633e-01 
 2.662800000000e-09 -4.097400088135e-01 
 2.672800000000e-09 -3.695069654039e-01 
 2.682800000000e-09 -2.890272990810e-01 
 2.692800000000e-09 -1.779866620036e-01 
 2.702800000000e-09 -4.712392857366e-02 
 2.712800000000e-09  9.168215107391e-02 
 2.722800000000e-09  2.233779475772e-01 
 2.732800000000e-09  3.308672730357e-01 
 2.742800000000e-09  3.992350834172e-01 
 2.752800000000e-09  4.200958953498e-01 
 2.762800000000e-09  3.926817463688e-01 
 2.772800000000e-09  3.220179028364e-01 
 2.782800000000e-09  2.171844991982e-01 
 2.792800000000e-09  8.903445865915e-02 
 2.802800000000e-09 -5.099464414794e-02 
 2.812800000000e-09 -1.887200737072e-01 
 2.822800000000e-09 -3.069749938461e-01 
 2.832800000000e-09 -3.894042835936e-01 
 2.842800000000e-09 -4.251985545663e-01 
 2.852800000000e-09 -4.115404179597e-01 
 2.862800000000e-09 -3.519901762366e-01 
 2.872800000000e-09 -2.547758062491e-01 
 2.882800000000e-09 -1.307255223463e-01 
 2.892800000000e-09  8.923476716868e-03 
 2.902800000000e-09  1.509009772108e-01 
 2.912800000000e-09  2.784222861135e-01 
 2.922800000000e-09  3.741372132808e-01 
 2.932800000000e-09  4.249603732278e-01 
 2.942800000000e-09  4.257803851059e-01 
 2.952800000000e-09  3.785086115039e-01 
 2.962800000000e-09  2.903048693573e-01 
 2.972800000000e-09  1.716740623705e-01 
 2.982800000000e-09  3.387849027268e-02 
 2.992800000000e-09 -1.106111180673e-01 
 3.002800000000e-09 -2.457757074522e-01 
 3.012800000000e-09 -3.537307987101e-01 
 3.022800000000e-09 -4.194119888344e-01 
 3.032800000000e-09 -4.352095560775e-01 
 3.042800000000e-09 -4.012209512440e-01 
 3.052800000000e-09 -3.233198541758e-01 
 3.062800000000e-09 -2.113782973506e-01 
 3.072800000000e-09 -7.678441339983e-02 
 3.082800000000e-09  6.856879161168e-02 
 3.092800000000e-09  2.096715849135e-01 
 3.102800000000e-09  3.285676735327e-01 
 3.112800000000e-09  4.086259037859e-01 
 3.122800000000e-09  4.396677962286e-01 
 3.132800000000e-09  4.197858575234e-01 
 3.142800000000e-09  3.533598528182e-01 
 3.152800000000e-09  2.493859825146e-01 
 3.162800000000e-09  1.192563771450e-01 
 3.172800000000e-09 -2.543078140340e-02 
 3.182800000000e-09 -1.707321077110e-01 
 3.192800000000e-09 -2.990675614350e-01 
 3.202800000000e-09 -3.927170719005e-01 
 3.212800000000e-09 -4.390521882588e-01 
 3.222800000000e-09 -4.339183252116e-01 
 3.232800000000e-09 -3.800342725570e-01 
 3.242800000000e-09 -2.853147351444e-01 
 3.252800000000e-09 -1.608595509160e-01 
 3.262800000000e-09 -1.824080313887e-02 
 3.272800000000e-09  1.295504905899e-01 
 3.282800000000e-09  2.657111517806e-01 
 3.292800000000e-09  3.719139736447e-01 
 3.302800000000e-09  4.333728777606e-01 
 3.312800000000e-09  4.434389378685e-01 
 3.322800000000e-09  4.030317264217e-01 
 3.332800000000e-09  3.187782631794e-01 
 3.342800000000e-09  2.011680559981e-01 
 3.352800000000e-09  6.189718633361e-02 
 3.362800000000e-09 -8.676139583908e-02 
 3.372800000000e-09 -2.290687610342e-01 
 3.382800000000e-09 -3.465571585520e-01 
 3.392800000000e-09 -4.226991874917e-01 
 3.402800000000e-09 -4.482053927471e-01 
 3.412800000000e-09 -4.220444940326e-01 
 3.422800000000e-09 -3.493566015728e-01 
 3.432800000000e-09 -2.397711311134e-01 
 3.442800000000e-09 -1.050359597156e-01 
 3.452800000000e-09  4.298865568314e-02 
 3.462800000000e-09  1.897307347595e-01 
 3.472800000000e-09  3.170295684978e-01 
 3.482800000000e-09  4.071116323240e-01 
 3.492800000000e-09  4.480975715857e-01 
 3.502800000000e-09  4.367889473878e-01 
 3.512800000000e-09  3.766748308607e-01 
 3.522800000000e-09  2.763242069691e-01 
 3.532800000000e-09  1.472635251853e-01 
 3.542800000000e-09  1.245574334075e-03 
 3.552800000000e-09 -1.482383217487e-01 
 3.562800000000e-09 -2.837458075060e-01 
 3.572800000000e-09 -3.867657062942e-01 
 3.582800000000e-09 -4.430825744123e-01 
 3.592800000000e-09 -4.470683685366e-01 
 3.602800000000e-09 -4.004343101543e-01 
 3.612800000000e-09 -3.104895546258e-01 
 3.622800000000e-09 -1.882121130861e-01 
 3.632800000000e-09 -4.545430969323e-02 
 3.642800000000e-09  1.051487249802e-01 
 3.652800000000e-09  2.472036639411e-01 
 3.662800000000e-09  3.619407996918e-01 
 3.672800000000e-09  4.332116113930e-01 
 3.682800000000e-09  4.527458929153e-01 
 3.692800000000e-09  4.203513464478e-01 
 3.702800000000e-09  3.418813595678e-01 
 3.712800000000e-09  2.274992899501e-01 
 3.722800000000e-09  8.915665706863e-02 
 3.732800000000e-09 -6.105814452379e-02 
 3.742800000000e-09 -2.079669970403e-01 
 3.752800000000e-09 -3.329949860031e-01 
 3.762800000000e-09 -4.185551149395e-01 
 3.772800000000e-09 -4.536956977794e-01 
 3.782800000000e-09 -4.361424198073e-01 
 3.792800000000e-09 -3.701267261095e-01 
 3.802800000000e-09 -2.647921236842e-01 
 3.812800000000e-09 -1.319625698553e-01 
 3.822800000000e-09  1.648892962355e-02 
 3.832800000000e-09  1.665648497090e-01 
 3.842800000000e-09  3.003055709684e-01 
 3.852800000000e-09  3.992138253040e-01 
 3.862800000000e-09  4.498444950882e-01 
 3.872800000000e-09  4.475880057781e-01 
 3.882800000000e-09  3.949246356309e-01 
 3.892800000000e-09  2.997869379402e-01 
 3.902800000000e-09  1.735416969932e-01 
 3.912800000000e-09  2.810775624548e-02 
 3.922800000000e-09 -1.235018245263e-01 
 3.932800000000e-09 -2.643070404964e-01 
 3.942800000000e-09 -3.753997303463e-01 
 3.952800000000e-09 -4.412111043470e-01 
 3.962800000000e-09 -4.545410118830e-01 
 3.972800000000e-09 -4.160058435983e-01 
 3.982800000000e-09 -3.321312418207e-01 
 3.992800000000e-09 -2.135384907848e-01 
 4.002800000000e-09 -7.227409479323e-02 
 4.012800000000e-09  7.933623075683e-02 
 4.022800000000e-09  2.255255475862e-01 
 4.032800000000e-09  3.474384066362e-01 
 4.042800000000e-09  4.278606672310e-01 
 4.052800000000e-09  4.568747822927e-01 
 4.062800000000e-09  4.330901396255e-01 
 4.072800000000e-09  3.614523434817e-01 
 4.082800000000e-09  2.516187609207e-01 
 4.092800000000e-09  1.156048579153e-01 
 4.102800000000e-09 -3.460640895897e-02 
 4.112800000000e-09 -1.844950210600e-01 
 4.122800000000e-09 -3.156900765859e-01 
 4.132800000000e-09 -4.098671644478e-01 
 4.142800000000e-09 -4.544899672150e-01 
 4.152800000000e-09 -4.459362656813e-01 
 4.162800000000e-09 -3.874354075508e-01 
 4.172800000000e-09 -2.874924553248e-01 
 4.182800000000e-09 -1.577797992652e-01 
 4.192800000000e-09 -1.024195311989e-02 
 4.202800000000e-09  1.416988160493e-01 
 4.212800000000e-09  2.805430137131e-01 
 4.222800000000e-09  3.873777760194e-01 
 4.232800000000e-09  4.473643791713e-01 
 4.242800000000e-09  4.543766297516e-01 
 4.252800000000e-09  4.098161020400e-01 
 4.262800000000e-09  3.208425752385e-01 
 4.272800000000e-09  1.984725885365e-01 
 4.282800000000e-09  5.477534410453e-02 
 4.292800000000e-09 -9.765230668371e-02 
 4.302800000000e-09 -2.424757903292e-01 
 4.312800000000e-09 -3.606721769937e-01 
 4.322800000000e-09 -4.355502085036e-01 
 4.332800000000e-09 -4.582814178784e-01 
 4.342800000000e-09 -4.283214757371e-01 
 4.352800000000e-09 -3.513025769294e-01 
 4.362800000000e-09 -2.373452777140e-01 
 4.372800000000e-09 -9.857248901914e-02 
 4.382800000000e-09  5.290227699560e-02 
 4.392800000000e-09  2.020220718849e-01 
 4.402800000000e-09  3.300979666949e-01 
 4.412800000000e-09  4.191130387485e-01 
 4.422800000000e-09  4.575375561654e-01 
 4.432800000000e-09  4.426936830168e-01 
 4.442800000000e-09  3.785387634279e-01 
 4.452800000000e-09  2.741063077985e-01 
 4.462800000000e-09  1.412995992240e-01 
 4.472800000000e-09 -7.915447954431e-03 
 4.482800000000e-09 -1.596715081012e-01 
 4.492800000000e-09 -2.960183024766e-01 
 4.502800000000e-09 -3.981537582364e-01 
 4.512800000000e-09 -4.520855713071e-01 
 4.522800000000e-09 -4.527382192126e-01 
 4.532800000000e-09 -4.022793160278e-01 
 4.542800000000e-09 -3.084656061657e-01 
 4.552800000000e-09 -1.826524687690e-01 
 4.562800000000e-09 -3.689138673655e-02 
 4.572800000000e-09  1.159042267105e-01 
 4.582800000000e-09  2.588620477916e-01 
 4.592800000000e-09  3.728921474324e-01 
 4.602800000000e-09  4.419508009830e-01 
 4.612800000000e-09  4.583168039296e-01 
 4.622800000000e-09  4.222610817920e-01 
 4.632800000000e-09  3.400746947653e-01 
 4.642800000000e-09  2.222976164707e-01 
 4.652800000000e-09  8.109213895421e-02 
 4.662800000000e-09 -7.125681190749e-02 
 4.672800000000e-09 -2.191464160203e-01 
 4.682800000000e-09 -3.436560495346e-01 
 4.692800000000e-09 -4.271971707313e-01 
 4.702800000000e-09 -4.593093531720e-01 
 4.712800000000e-09 -4.382157855416e-01 
 4.722800000000e-09 -3.685825233738e-01 
 4.732800000000e-09 -2.599308312266e-01 
 4.742800000000e-09 -1.243239299885e-01 
 4.752800000000e-09  2.622871994328e-02 
 4.762800000000e-09  1.773795651432e-01 
 4.772800000000e-09  3.107982358072e-01 
 4.782800000000e-09  4.078988900822e-01 
 4.792800000000e-09  4.556282931974e-01 
 4.802800000000e-09  4.499232074327e-01 
 4.812800000000e-09  3.937001086113e-01 
 4.822800000000e-09  2.952758378403e-01 
 4.832800000000e-09  1.662898050327e-01 
 4.842800000000e-09  1.876306140749e-02 
 4.852800000000e-09 -1.340256634299e-01 
 4.862800000000e-09 -2.747066801547e-01 
 4.872800000000e-09 -3.842159664566e-01 
 4.882800000000e-09 -4.472637565935e-01 
 4.892800000000e-09 -4.572279985628e-01 
 4.902800000000e-09 -4.151704407257e-01 
 4.912800000000e-09 -3.280121039232e-01 
 4.922800000000e-09 -2.066711908862e-01 
 4.932800000000e-09 -6.329952259967e-02 
 4.942800000000e-09  8.959491853601e-02 
 4.952800000000e-09  2.358649749764e-01 
 4.962800000000e-09  3.564405409041e-01 
 4.972800000000e-09  4.342716522328e-01 
 4.982800000000e-09  4.600046092526e-01 
 4.992800000000e-09  4.327233806876e-01 
 5.002800000000e-09  3.577805100522e-01 
 5.012800000000e-09  2.451488517943e-01 
 5.022800000000e-09  1.069873839987e-01 
 5.032800000000e-09 -4.461245517294e-02 
 5.042800000000e-09 -1.947946605182e-01 
 5.052800000000e-09 -3.249190519492e-01 
 5.062800000000e-09 -4.167164380718e-01 
 5.072800000000e-09 -4.581478179330e-01 
 5.082800000000e-09 -4.461162916907e-01 
 5.092800000000e-09 -3.842684618330e-01 
 5.102800000000e-09 -2.814464907735e-01 
 5.112800000000e-09 -1.495174763528e-01 
 5.122800000000e-09 -4.827072989224e-04 
 5.132800000000e-09  1.519669426635e-01 
 5.142800000000e-09  2.900143638926e-01 
 5.152800000000e-09  3.947105004735e-01 
 5.162800000000e-09  4.516117954535e-01 
 5.172800000000e-09  4.551689381931e-01 
 5.182800000000e-09  4.072148317927e-01 
 5.192800000000e-09  3.152698414794e-01 
 5.202800000000e-09  1.905885317065e-01 
 5.212800000000e-09  4.528242088444e-02 
 5.222800000000e-09 -1.078616014795e-01 
 5.232800000000e-09 -2.521664168165e-01 
 5.242800000000e-09 -3.684929221921e-01 
 5.252800000000e-09 -4.404315345003e-01 
 5.262800000000e-09 -4.597487887282e-01 
 5.272800000000e-09 -4.263555999493e-01 
 5.282800000000e-09 -3.462673913159e-01 
 5.292800000000e-09 -2.298747058430e-01 
 5.302800000000e-09 -8.937439149275e-02 
 5.312800000000e-09  6.300994127238e-02 
 5.322800000000e-09  2.118937840127e-01 
 5.332800000000e-09  3.383983622598e-01 
 5.342800000000e-09  4.246709229767e-01 
 5.352800000000e-09  4.597403933162e-01 
 5.362800000000e-09  4.414307886345e-01 
 5.372800000000e-09  3.741021781246e-01 
 5.382800000000e-09  2.670862452679e-01 
 5.392800000000e-09  1.324198956683e-01 
 5.402800000000e-09 -1.788670445084e-02 
 5.412800000000e-09 -1.696883831479e-01 
 5.422800000000e-09 -3.047781331456e-01 
 5.432800000000e-09 -4.044099244201e-01 
 5.442800000000e-09 -4.550671015131e-01 
 5.452800000000e-09 -4.522345326637e-01 
 5.462800000000e-09 -3.984992646724e-01 
 5.472800000000e-09 -3.019485945314e-01 
 5.482800000000e-09 -1.741287638791e-01 
 5.492800000000e-09 -2.710163612504e-02 
 5.502800000000e-09  1.260114683919e-01 
 5.512800000000e-09  2.680316099644e-01 
 5.522800000000e-09  3.798306628741e-01 
 5.532800000000e-09  4.457336442726e-01 
 5.542800000000e-09  4.586203070574e-01 
 5.552800000000e-09  4.192015866006e-01 
 5.562800000000e-09  3.341302136165e-01 
 5.572800000000e-09  2.141803503357e-01 
 5.582800000000e-09  7.153989327691e-02 
 5.592800000000e-09 -8.137861218913e-02 
 5.602800000000e-09 -2.286537205444e-01 
 5.612800000000e-09 -3.512402500830e-01 
 5.622800000000e-09 -4.317996577755e-01 
 5.632800000000e-09 -4.604659597995e-01 
 5.642800000000e-09 -4.359410494232e-01 
 5.652800000000e-09 -3.632782286624e-01 
 5.662800000000e-09 -2.522672907296e-01 
 5.672800000000e-09 -1.150541605007e-01 
 5.682800000000e-09  3.629932057836e-02 
 5.692800000000e-09  1.871572529810e-01 
 5.702800000000e-09  3.189858270564e-01 
 5.712800000000e-09  4.133314017934e-01 
 5.722800000000e-09  4.576737048444e-01 
 5.732800000000e-09  4.484864671677e-01 
 5.742800000000e-09  3.890943802938e-01 
 5.752800000000e-09  2.881184115255e-01 
 5.762800000000e-09  1.573476397602e-01 
 5.772800000000e-09  8.804343097943e-03 
 5.782800000000e-09 -1.440036668513e-01 
 5.792800000000e-09 -2.834364240272e-01 
 5.802800000000e-09 -3.904571367161e-01 
 5.812800000000e-09 -4.502121276837e-01 
 5.822800000000e-09 -4.566708540119e-01 
 5.832800000000e-09 -4.113230240445e-01 
 5.842800000000e-09 -3.214307099070e-01 
 5.852800000000e-09 -1.981154415826e-01 
 5.862800000000e-09 -5.352441303068e-02 
 5.872800000000e-09  9.968149289238e-02 
 5.882800000000e-09  2.450491348331e-01 
 5.892800000000e-09  3.634405897519e-01 
 5.902800000000e-09  4.381269682369e-01 
 5.912800000000e-09  4.603649600154e-01 
 5.922800000000e-09  4.296974588941e-01 
 5.932800000000e-09  3.518490867026e-01 
 5.942800000000e-09  2.370363685330e-01 
 5.952800000000e-09  9.745916374861e-02 
 5.962800000000e-09 -5.471832880012e-02 
 5.972800000000e-09 -2.043436240346e-01 
 5.982800000000e-09 -3.326212922088e-01 
 5.992800000000e-09 -4.214813205313e-01 
 6.002800000000e-09 -4.594579394541e-01 
 6.012800000000e-09 -4.439659576631e-01 
 6.022800000000e-09 -3.790491809102e-01 
 6.032800000000e-09 -2.738302587419e-01 
 6.042800000000e-09 -1.402876419270e-01 
 6.052800000000e-09  9.569175624961e-03 
 6.062800000000e-09  1.617993568735e-01 
 6.072800000000e-09  2.983528293079e-01 
 6.082800000000e-09  4.003660695259e-01 
 6.092800000000e-09  4.538856871732e-01 
 6.102800000000e-09  4.539351075414e-01 
 6.112800000000e-09  4.027650431857e-01 
 6.122800000000e-09  3.082165590641e-01 
 6.132800000000e-09  1.817184222060e-01 
 6.142800000000e-09  3.536321180130e-02 
 6.152800000000e-09 -1.178812983289e-01 
 6.162800000000e-09 -2.610500662562e-01 
 6.172800000000e-09 -3.749878533478e-01 
 6.182800000000e-09 -4.436669836542e-01 
 6.192800000000e-09 -4.594654669578e-01 
 6.202800000000e-09 -4.227372695650e-01 
 6.212800000000e-09 -3.398544878744e-01 
 6.222800000000e-09 -2.214289329102e-01 
 6.232800000000e-09 -7.966546895795e-02 
 6.242800000000e-09  7.311211119045e-02 
 6.252800000000e-09  2.212193196853e-01 
 6.262800000000e-09  3.456674168411e-01 
 6.272800000000e-09  4.288640338278e-01 
 6.282800000000e-09  4.604380680679e-01 
 6.292800000000e-09  4.387009273829e-01 
 6.302800000000e-09  3.683980333597e-01 
 6.312800000000e-09  2.591214673895e-01 
 6.322800000000e-09  1.229813214613e-01 
 6.332800000000e-09 -2.798531326664e-02 
 6.342800000000e-09 -1.793638743244e-01 
 6.352800000000e-09 -3.127529690027e-01 
 6.362800000000e-09 -4.095469899034e-01 
 6.372800000000e-09 -4.567636452484e-01 
 6.382800000000e-09 -4.504366017233e-01 
 6.392800000000e-09 -3.935612525737e-01 
 6.402800000000e-09 -2.945254938180e-01 
 6.412800000000e-09 -1.650204064405e-01 
 6.422800000000e-09 -1.708833597115e-02 
 6.432800000000e-09  1.359408561924e-01 
 6.442800000000e-09  2.766241333919e-01 
 6.452800000000e-09  3.858660313725e-01 
 6.462800000000e-09  4.484266856508e-01 
 6.472800000000e-09  4.577873241047e-01 
 6.482800000000e-09  4.150894962905e-01 
 6.492800000000e-09  3.273264306318e-01 
 6.502800000000e-09  2.054716633263e-01 
 6.512800000000e-09  6.169820702782e-02 
 6.522800000000e-09 -9.145033030864e-02 
 6.532800000000e-09 -2.377554442554e-01 
 6.542800000000e-09 -3.581058626746e-01 
 6.552800000000e-09 -4.354805315844e-01 
 6.562800000000e-09 -4.606274390244e-01 
 6.572800000000e-09 -4.327147018125e-01 
 6.582800000000e-09 -3.571684919894e-01 
 6.592800000000e-09 -2.440197421449e-01 
 6.602800000000e-09 -1.054546499655e-01 
 6.612800000000e-09  4.641334544693e-02 
 6.622800000000e-09  1.966650157598e-01 
 6.632800000000e-09  3.266100667442e-01 
 6.642800000000e-09  4.179885031589e-01 
 6.652800000000e-09  4.588512897276e-01 
 6.662800000000e-09  4.461944520316e-01 
 6.672800000000e-09  3.837399345154e-01 
 6.682800000000e-09  2.803909907464e-01 
 6.692800000000e-09  1.480506163851e-01 
 6.702800000000e-09 -1.267642021729e-03 
 6.712800000000e-09 -1.538220230334e-01 
 6.722800000000e-09 -2.917371933790e-01 
 6.732800000000e-09 -3.960567117587e-01 
 6.742800000000e-09 -4.524089290297e-01 
 6.752800000000e-09 -4.553468713498e-01 
 6.762800000000e-09 -4.067806267742e-01 
 6.772800000000e-09 -3.142956234509e-01 
 6.782800000000e-09 -1.891897883567e-01 
 6.792800000000e-09 -4.358350602940e-02 
 6.802800000000e-09  1.096997261567e-01 
 6.812800000000e-09  2.539199656594e-01 
 6.822800000000e-09  3.699166936158e-01 
 6.832800000000e-09  4.413318105068e-01 
 6.842800000000e-09  4.600383777782e-01 
 6.852800000000e-09  4.260281313035e-01 
 6.862800000000e-09  3.453852977989e-01 
 6.872800000000e-09  2.285493042634e-01 
 6.882800000000e-09  8.773058103530e-02 
 6.892800000000e-09 -6.482521963984e-02 
 6.902800000000e-09 -2.136730450257e-01 
 6.912800000000e-09 -3.398998810396e-01 
 6.922800000000e-09 -4.256833029922e-01 
 6.932800000000e-09 -4.601533325708e-01 
 6.942800000000e-09 -4.412225098546e-01 
 6.952800000000e-09 -3.733229662595e-01 
 6.962800000000e-09 -2.658399971689e-01 
 6.972800000000e-09 -1.308342592340e-01 
 6.982800000000e-09  1.967427913220e-02 
 6.992800000000e-09  1.714885746283e-01 
 7.002800000000e-09  3.063556824964e-01 
 7.012800000000e-09  4.055403008603e-01 
 7.022800000000e-09  4.556125102792e-01 
 7.032800000000e-09  4.521561537318e-01 
 7.042800000000e-09  3.978331792969e-01 
 7.052800000000e-09  3.007899599343e-01 
 7.062800000000e-09  1.726066975732e-01 
 7.072800000000e-09  2.534816770151e-02 
 7.082800000000e-09 -1.278248625003e-01 
 7.092800000000e-09 -2.696783514043e-01 
 7.102800000000e-09 -3.810780088387e-01 
 7.112800000000e-09 -4.464166137274e-01 
 7.122800000000e-09 -4.586808741540e-01 
 7.132800000000e-09 -4.186599356833e-01 
 7.142800000000e-09 -3.330710428042e-01 
 7.152800000000e-09 -2.127301323792e-01 
 7.162800000000e-09 -6.982961488996e-02 
 7.172800000000e-09  8.319290985823e-02 
 7.182800000000e-09  2.303580373392e-01 
 7.192800000000e-09  3.525990835339e-01 
 7.202800000000e-09  4.326241045623e-01 
 7.212800000000e-09  4.606741101063e-01 
 7.222800000000e-09  4.355354994213e-01 
 7.232800000000e-09  3.623305933019e-01 
 7.242800000000e-09  2.508970230202e-01 
 7.252800000000e-09  1.133947074144e-01 
 7.262800000000e-09 -3.810324767799e-02 
 7.272800000000e-09 -1.889077912689e-01 
 7.282800000000e-09 -3.204495753993e-01 
 7.292800000000e-09 -4.142997056362e-01 
 7.302800000000e-09 -4.580366295883e-01 
 7.312800000000e-09 -4.482279056928e-01 
 7.322800000000e-09 -3.882694246585e-01 
 7.332800000000e-09 -2.868374106138e-01 
 7.342800000000e-09 -1.557466642897e-01 
 7.352800000000e-09 -7.020913766183e-03 
 7.362800000000e-09  1.457891347865e-01 
 7.372800000000e-09  2.849957991722e-01 
 7.382800000000e-09  3.915686077295e-01 
 7.392800000000e-09  4.507339164334e-01 
 7.402800000000e-09  4.565659578012e-01 
 7.412800000000e-09  4.106305575466e-01 
 7.422800000000e-09  3.202502947863e-01 
 7.432800000000e-09  1.965824621166e-01 
 7.442800000000e-09  5.177344261982e-02 
 7.452800000000e-09 -1.014864231675e-01 
 7.462800000000e-09 -2.466891290850e-01 
 7.472800000000e-09 -3.646860453863e-01 
 7.482800000000e-09 -4.388079932555e-01 
 7.492800000000e-09 -4.604208974674e-01 
 7.502800000000e-09 -4.291488108266e-01 
 7.512800000000e-09 -3.507824526442e-01 
 7.522800000000e-09 -2.355814348946e-01 
 7.532800000000e-09 -9.575191843486e-02 
 7.542800000000e-09  5.652691223636e-02 
 7.552800000000e-09  2.060485294151e-01 
 7.562800000000e-09  3.339911227871e-01 
 7.572800000000e-09  4.223225730682e-01 
 7.582800000000e-09  4.596809572000e-01 
 7.592800000000e-09  4.435711695147e-01 
 7.602800000000e-09  3.781076373205e-01 
 7.612800000000e-09  2.724625554521e-01 
 7.622800000000e-09  1.386330270690e-01 
 7.632800000000e-09 -1.136857470553e-02 
 7.642800000000e-09 -1.635551200565e-01 
 7.652800000000e-09 -2.998361057099e-01 
 7.662800000000e-09 -4.013653113268e-01 
 7.672800000000e-09 -4.542790617771e-01 
 7.682800000000e-09 -4.537018778324e-01 
 7.692800000000e-09 -4.019587782291e-01 
 7.702800000000e-09 -3.069474596245e-01 
 7.712800000000e-09 -1.801268434977e-01 
 7.722800000000e-09 -3.358645287895e-02 
 7.732800000000e-09  1.196716501393e-01 
 7.742800000000e-09  2.626315042649e-01 
 7.752800000000e-09  3.761368485268e-01 
 7.762800000000e-09  4.442307433367e-01 
 7.772800000000e-09  4.594000678271e-01 
 7.782800000000e-09  4.220772970309e-01 
 7.792800000000e-09  3.386976883046e-01 
 7.802800000000e-09  2.199118773294e-01 
 7.812800000000e-09  7.792524751191e-02 
 7.822800000000e-09 -7.491848160899e-02 
 7.832800000000e-09 -2.228807323178e-01 
 7.842800000000e-09 -3.469548654382e-01 
 7.852800000000e-09 -4.295976761828e-01 
 7.862800000000e-09 -4.605461983105e-01 
 7.872800000000e-09 -4.381977149561e-01 
 7.882800000000e-09 -3.673660293300e-01 
 7.892800000000e-09 -2.576889828454e-01 
 7.902800000000e-09 -1.212884816070e-01 
 7.912800000000e-09  2.979205195364e-02 
 7.922800000000e-09  1.810887609230e-01 
 7.932800000000e-09  3.141670207395e-01 
 7.942800000000e-09  4.104487360250e-01 
 7.952800000000e-09  4.570490565994e-01 
 7.962800000000e-09  4.500982991091e-01 
 7.972800000000e-09  3.926644171577e-01 
 7.982800000000e-09  2.931882101345e-01 
 7.992800000000e-09  1.633853332984e-01 
 8.002800000000e-09  1.529538797616e-02 
 8.012800000000e-09 -1.377127500827e-01 
 8.022800000000e-09 -2.781499461164e-01 
 8.032800000000e-09 -3.869287419333e-01 
 8.042800000000e-09 -4.488894916041e-01 
 8.052800000000e-09 -4.576200432836e-01 
 8.062800000000e-09 -4.143383634164e-01 
 8.072800000000e-09 -3.260977912202e-01 
 8.082800000000e-09 -2.039065366067e-01 
 8.092800000000e-09 -5.993437988162e-02 
 8.102800000000e-09  9.324965218369e-02 
 8.112800000000e-09  2.393740625361e-01 
 8.122800000000e-09  3.593177961853e-01 
 8.132800000000e-09  4.361192903642e-01 
 8.142800000000e-09  4.606365954363e-01 
 8.152800000000e-09  4.321201191658e-01 
 8.162800000000e-09  3.560620810207e-01 
 8.172800000000e-09  2.425357161601e-01 
 8.182800000000e-09  1.037329166924e-01 
 8.192800000000e-09 -4.822184855846e-02 
 8.202800000000e-09 -1.983578242599e-01 
 8.212800000000e-09 -3.279586013306e-01 
 8.222800000000e-09 -4.188015934553e-01 
 8.232800000000e-09 -4.590411425840e-01 
 8.242800000000e-09 -4.457653086844e-01 
 8.252800000000e-09 -3.827668337623e-01 
 8.262800000000e-09 -2.789983033519e-01 
 8.272800000000e-09 -1.463815575783e-01 
 8.282800000000e-09  3.070298437985e-03 
 8.292800000000e-09  1.555721768389e-01 
 8.302800000000e-09  2.932082006028e-01 
 8.312800000000e-09  3.970386883789e-01 
 8.322800000000e-09  4.527804781400e-01 
 8.332800000000e-09  4.550896745367e-01 
 8.342800000000e-09  4.059510293968e-01 
 8.352800000000e-09  3.130068828883e-01 
 8.362800000000e-09  1.875855077149e-01 
 8.372800000000e-09  4.180239717556e-02 
 8.382800000000e-09 -1.114879844181e-01 
 8.392800000000e-09 -2.554950926541e-01 
 8.402800000000e-09 -3.710565868852e-01 
 8.412800000000e-09 -4.418833803312e-01 
 8.422800000000e-09 -4.599584571322e-01 
 8.432800000000e-09 -4.253529592187e-01 
 8.442800000000e-09 -3.442146826288e-01 
 8.452800000000e-09 -2.270219965743e-01 
 8.462800000000e-09 -8.598591069074e-02 
 8.472800000000e-09  6.663143831597e-02 
 8.482800000000e-09  2.153322619591e-01 
 8.492800000000e-09  3.411845651311e-01 
 8.502800000000e-09  4.264130313599e-01 
 8.512800000000e-09  4.602553002724e-01 
 8.522800000000e-09  4.407115255643e-01 
 8.532800000000e-09  3.722826767083e-01 
 8.542800000000e-09  2.644006043081e-01 
 8.552800000000e-09  1.291375913426e-01 
 8.562800000000e-09 -2.148240629723e-02 
 8.572800000000e-09 -1.732145455802e-01 
 8.582800000000e-09 -3.077719148105e-01 
 8.592800000000e-09 -4.064447400052e-01 
 8.602800000000e-09 -4.558987831586e-01 
 8.612800000000e-09 -4.518166379728e-01 
 8.622800000000e-09 -3.969333283373e-01 
 8.632800000000e-09 -2.994488255343e-01 
 8.642800000000e-09 -1.709690350446e-01 
 8.652800000000e-09 -2.355416264876e-02 
 8.662800000000e-09  1.295987443892e-01 
 8.672800000000e-09  2.712087192390e-01 
 8.682800000000e-09  3.821475374704e-01 
 8.692800000000e-09  4.468857971584e-01 
 8.702800000000e-09  4.585182711244e-01 
 8.712800000000e-09  4.179112876154e-01 
 8.722800000000e-09  3.318429658972e-01 
 8.732800000000e-09  2.111647305105e-01 
 8.742800000000e-09  6.806582628227e-02 
 8.752800000000e-09 -8.499381237541e-02 
 8.762800000000e-09 -2.319821149319e-01 
 8.772800000000e-09 -3.538206138619e-01 
 8.782800000000e-09 -4.332739949412e-01 
 8.792800000000e-09 -4.606932420348e-01 
 8.802800000000e-09 -4.349485396791e-01 
 8.812800000000e-09 -3.612289316198e-01 
 8.822800000000e-09 -2.494150805271e-01 
 8.832800000000e-09 -1.116740943474e-01 
 8.842800000000e-09  3.991276559749e-02 
 8.852800000000e-09  1.906064550672e-01 
 8.862800000000e-09  3.218095352674e-01 
 8.872800000000e-09  4.151276237000e-01 
 8.882800000000e-09  4.582408100261e-01 
 8.892800000000e-09  4.478088757321e-01 
 8.902800000000e-09  3.873046137094e-01 
 8.912800000000e-09  2.854522969118e-01 
 8.922800000000e-09  1.540825671177e-01 
 8.932800000000e-09  5.220360639990e-03 
 8.942800000000e-09 -1.475430866315e-01 
 8.952800000000e-09 -2.864777884595e-01 
 8.962800000000e-09 -3.925673412862e-01 
 8.972800000000e-09 -4.511237480664e-01 
 8.982800000000e-09 -4.563260775337e-01 
 8.992800000000e-09 -4.098153702046e-01 
 9.002800000000e-09 -3.189721768019e-01 
 9.012800000000e-09 -1.949854148429e-01 
 9.022800000000e-09 -4.999637604726e-02 
 9.032800000000e-09  1.032764984738e-01 
 9.042800000000e-09  2.482739673045e-01 
 9.052800000000e-09  3.658430071805e-01 
 9.062800000000e-09  4.393800599193e-01 
 9.072800000000e-09  4.603614185676e-01 
 9.082800000000e-09  4.284916136305e-01 
 9.092800000000e-09  3.496257998603e-01 
 9.102800000000e-09  2.340635004102e-01 
 9.112800000000e-09  9.401297994707e-02 
 9.122800000000e-09 -5.833298641691e-02 
 9.132800000000e-09 -2.077159472674e-01 
 9.142800000000e-09 -3.352926753267e-01 
 9.152800000000e-09 -4.230745825406e-01 
 9.162800000000e-09 -4.598059691575e-01 
 9.172800000000e-09 -4.430811683606e-01 
 9.182800000000e-09 -3.770841655791e-01 
 9.192800000000e-09 -2.710342334204e-01 
 9.202800000000e-09 -1.369435909948e-01 
 9.212800000000e-09  1.317430936879e-02 
 9.222800000000e-09  1.652871647100e-01 
 9.232800000000e-09  3.012678124112e-01 
 9.242800000000e-09  4.022922781510e-01 
 9.252800000000e-09  4.545898501212e-01 
 9.262800000000e-09  4.533857399066e-01 
 9.272800000000e-09  4.010786043077e-01 
 9.282800000000e-09  3.056209303217e-01 
 9.292800000000e-09  1.784990565611e-01 
 9.302800000000e-09  3.179715396593e-02 
 9.312800000000e-09 -1.214490087948e-01 
 9.322800000000e-09 -2.641751735844e-01 
 9.332800000000e-09 -3.772281835568e-01 
 9.342800000000e-09 -4.447254649238e-01 
 9.352800000000e-09 -4.592629718199e-01 
 9.362800000000e-09 -4.213511848559e-01 
 9.372800000000e-09 -3.374872557875e-01 
 9.382800000000e-09 -2.183585521697e-01 
 9.392800000000e-09 -7.616839922144e-02 
 9.402800000000e-09  7.672000940186e-02 
 9.412800000000e-09  2.245155374531e-01 
 9.422800000000e-09  3.481969848607e-01 
 9.432800000000e-09  4.302739460255e-01 
 9.442800000000e-09  4.605926722186e-01 
 9.452800000000e-09  4.376357751749e-01 
 9.462800000000e-09  3.662845933745e-01 
 9.472800000000e-09  2.562210840609e-01 
 9.482800000000e-09  1.195765607842e-01 
 9.492800000000e-09 -3.159988352913e-02 
 9.502800000000e-09 -1.827958168254e-01 
 9.512800000000e-09 -3.155460026401e-01 
 9.522800000000e-09 -4.113031667357e-01 
 9.532800000000e-09 -4.572817454595e-01 
 9.542800000000e-09 -4.497081799311e-01 
 9.552800000000e-09 -3.917224215450e-01 
 9.562800000000e-09 -2.918168661292e-01 
 9.572800000000e-09 -1.617298054663e-01 
 9.582800000000e-09 -1.349704639486e-02 
 9.592800000000e-09  1.394737561562e-01 
 9.602800000000e-09  2.796492912786e-01 
 9.612800000000e-09  3.879529342480e-01 
 9.622800000000e-09  4.493075136711e-01 
 9.632800000000e-09  4.574072826895e-01 
 9.642800000000e-09  4.135462069085e-01 
 9.652800000000e-09  3.248367750052e-01 
 9.662800000000e-09  2.023203907868e-01 
 9.672800000000e-09  5.816213744569e-02 
 9.682800000000e-09 -9.504355559015e-02 
 9.692800000000e-09 -2.409733529174e-01 
 9.702800000000e-09 -3.604987759442e-01 
 9.712800000000e-09 -4.367201543902e-01 
 9.722800000000e-09 -4.606059825215e-01 
 9.732800000000e-09 -4.314884941839e-01 
 9.742800000000e-09 -3.549252899295e-01 
 9.752800000000e-09 -2.410307503095e-01 
 9.762800000000e-09 -1.020008426438e-01 
 9.772800000000e-09  5.002900760150e-02 
 9.782800000000e-09  2.000370020649e-01 
 9.792800000000e-09  3.292825309387e-01 
 9.802800000000e-09  4.195827184836e-01 
 9.812800000000e-09  4.591963275315e-01 
 9.822800000000e-09  4.453028993449e-01 
 9.832800000000e-09  3.817655056435e-01 
 9.842800000000e-09  2.775851040151e-01 
 9.852800000000e-09  1.447009527701e-01 
 9.862800000000e-09 -4.874619279237e-03 
 9.872800000000e-09 -1.573132464436e-01 
 9.882800000000e-09 -2.946599970318e-01 
 9.892800000000e-09 -3.979939711548e-01 
 9.902800000000e-09 -4.531219600965e-01 
 9.912800000000e-09 -4.548027129722e-01 
 9.922800000000e-09 -4.050953012360e-01 
 9.932800000000e-09 -3.116982041642e-01 
 9.942800000000e-09 -1.859689336986e-01 
 9.952800000000e-09 -4.001735657776e-02 
 9.962800000000e-09  1.132708979735e-01 
 9.972800000000e-09  2.570556459224e-01 
 9.982800000000e-09  3.721744603614e-01 
 9.992800000000e-09  4.424089372415e-01 
 1.000000000000e-08  4.603525445275e-01 
