% time-domain voltage integration by openEMS v0.0.36-93-g7b9cd51 @Tue Jan 20 10:05:15 2026
% start-coordinates: (-4.47425e-05,-2.452e-05,0.00015727) m -> [94,62,24]
% stop-coordinates: (-4.47425e-05,-2.452e-05,0.00016498) m -> [94,62,32]
% t/s	voltage
0	-0
3.56817448664e-13	-7.80125929134e-10
7.13634897328e-13	-1.08228617735e-09
1.07045234599e-12	-6.67018627831e-10
1.42726979466e-12	1.9587793193e-09
1.78408724332e-12	9.43245631602e-09
2.14090469198e-12	2.52247778221e-08
2.49772214065e-12	5.21811824861e-08
2.85453958931e-12	8.86450370885e-08
3.21135703797e-12	1.23140811326e-07
3.56817448664e-12	1.28698037116e-07
3.9249919353e-12	6.16854252122e-08
4.28180938397e-12	-1.29655351344e-07
4.63862683263e-12	-4.83043304911e-07
4.99544428129e-12	-9.89371486071e-07
5.35226172996e-12	-1.56137640772e-06
5.70907917862e-12	-2.02445561115e-06
6.06589662729e-12	-2.14773211837e-06
6.42271407595e-12	-1.72004681076e-06
6.77953152461e-12	-6.49591655133e-07
7.13634897328e-12	9.55747410103e-07
7.49316642194e-12	2.77517111158e-06
7.8499838706e-12	4.35276166399e-06
8.20680131927e-12	5.24741250274e-06
8.56361876793e-12	5.19556238032e-06
8.9204362166e-12	4.21327507638e-06
9.27725366526e-12	2.58984748314e-06
9.63407111392e-12	7.75745469639e-07
9.99088856259e-12	-7.82128772414e-07
1.03477060113e-11	-1.78456045319e-06
1.07045234599e-11	-2.14752240879e-06
1.10613409086e-11	-1.97978526728e-06
1.14181583572e-11	-1.49832246876e-06
1.17749758059e-11	-9.29856518894e-07
1.21317932546e-11	-4.39626175464e-07
1.24886107032e-11	-1.05239916337e-07
1.28454281519e-11	7.06353393554e-08
1.32022456006e-11	1.28221960161e-07
1.35590630492e-11	1.1871377481e-07
1.39158804979e-11	8.38652693957e-08
1.42726979466e-11	4.86389555299e-08
1.46295153952e-11	2.31970141984e-08
1.49863328439e-11	8.50693870902e-09
1.53431502925e-11	1.68139215745e-09
1.56999677412e-11	-6.40595403112e-10
1.60567851899e-11	-9.5088520391e-10
1.64136026385e-11	-6.37165719491e-10
1.67704200872e-11	-4.90778782197e-10
1.71272375359e-11	-4.98155568879e-10
1.74840549845e-11	-5.31529611991e-10
1.78408724332e-11	-5.53715882173e-10
1.81976898819e-11	-5.65197170316e-10
1.85545073305e-11	-5.45933673268e-10
1.89113247792e-11	-5.1947932761e-10
1.92681422278e-11	-5.05655715216e-10
1.96249596765e-11	-5.23455213203e-10
1.99817771252e-11	-5.5708969382e-10
2.03385945738e-11	-5.79241467291e-10
2.06954120225e-11	-5.7467462386e-10
2.10522294712e-11	-5.52840231927e-10
2.14090469198e-11	-5.25435955162e-10
2.17658643685e-11	-5.27298121833e-10
2.21226818172e-11	-5.46661375889e-10
2.24794992658e-11	-5.7691413452e-10
2.28363167145e-11	-5.97154298232e-10
2.31931341632e-11	-5.89138134111e-10
2.35499516118e-11	-5.60247945258e-10
2.39067690605e-11	-5.44387229739e-10
