 1.628000000000e-10  2.391767528085e-02 
 1.728000000000e-10  1.444047594613e-02 
 1.828000000000e-10  2.985179744784e-03 
 1.928000000000e-10 -9.188411694590e-03 
 2.028000000000e-10 -2.069556622387e-02 
 2.128000000000e-10 -3.017891820896e-02 
 2.228000000000e-10 -3.647145560782e-02 
 2.328000000000e-10 -3.873903839896e-02 
 2.428000000000e-10 -3.659201199151e-02 
 2.528000000000e-10 -3.014013798466e-02 
 2.628000000000e-10 -1.999416930773e-02 
 2.728000000000e-10 -7.206879892327e-03 
 2.828000000000e-10  6.830181795800e-03 
 2.928000000000e-10  2.053424244922e-02 
 3.028000000000e-10  3.230371948611e-02 
 3.128000000000e-10  4.070751834815e-02 
 3.228000000000e-10  4.466013269801e-02 
 3.328000000000e-10  4.356404990397e-02 
 3.428000000000e-10  3.739064015403e-02 
 3.528000000000e-10  2.669686575218e-02 
 3.628000000000e-10  1.257299535683e-02 
 3.728000000000e-10 -3.463145942437e-03 
 3.828000000000e-10 -1.962234297244e-02 
 3.928000000000e-10 -3.403318142681e-02 
 4.028000000000e-10 -4.496101493356e-02 
 4.128000000000e-10 -5.102364178721e-02 
 4.228000000000e-10 -5.136564317497e-02 
 4.328000000000e-10 -4.577114701194e-02 
 4.428000000000e-10 -3.470689130722e-02 
 4.528000000000e-10 -1.927863576960e-02 
 4.628000000000e-10 -1.123545279939e-03 
 4.728000000000e-10  1.775267931234e-02 
 4.828000000000e-10  3.518382413874e-02 
 4.928000000000e-10  4.909402507754e-02 
 5.028000000000e-10  5.775191679017e-02 
 5.128000000000e-10  5.998654463479e-02 
 5.228000000000e-10  5.534377031814e-02 
 5.328000000000e-10  4.415571209508e-02 
 5.428000000000e-10  2.751574527477e-02 
 5.528000000000e-10  7.163368740832e-03 
 5.628000000000e-10 -1.468014139904e-02 
 5.728000000000e-10 -3.553085931848e-02 
 5.828000000000e-10 -5.292957047698e-02 
 5.928000000000e-10 -6.473699575305e-02 
 6.028000000000e-10 -6.940232700782e-02 
 6.128000000000e-10 -6.616805154402e-02 
 6.228000000000e-10 -5.518310833478e-02 
 6.328000000000e-10 -3.748832235826e-02 
 6.428000000000e-10 -1.490317446509e-02 
 6.528000000000e-10  1.013604733609e-02 
 6.628000000000e-10  3.481197225268e-02 
 6.728000000000e-10  5.624092022857e-02 
 6.828000000000e-10  7.181176722232e-02 
 6.928000000000e-10  7.952467076002e-02 
 7.028000000000e-10  7.825211204353e-02 
 7.128000000000e-10  6.788973414449e-02 
 7.228000000000e-10  4.937561735383e-02 
 7.328000000000e-10  2.458969529162e-02 
 7.428000000000e-10 -3.826121788964e-03 
 7.528000000000e-10 -3.271692274588e-02 
 7.628000000000e-10 -5.873941083160e-02 
 7.728000000000e-10 -7.875069699151e-02 
 7.828000000000e-10 -9.021962018107e-02 
 7.928000000000e-10 -9.155909861592e-02 
 8.028000000000e-10 -8.234136091432e-02 
 8.128000000000e-10 -6.335094068079e-02 
 8.228000000000e-10 -3.648396566035e-02 
 8.328000000000e-10 -4.566008411172e-03 
 8.428000000000e-10  2.890505930049e-02 
 8.528000000000e-10  6.009774075212e-02 
 8.628000000000e-10  8.527640561550e-02 
 8.728000000000e-10  1.012847316265e-01 
 8.828000000000e-10  1.059855676605e-01 
 8.928000000000e-10  9.854782370390e-02 
 9.028000000000e-10  7.953257169755e-02 
 9.128000000000e-10  5.080859813954e-02 
 9.228000000000e-10  1.535578114233e-02 
 9.328000000000e-10 -2.299751914122e-02 
 9.428000000000e-10 -5.991550981092e-02 
 9.528000000000e-10 -9.101482753377e-02 
 9.628000000000e-10 -1.124265055842e-01 
 9.728000000000e-10 -1.213522716488e-01 
 9.828000000000e-10 -1.164485727337e-01 
 9.928000000000e-10 -9.797800182591e-02 
 1.002800000000e-09 -6.773555138872e-02 
 1.012800000000e-09 -2.882139726959e-02 
 1.022800000000e-09  1.462850022670e-02 
 1.032800000000e-09  5.777431968749e-02 
 1.042800000000e-09  9.554385265032e-02 
 1.052800000000e-09  1.232666960507e-01 
 1.062800000000e-09  1.373576691257e-01 
 1.072800000000e-09  1.358496478628e-01 
 1.082800000000e-09  1.186253982773e-01 
 1.092800000000e-09  8.734324836560e-02 
 1.102800000000e-09  4.518327289473e-02 
 1.112800000000e-09 -3.445043346443e-03 
 1.122800000000e-09 -5.321887561592e-02 
 1.132800000000e-09 -9.835731406309e-02 
 1.142800000000e-09 -1.333095563872e-01 
 1.152800000000e-09 -1.535823153669e-01 
 1.162800000000e-09 -1.564490642482e-01 
 1.172800000000e-09 -1.413004191933e-01 
 1.182800000000e-09 -1.095951729055e-01 
 1.192800000000e-09 -6.455682053002e-02 
 1.202800000000e-09 -1.082859843289e-02 
 1.212800000000e-09  4.582574896133e-02 
 1.222800000000e-09  9.892717806095e-02 
 1.232800000000e-09  1.419883201385e-01 
 1.242800000000e-09  1.694859794619e-01 
 1.252800000000e-09  1.777887888337e-01 
 1.262800000000e-09  1.656670716345e-01 
 1.272800000000e-09  1.342999173976e-01 
 1.282800000000e-09  8.691813569807e-02 
 1.292800000000e-09  2.836011835229e-02 
 1.302800000000e-09 -3.522975213604e-02 
 1.312800000000e-09 -9.672082734138e-02 
 1.322800000000e-09 -1.486678219010e-01 
 1.332800000000e-09 -1.844109038288e-01 
 1.342800000000e-09 -1.992493362007e-01 
 1.352800000000e-09 -1.911931995543e-01 
 1.362800000000e-09 -1.610600247153e-01 
 1.372800000000e-09 -1.120428845347e-01 
 1.382800000000e-09 -4.914102440154e-02 
 1.392800000000e-09  2.118932189328e-02 
 1.402800000000e-09  9.125203147388e-02 
 1.412800000000e-09  1.526735579925e-01 
 1.422800000000e-09  1.975850480157e-01 
 1.432800000000e-09  2.200717277194e-01 
 1.442800000000e-09  2.172125090880e-01 
 1.452800000000e-09  1.893337104163e-01 
 1.462800000000e-09  1.395437347841e-01 
 1.472800000000e-09  7.298581402862e-02 
 1.482800000000e-09 -3.634359847733e-03 
 1.492800000000e-09 -8.217093208824e-02 
 1.502800000000e-09 -1.534084481208e-01 
 1.512800000000e-09 -2.082465499002e-01 
 1.522800000000e-09 -2.394290892160e-01 
 1.532800000000e-09 -2.429296980886e-01 
 1.542800000000e-09 -2.184260133493e-01 
 1.552800000000e-09 -1.688623659700e-01 
 1.562800000000e-09 -9.951761833582e-02 
 1.572800000000e-09 -1.730754815960e-02 
 1.582800000000e-09  6.930019428443e-02 
 1.592800000000e-09  1.503930494926e-01 
 1.602800000000e-09  2.156822247279e-01 
 1.612800000000e-09  2.564814362816e-01 
 1.622800000000e-09  2.674881876371e-01 
 1.632800000000e-09  2.475517934560e-01 
 1.642800000000e-09  1.993293118929e-01 
 1.652800000000e-09  1.282122206027e-01 
 1.662800000000e-09  4.132057361451e-02 
 1.672800000000e-09 -5.266892538985e-02 
 1.682800000000e-09 -1.433346790178e-01 
 1.692800000000e-09 -2.193152260828e-01 
 1.702800000000e-09 -2.704597965934e-01 
 1.712800000000e-09 -2.900379359672e-01 
 1.722800000000e-09 -2.758833284542e-01 
 1.732800000000e-09 -2.302040580770e-01 
 1.742800000000e-09 -1.584408586992e-01 
 1.752800000000e-09 -6.793337038262e-02 
 1.762800000000e-09  3.250435526110e-02 
 1.772800000000e-09  1.321474530127e-01 
 1.782800000000e-09  2.187492299046e-01 
 1.792800000000e-09  2.807273500773e-01 
 1.802800000000e-09  3.098015518290e-01 
 1.812800000000e-09  3.026010771398e-01 
 1.822800000000e-09  2.607147887617e-01 
 1.832800000000e-09  1.895145388156e-01 
 1.842800000000e-09  9.656641235541e-02 
 1.852800000000e-09 -9.200141744841e-03 
 1.862800000000e-09 -1.169457080275e-01 
 1.872800000000e-09 -2.137831042588e-01 
 1.882800000000e-09 -2.868057242706e-01 
 1.892800000000e-09 -3.261105159331e-01 
 1.902800000000e-09 -3.269386984862e-01 
 1.912800000000e-09 -2.900944442402e-01 
 1.922800000000e-09 -2.207178784034e-01 
 1.932800000000e-09 -1.265743239175e-01 
 1.942800000000e-09 -1.672446483318e-02 
 1.952800000000e-09  9.801964004579e-02 
 1.962800000000e-09  2.044071910179e-01 
 1.972800000000e-09  2.883912216145e-01 
 1.982800000000e-09  3.384412322598e-01 
 1.992800000000e-09  3.482478138308e-01 
 2.002800000000e-09  3.176462860473e-01 
 2.012800000000e-09  2.513698621464e-01 
 2.022800000000e-09  1.573043304152e-01 
 2.032800000000e-09  4.467784752713e-02 
 2.042800000000e-09 -7.580605836649e-02 
 2.052800000000e-09 -1.908044365224e-01 
 2.062800000000e-09 -2.853810380658e-01 
 2.072800000000e-09 -3.464499525766e-01 
 2.082800000000e-09 -3.660314339379e-01 
 2.092800000000e-09 -3.427910526434e-01 
 2.102800000000e-09 -2.808830636897e-01 
 2.112800000000e-09 -1.881574966101e-01 
 2.122800000000e-09 -7.405968995131e-02 
 2.132800000000e-09  5.083438113782e-02 
 2.142800000000e-09  1.733217793489e-01 
 2.152800000000e-09  2.778739360704e-01 
 2.162800000000e-09  3.499956706546e-01 
 2.172800000000e-09  3.799710356812e-01 
 2.182800000000e-09  3.651016322232e-01 
 2.192800000000e-09  3.087807073497e-01 
 2.202800000000e-09  2.186166168611e-01 
 2.212800000000e-09  1.043023267275e-01 
 2.222800000000e-09 -2.367497643280e-02 
 2.232800000000e-09 -1.524225793634e-01 
 2.242800000000e-09 -2.661342997752e-01 
 2.252800000000e-09 -3.491153373410e-01 
 2.262800000000e-09 -3.899093494184e-01 
 2.272800000000e-09 -3.842799818431e-01 
 2.282800000000e-09 -3.346699811812e-01 
 2.292800000000e-09 -2.482497434771e-01 
 2.302800000000e-09 -1.349008756883e-01 
 2.312800000000e-09 -5.114194120635e-03 
 2.322800000000e-09  1.286238924528e-01 
 2.332800000000e-09  2.505338205013e-01 
 2.342800000000e-09  3.439766194721e-01 
 2.352800000000e-09  3.958195564500e-01 
 2.362800000000e-09  4.001372051834e-01 
 2.372800000000e-09  3.582490899062e-01 
 2.382800000000e-09  2.767171606902e-01 
 2.392800000000e-09  1.654365066440e-01 
 2.402800000000e-09  3.502754060836e-02 
 2.412800000000e-09 -1.024477841360e-01 
 2.422800000000e-09 -2.315025087181e-01 
 2.432800000000e-09 -3.348367454627e-01 
 2.442800000000e-09 -3.977748876302e-01 
 2.452800000000e-09 -4.125837193634e-01 
 2.462800000000e-09 -3.793086656939e-01 
 2.472800000000e-09 -3.037385415513e-01 
 2.482800000000e-09 -1.955525292981e-01 
 2.492800000000e-09 -6.560883420716e-02 
 2.502800000000e-09  7.440222611024e-02 
 2.512800000000e-09  2.094937456427e-01 
 2.522800000000e-09  3.220017173984e-01 
 2.532800000000e-09  3.959025790824e-01 
 2.542800000000e-09  4.215883565791e-01 
 2.552800000000e-09  3.976874748461e-01 
 2.562800000000e-09  3.290514653161e-01 
 2.572800000000e-09  2.249366804009e-01 
 2.582800000000e-09  9.645572763202e-02 
 2.592800000000e-09 -4.495860873505e-02 
 2.602800000000e-09 -1.849515449563e-01 
 2.612800000000e-09 -3.057938765317e-01 
 2.622800000000e-09 -3.903543638818e-01 
 2.632800000000e-09 -4.271533729738e-01 
 2.642800000000e-09 -4.132546841179e-01 
 2.652800000000e-09 -3.524290935319e-01 
 2.662800000000e-09 -2.533419205596e-01 
 2.672800000000e-09 -1.272457434165e-01 
 2.682800000000e-09  1.452250457486e-02 
 2.692800000000e-09  1.582888399023e-01 
 2.702800000000e-09  2.865465035811e-01 
 2.712800000000e-09  3.813185011659e-01 
 2.722800000000e-09  4.293358492598e-01 
 2.732800000000e-09  4.259421949786e-01 
 2.742800000000e-09  3.737114817805e-01 
 2.752800000000e-09  2.805752708888e-01 
 2.762800000000e-09  1.577185925674e-01 
 2.772800000000e-09  1.655384537976e-02 
 2.782800000000e-09 -1.298971535581e-01 
 2.792800000000e-09 -2.646075267003e-01 
 2.802800000000e-09 -3.690243036275e-01 
 2.812800000000e-09 -4.282405155186e-01 
 2.822800000000e-09 -4.357334390472e-01 
 2.832800000000e-09 -3.927847138497e-01 
 2.842800000000e-09 -3.064529535555e-01 
 2.852800000000e-09 -1.876305667109e-01 
 2.862800000000e-09 -4.793624597036e-02 
 2.872800000000e-09  1.001671717603e-01 
 2.882800000000e-09  2.403378251861e-01 
 2.892800000000e-09  3.537204514250e-01 
 2.902800000000e-09  4.239798783363e-01 
 2.912800000000e-09  4.426195777774e-01 
 2.922800000000e-09  4.095348352506e-01 
 2.932800000000e-09  3.307761110420e-01 
 2.942800000000e-09  2.167526979328e-01 
 2.952800000000e-09  7.932043217701e-02 
 2.962800000000e-09 -6.946866262964e-02 
 2.972800000000e-09 -2.140871006273e-01 
 2.982800000000e-09 -3.356522852874e-01 
 2.992800000000e-09 -4.166539403290e-01 
 3.002800000000e-09 -4.465873225267e-01 
 3.012800000000e-09 -4.238481719079e-01 
 3.022800000000e-09 -3.533622931821e-01 
 3.032800000000e-09 -2.449038041575e-01 
 3.042800000000e-09 -1.104696645548e-01 
 3.052800000000e-09  3.811005977405e-02 
 3.062800000000e-09  1.861651805772e-01 
 3.072800000000e-09  3.150539879290e-01 
 3.082800000000e-09  4.063653947349e-01 
 3.092800000000e-09  4.476440910219e-01 
 3.102800000000e-09  4.356439768086e-01 
 3.112800000000e-09  3.740747601825e-01 
 3.122800000000e-09  2.719458703635e-01 
 3.132800000000e-09  1.412061217730e-01 
 3.142800000000e-09 -6.340578283160e-03 
 3.152800000000e-09 -1.568448138613e-01 
 3.162800000000e-09 -2.921578488992e-01 
 3.172800000000e-09 -3.932400880724e-01 
 3.182800000000e-09 -4.458323886194e-01 
 3.192800000000e-09 -4.448841450094e-01 
 3.202800000000e-09 -3.928146264627e-01 
 3.212800000000e-09 -2.977454663261e-01 
 3.222800000000e-09 -1.713619033828e-01 
 3.232800000000e-09 -2.560359656749e-02 
 3.242800000000e-09  1.264019709294e-01 
 3.252800000000e-09  2.672189147330e-01 
 3.262800000000e-09  3.774430412745e-01 
 3.272800000000e-09  4.412207789646e-01 
 3.282800000000e-09  4.515463126862e-01 
 3.292800000000e-09  4.094833015590e-01 
 3.302800000000e-09  3.221430587346e-01 
 3.312800000000e-09  2.007554388621e-01 
 3.322800000000e-09  5.747743465747e-02 
 3.332800000000e-09 -9.513402236525e-02 
 3.342800000000e-09 -2.405167643645e-01 
 3.352800000000e-09 -3.591632539559e-01 
 3.362800000000e-09 -4.338790551814e-01 
 3.372800000000e-09 -4.556040795673e-01 
 3.382800000000e-09 -4.239700123437e-01 
 3.392800000000e-09 -3.449695503350e-01 
 3.402800000000e-09 -2.292229226791e-01 
 3.412800000000e-09 -8.906674289459e-02 
 3.422800000000e-09  6.331853166068e-02 
 3.432800000000e-09  2.123211845060e-01 
 3.442800000000e-09  3.385894123048e-01 
 3.452800000000e-09  4.238685612429e-01 
 3.462800000000e-09  4.570341387123e-01 
 3.472800000000e-09  4.361770354687e-01 
 3.482800000000e-09  3.660845600664e-01 
 3.492800000000e-09  2.566410010502e-01 
 3.502800000000e-09  1.202157327057e-01 
 3.512800000000e-09 -3.117586315107e-02 
 3.522800000000e-09 -1.828622180250e-01 
 3.532800000000e-09 -3.158960733872e-01 
 3.542800000000e-09 -4.112495923463e-01 
 3.552800000000e-09 -4.558283830364e-01 
 3.562800000000e-09 -4.460348941101e-01 
 3.572800000000e-09 -3.853830744573e-01 
 3.582800000000e-09 -2.829049745504e-01 
 3.592800000000e-09 -1.508005716561e-01 
 3.602800000000e-09 -1.113480448119e-03 
 3.612800000000e-09  1.523440519024e-01 
 3.622800000000e-09  2.912597525580e-01 
 3.632800000000e-09  3.961056080318e-01 
 3.642800000000e-09  4.520034076730e-01 
 3.652800000000e-09  4.534982934604e-01 
 3.662800000000e-09  4.027730762751e-01 
 3.672800000000e-09  3.078919683608e-01 
 3.682800000000e-09  1.806838590420e-01 
 3.692800000000e-09  3.335964594959e-02 
 3.702800000000e-09 -1.209923470831e-01 
 3.712800000000e-09 -2.648912475580e-01 
 3.722800000000e-09 -3.785675042312e-01 
 3.732800000000e-09 -4.456004760665e-01 
 3.742800000000e-09 -4.585289278049e-01 
 3.752800000000e-09 -4.181497073827e-01 
 3.762800000000e-09 -3.314477556123e-01 
 3.772800000000e-09 -2.097127070473e-01 
 3.782800000000e-09 -6.536200012318e-02 
 3.792800000000e-09  8.905885638001e-02 
 3.802800000000e-09  2.370303969700e-01 
 3.812800000000e-09  3.587958213402e-01 
 3.822800000000e-09  4.366673925432e-01 
 3.832800000000e-09  4.610914176766e-01 
 3.842800000000e-09  4.314049990339e-01 
 3.852800000000e-09  3.534217286424e-01 
 3.862800000000e-09  2.377559371674e-01 
 3.872800000000e-09  9.695215755238e-02 
 3.882800000000e-09 -5.677373884812e-02 
 3.892800000000e-09 -2.079057733399e-01 
 3.902800000000e-09 -3.369501889364e-01 
 3.912800000000e-09 -4.252446794836e-01 
 3.922800000000e-09 -4.611567295069e-01 
 3.932800000000e-09 -4.424501377802e-01 
 3.942800000000e-09 -3.736946641911e-01 
 3.952800000000e-09 -2.647141669536e-01 
 3.962800000000e-09 -1.280103524826e-01 
 3.972800000000e-09  2.431534456954e-02 
 3.982800000000e-09  1.777085619509e-01 
 3.992800000000e-09  3.131763377561e-01 
 4.002800000000e-09  4.113718907272e-01 
 4.012800000000e-09  4.587069503160e-01 
 4.022800000000e-09  4.512172953677e-01 
 4.032800000000e-09  3.921713907562e-01 
 4.042800000000e-09  2.904906262536e-01 
 4.052800000000e-09  1.584309316954e-01 
 4.062800000000e-09  8.162802060919e-03 
 4.072800000000e-09 -1.466152923553e-01 
 4.082800000000e-09 -2.876290300336e-01 
 4.092800000000e-09 -3.951172255487e-01 
 4.102800000000e-09 -4.537470372370e-01 
 4.112800000000e-09 -4.576549473497e-01 
 4.122800000000e-09 -4.087571622409e-01 
 4.132800000000e-09 -3.149603506296e-01 
 4.142800000000e-09 -1.880856901250e-01 
 4.152800000000e-09 -4.048807937177e-02 
 4.162800000000e-09  1.148342219884e-01 
 4.172800000000e-09  2.605045151211e-01 
 4.182800000000e-09  3.766019828261e-01 
 4.192800000000e-09  4.463081117304e-01 
 4.202800000000e-09  4.617180003116e-01 
 4.212800000000e-09  4.233430893819e-01 
 4.222800000000e-09  3.379717891599e-01 
 4.232800000000e-09  2.168358643417e-01 
 4.242800000000e-09  7.248097810366e-02 
 4.252800000000e-09 -8.259727101696e-02 
 4.262800000000e-09 -2.320260571935e-01 
 4.272800000000e-09 -3.559757485678e-01 
 4.282800000000e-09 -4.364284021624e-01 
 4.292800000000e-09 -4.633685471384e-01 
 4.302800000000e-09 -4.358251944628e-01 
 4.312800000000e-09 -3.593860432224e-01 
 4.322800000000e-09 -2.445672631742e-01 
 4.332800000000e-09 -1.039976527843e-01 
 4.342800000000e-09  5.010908086802e-02 
 4.352800000000e-09  2.024006098392e-01 
 4.362800000000e-09  3.333835521277e-01 
 4.372800000000e-09  4.241380274023e-01 
 4.382800000000e-09  4.625749186676e-01 
 4.392800000000e-09  4.461195405984e-01 
 4.402800000000e-09  3.790947357771e-01 
 4.412800000000e-09  2.711901565862e-01 
 4.422800000000e-09  1.349348880515e-01 
 4.432800000000e-09 -1.752678317093e-02 
 4.442800000000e-09 -1.717998581475e-01 
 4.452800000000e-09 -3.089580799897e-01 
 4.462800000000e-09 -4.094675761918e-01 
 4.472800000000e-09 -4.593151406673e-01 
 4.482800000000e-09 -4.541601498506e-01 
 4.492800000000e-09 -3.970063943954e-01 
 4.502800000000e-09 -2.966074848090e-01 
 4.512800000000e-09 -1.651917774907e-01 
 4.522800000000e-09 -1.500549889337e-02 
 4.532800000000e-09  1.403917416360e-01 
 4.542800000000e-09  2.828497140802e-01 
 4.552800000000e-09  3.924868241886e-01 
 4.562800000000e-09  4.535932679279e-01 
 4.572800000000e-09  4.598924291268e-01 
 4.582800000000e-09  4.130219599921e-01 
 4.592800000000e-09  3.206886640855e-01 
 4.602800000000e-09  1.946410763438e-01 
 4.612800000000e-09  4.731972233387e-02 
 4.622800000000e-09 -1.083818781470e-01 
 4.632800000000e-09 -2.552534004262e-01 
 4.642800000000e-09 -3.733176989469e-01 
 4.652800000000e-09 -4.454379087595e-01 
 4.662800000000e-09 -4.632698463966e-01 
 4.672800000000e-09 -4.270310647770e-01 
 4.682800000000e-09 -3.432840953959e-01 
 4.692800000000e-09 -2.231521275514e-01 
 4.702800000000e-09 -7.924823069085e-02 
 4.712800000000e-09  7.599253279187e-02 
 4.722800000000e-09  2.263851161460e-01 
 4.732800000000e-09  3.521057148200e-01 
 4.742800000000e-09  4.348826497966e-01 
 4.752800000000e-09  4.642544503443e-01 
 4.762800000000e-09  4.389340496993e-01 
 4.772800000000e-09  3.642636149964e-01 
 4.782800000000e-09  2.506210406843e-01 
 4.792800000000e-09  1.106625817127e-01 
 4.802800000000e-09 -4.341190034425e-02 
 4.812800000000e-09 -1.964383625018e-01 
 4.822800000000e-09 -3.289876036749e-01 
 4.832800000000e-09 -4.219518106840e-01 
 4.842800000000e-09 -4.628136117582e-01 
 4.852800000000e-09 -4.486508789768e-01 
 4.862800000000e-09 -3.835256931441e-01 
 4.872800000000e-09 -2.769616697285e-01 
 4.882800000000e-09 -1.414677823887e-01 
 4.892800000000e-09  1.078489682491e-02 
 4.902800000000e-09  1.655742044081e-01 
 4.912800000000e-09  3.040909517609e-01 
 4.922800000000e-09  4.066756195266e-01 
 4.932800000000e-09  4.589259098853e-01 
 4.942800000000e-09  4.561169278660e-01 
 4.952800000000e-09  4.009793112917e-01 
 4.962800000000e-09  3.020732536758e-01 
 4.972800000000e-09  1.715612715906e-01 
 4.982800000000e-09  2.174441186926e-02 
 4.992800000000e-09 -1.339619527637e-01 
 5.002800000000e-09 -2.775702229620e-01 
 5.012800000000e-09 -3.891312869406e-01 
 5.022800000000e-09 -4.525983747875e-01 
 5.032800000000e-09 -4.612773015471e-01 
 5.042800000000e-09 -4.165212719678e-01 
 5.052800000000e-09 -3.258181808512e-01 
 5.062800000000e-09 -2.008140510674e-01 
 5.072800000000e-09 -5.400867578346e-02 
 5.082800000000e-09  1.018097865791e-01 
 5.092800000000e-09  2.496239286337e-01 
 5.102800000000e-09  3.694455544024e-01 
 5.112800000000e-09  4.438603460144e-01 
 5.122800000000e-09  4.640863305247e-01 
 5.132800000000e-09  4.300416966305e-01 
 5.142800000000e-09  3.480498692739e-01 
 5.152800000000e-09  2.291019387039e-01 
 5.162800000000e-09  8.584910913231e-02 
 5.172800000000e-09 -6.933322298898e-02 
 5.182800000000e-09 -2.204634682781e-01 
 5.192800000000e-09 -3.477618366221e-01 
 5.202800000000e-09 -4.327423441609e-01 
 5.212800000000e-09 -4.645067735135e-01 
 5.222800000000e-09 -4.414453492016e-01 
 5.232800000000e-09 -3.686456355435e-01 
 5.242800000000e-09 -2.563282844891e-01 
 5.252800000000e-09 -1.171486153136e-01 
 5.262800000000e-09  3.670771918192e-02 
 5.272800000000e-09  1.902722292173e-01 
 5.282800000000e-09  3.242114463878e-01 
 5.292800000000e-09  4.192657155473e-01 
 5.302800000000e-09  4.625061574023e-01 
 5.312800000000e-09  4.506553880494e-01 
 5.322800000000e-09  3.875084874787e-01 
 5.332800000000e-09  2.824074474325e-01 
 5.342800000000e-09  1.478156984886e-01 
 5.352800000000e-09 -4.071647304107e-03 
 5.362800000000e-09 -1.592062288447e-01 
 5.372800000000e-09 -2.989218247772e-01 
 5.382800000000e-09 -4.034650477867e-01 
 5.392800000000e-09 -4.580662198068e-01 
 5.402800000000e-09 -4.576088855616e-01 
 5.412800000000e-09 -4.045462299490e-01 
 5.422800000000e-09 -3.072319791815e-01 
 5.432800000000e-09 -1.777432535912e-01 
 5.442800000000e-09 -2.842800811491e-02 
 5.452800000000e-09  1.274399386533e-01 
 5.462800000000e-09  2.720546902425e-01 
 5.472800000000e-09  3.854275001209e-01 
 5.482800000000e-09  4.511986648474e-01 
 5.492800000000e-09  4.622519868886e-01 
 5.502800000000e-09  4.196525589239e-01 
 5.512800000000e-09  3.306595625994e-01 
 5.522800000000e-09  2.068011180766e-01 
 5.532800000000e-09  6.062333840568e-02 
 5.542800000000e-09 -9.518570785001e-02 
 5.552800000000e-09 -2.438134445145e-01 
 5.562800000000e-09 -3.652852848997e-01 
 5.572800000000e-09 -4.419340984488e-01 
 5.582800000000e-09 -4.645406148806e-01 
 5.592800000000e-09 -4.327191104594e-01 
 5.602800000000e-09 -3.525469829604e-01 
 5.612800000000e-09 -2.348709308530e-01 
 5.622800000000e-09 -9.236400670583e-02 
 5.632800000000e-09  6.265225083505e-02 
 5.642800000000e-09  2.144049756791e-01 
 5.652800000000e-09  3.431798092881e-01 
 5.662800000000e-09  4.303003257268e-01 
 5.672800000000e-09  4.644383318405e-01 
 5.682800000000e-09  4.436550163834e-01 
 5.692800000000e-09  3.727783599250e-01 
 5.702800000000e-09  2.618614759679e-01 
 5.712800000000e-09  1.235420000597e-01 
 5.722800000000e-09 -3.000411286650e-02 
 5.732800000000e-09 -1.840041452032e-01 
 5.742800000000e-09 -3.192385953663e-01 
 5.752800000000e-09 -4.163178056153e-01 
 5.762800000000e-09 -4.619137447123e-01 
 5.772800000000e-09 -4.523862215282e-01 
 5.782800000000e-09 -3.912596811855e-01 
 5.792800000000e-09 -2.876852967740e-01 
 5.802800000000e-09 -1.540662345116e-01 
 5.812800000000e-09 -2.623376714940e-03 
 5.822800000000e-09  1.527654319683e-01 
 5.832800000000e-09  2.935919657070e-01 
 5.842800000000e-09  4.000283831435e-01 
 5.852800000000e-09  4.569532708006e-01 
 5.862800000000e-09  4.588517279914e-01 
 5.872800000000e-09  4.078966733414e-01 
 5.882800000000e-09  3.122275064976e-01 
 5.892800000000e-09  1.838240743607e-01 
 5.902800000000e-09  3.507853947299e-02 
 5.912800000000e-09 -1.208708342904e-01 
 5.922800000000e-09 -2.664106108739e-01 
 5.932800000000e-09 -3.815300460361e-01 
 5.942800000000e-09 -4.495736916193e-01 
 5.952800000000e-09 -4.629992549770e-01 
 5.962800000000e-09 -4.225806509500e-01 
 5.972800000000e-09 -3.353423727307e-01 
 5.982800000000e-09 -2.126851917471e-01 
 5.992800000000e-09 -6.719386042255e-02 
 6.002800000000e-09  8.853593657816e-02 
 6.012800000000e-09  2.379020005387e-01 
 6.022800000000e-09  3.609595747326e-01 
 6.032800000000e-09  4.398064265628e-01 
 6.042800000000e-09  4.647865499121e-01 
 6.052800000000e-09  4.352057712125e-01 
 6.062800000000e-09  3.568911256693e-01 
 6.072800000000e-09  2.405372037946e-01 
 6.082800000000e-09  9.882779125117e-02 
 6.092800000000e-09 -5.596163893696e-02 
 6.102800000000e-09 -2.082676599176e-01 
 6.112800000000e-09 -3.384558759637e-01 
 6.122800000000e-09 -4.276766173069e-01 
 6.132800000000e-09 -4.641778989834e-01 
 6.142800000000e-09 -4.456853722927e-01 
 6.152800000000e-09 -3.767641122803e-01 
 6.162800000000e-09 -2.672928592331e-01 
 6.172800000000e-09 -1.298796173506e-01 
 6.182800000000e-09  2.330296910864e-02 
 6.192800000000e-09  1.776750926363e-01 
 6.202800000000e-09  3.141439939835e-01 
 6.212800000000e-09  4.132057501886e-01 
 6.222800000000e-09  4.611438854814e-01 
 6.232800000000e-09  4.539478893801e-01 
 6.242800000000e-09  3.948690019281e-01 
 6.252800000000e-09  2.928610429511e-01 
 6.262800000000e-09  1.602563370384e-01 
 6.272800000000e-09  9.305040197261e-03 
 6.282800000000e-09 -1.462801076420e-01 
 6.292800000000e-09 -2.881594548762e-01 
 6.302800000000e-09 -3.964449174425e-01 
 6.312800000000e-09 -4.556765154594e-01 
 6.322800000000e-09 -4.599343611301e-01 
 6.332800000000e-09 -4.111088418286e-01 
 6.342800000000e-09 -3.171193106012e-01 
 6.352800000000e-09 -1.898397735008e-01 
 6.362800000000e-09 -4.170552527726e-02 
 6.372800000000e-09  1.142731744962e-01 
 6.382800000000e-09  2.606823584830e-01 
 6.392800000000e-09  3.775026797376e-01 
 6.402800000000e-09  4.477973218926e-01 
 6.412800000000e-09  4.635943398020e-01 
 6.422800000000e-09  4.253734600787e-01 
 6.432800000000e-09  3.399201195315e-01 
 6.442800000000e-09  2.185008515993e-01 
 6.452800000000e-09  7.373305343936e-02 
 6.462800000000e-09 -8.187118610750e-02 
 6.472800000000e-09 -2.319226047085e-01 
 6.482800000000e-09 -3.565189696097e-01 
 6.492800000000e-09 -4.375377609277e-01 
 6.502800000000e-09 -4.648873505833e-01 
 6.512800000000e-09 -4.375603193249e-01 
 6.522800000000e-09 -3.611300611961e-01 
 6.532800000000e-09 -2.461332690382e-01 
 6.542800000000e-09 -1.052552157649e-01 
 6.552800000000e-09  4.926613881220e-02 
 6.562800000000e-09  2.020753733159e-01 
 6.572800000000e-09  3.336296763413e-01 
 6.582800000000e-09  4.249208892641e-01 
 6.592800000000e-09  4.637784446348e-01 
 6.602800000000e-09  4.475861613354e-01 
 6.612800000000e-09  3.806446200344e-01 
 6.622800000000e-09  2.726519041553e-01 
 6.632800000000e-09  1.361765437705e-01 
 6.642800000000e-09 -1.660519976672e-02 
 6.652800000000e-09 -1.713021163311e-01 
 6.662800000000e-09 -3.089586278480e-01 
 6.672800000000e-09 -4.099696412253e-01 
 6.682800000000e-09 -4.602405035228e-01 
 6.692800000000e-09 -4.553829335151e-01 
 6.702800000000e-09 -3.983728310529e-01 
 6.712800000000e-09 -2.979612154891e-01 
 6.722800000000e-09 -1.664008270306e-01 
 6.732800000000e-09 -1.597488984383e-02 
 6.742800000000e-09  1.397624889073e-01 
 6.752800000000e-09  2.826487179811e-01 
 6.762800000000e-09  3.927475216528e-01 
 6.772800000000e-09  4.542725945026e-01 
 6.782800000000e-09  4.608929485893e-01 
 6.792800000000e-09  4.142143036391e-01 
 6.802800000000e-09  3.219312166902e-01 
 6.812800000000e-09  1.958047719486e-01 
 6.822800000000e-09  4.831240522249e-02 
 6.832800000000e-09 -1.076552873966e-01 
 6.842800000000e-09 -2.548888429958e-01 
 6.852800000000e-09 -3.733719853106e-01 
 6.862800000000e-09 -4.458997950339e-01 
 6.872800000000e-09 -4.640678216659e-01 
 6.882800000000e-09 -4.280583944079e-01 
 6.892800000000e-09 -3.444142785594e-01 
 6.902800000000e-09 -2.242620178872e-01 
 6.912800000000e-09 -8.024588170793e-02 
 6.922800000000e-09  7.519639109612e-02 
 6.932800000000e-09  2.258893765942e-01 
 6.942800000000e-09  3.519845726511e-01 
 6.952800000000e-09  4.351527656753e-01 
 6.962800000000e-09  4.648686606466e-01 
 6.972800000000e-09  4.398064194534e-01 
 6.982800000000e-09  3.652829920043e-01 
 6.992800000000e-09  2.516721881813e-01 
 7.002800000000e-09  1.116520931214e-01 
 7.012800000000e-09 -4.256811606467e-02 
 7.022800000000e-09 -1.958383913136e-01 
 7.032800000000e-09 -3.287178677562e-01 
 7.042800000000e-09 -4.220525809785e-01 
 7.052800000000e-09 -4.632612889357e-01 
 7.062800000000e-09 -4.493786106749e-01 
 7.072800000000e-09 -3.844374726439e-01 
 7.082800000000e-09 -2.779507999830e-01 
 7.092800000000e-09 -1.424392123507e-01 
 7.102800000000e-09  9.911009237090e-03 
 7.112800000000e-09  1.648924921037e-01 
 7.122800000000e-09  3.036958423014e-01 
 7.132800000000e-09  4.066266355088e-01 
 7.142800000000e-09  4.592223004228e-01 
 7.152800000000e-09  4.567094279803e-01 
 7.162800000000e-09  4.017865908801e-01 
 7.172800000000e-09  3.029970466386e-01 
 7.182800000000e-09  1.725061262975e-01 
 7.192800000000e-09  2.263356019297e-02 
 7.202800000000e-09 -1.332180777829e-01 
 7.212800000000e-09 -2.770705329262e-01 
 7.222800000000e-09 -3.889504604436e-01 
 7.232800000000e-09 -4.527571323476e-01 
 7.242800000000e-09 -4.617428246080e-01 
 7.252800000000e-09 -4.172263607849e-01 
 7.262800000000e-09 -3.266732640947e-01 
 7.272800000000e-09 -2.017253645150e-01 
 7.282800000000e-09 -5.490071276871e-02 
 7.292800000000e-09  1.010209641402e-01 
 7.302800000000e-09  2.490384587460e-01 
 7.312800000000e-09  3.691495141157e-01 
 7.322800000000e-09  4.438939090748e-01 
 7.332800000000e-09  4.644326225860e-01 
 7.342800000000e-09  4.306470248909e-01 
 7.352800000000e-09  3.488339918146e-01 
 7.362800000000e-09  2.299748731855e-01 
 7.372800000000e-09  8.673472776543e-02 
 7.382800000000e-09 -6.851364858139e-02 
 7.392800000000e-09 -2.198084620469e-01 
 7.402800000000e-09 -3.473654647499e-01 
 7.412800000000e-09 -4.326617510325e-01 
 7.422800000000e-09 -4.647412435574e-01 
 7.432800000000e-09 -4.419540618586e-01 
 7.442800000000e-09 -3.693581339164e-01 
 7.452800000000e-09 -2.571597266648e-01 
 7.462800000000e-09 -1.180211827301e-01 
 7.472800000000e-09  3.586846876950e-02 
 7.482800000000e-09  1.895611294870e-01 
 7.492800000000e-09  3.237276458548e-01 
 7.502800000000e-09  4.190805645855e-01 
 7.512800000000e-09  4.626355738064e-01 
 7.522800000000e-09  4.510708351106e-01 
 7.532800000000e-09  3.881494652419e-01 
 7.542800000000e-09  2.831947069595e-01 
 7.552800000000e-09  1.486697807346e-01 
 7.562800000000e-09 -3.221883498265e-03 
 7.572800000000e-09 -1.584505963451e-01 
 7.582800000000e-09 -2.983622578513e-01 
 7.592800000000e-09 -4.031843406999e-01 
 7.602800000000e-09 -4.580968653097e-01 
 7.612800000000e-09 -4.579341214180e-01 
 7.622800000000e-09 -4.051155009447e-01 
 7.632800000000e-09 -3.079717457807e-01 
 7.642800000000e-09 -1.785735573915e-01 
 7.652800000000e-09 -2.927982497941e-02 
 7.662800000000e-09  1.266507675560e-01 
 7.672800000000e-09  2.714307605952e-01 
 7.682800000000e-09  3.850604352477e-01 
 7.692800000000e-09  4.511366090076e-01 
 7.702800000000e-09  4.624897508438e-01 
 7.712800000000e-09  4.201494574915e-01 
 7.722800000000e-09  3.313482844702e-01 
 7.732800000000e-09  2.076029662079e-01 
 7.742800000000e-09  6.146976810317e-02 
 7.752800000000e-09 -9.437330180377e-02 
 7.762800000000e-09 -2.431360735942e-01 
 7.772800000000e-09 -3.648409051359e-01 
 7.782800000000e-09 -4.417850086567e-01 
 7.792800000000e-09 -4.646936194978e-01 
 7.802800000000e-09 -4.331432642819e-01 
 7.812800000000e-09 -3.531819378057e-01 
 7.822800000000e-09 -2.356409421332e-01 
 7.832800000000e-09 -9.319948600883e-02 
 7.842800000000e-09  6.182511583391e-02 
 7.852800000000e-09  2.136836477718e-01 
 7.862800000000e-09  3.426662485067e-01 
 7.872800000000e-09  4.300690825801e-01 
 7.882800000000e-09  4.645091854812e-01 
 7.892800000000e-09  4.440066419229e-01 
 7.902800000000e-09  3.733579075113e-01 
 7.912800000000e-09  2.625972092971e-01 
 7.922800000000e-09  1.243625344996e-01 
 7.932800000000e-09 -2.916881592663e-02 
 7.942800000000e-09 -1.832466732575e-01 
 7.952800000000e-09 -3.186629933722e-01 
 7.962800000000e-09 -4.160087675689e-01 
 7.972800000000e-09 -4.619049061586e-01 
 7.982800000000e-09 -4.526657502107e-01 
 7.992800000000e-09 -3.917825540256e-01 
 8.002800000000e-09 -2.883841494563e-01 
 8.012800000000e-09 -1.548681092630e-01 
 8.022800000000e-09 -3.461011153234e-03 
 8.032800000000e-09  1.519790087022e-01 
 8.042800000000e-09  2.929613819219e-01 
 8.052800000000e-09  3.996463913759e-01 
 8.062800000000e-09  4.568674268156e-01 
 8.072800000000e-09  4.590596029177e-01 
 8.082800000000e-09  4.083612458733e-01 
 8.092800000000e-09  3.128860400852e-01 
 8.102800000000e-09  1.846032000574e-01 
 8.112800000000e-09  3.591255452253e-02 
 8.122800000000e-09 -1.200630901700e-01 
 8.132800000000e-09 -2.657327253479e-01 
 8.142800000000e-09 -3.810808320982e-01 
 8.152800000000e-09 -4.494138141014e-01 
 8.162800000000e-09 -4.631359472512e-01 
 8.172800000000e-09 -4.229850141453e-01 
 8.182800000000e-09 -3.359569529611e-01 
 8.192800000000e-09 -2.134378467304e-01 
 8.202800000000e-09 -6.801888704048e-02 
 8.212800000000e-09  8.771430610733e-02 
 8.222800000000e-09  2.371844665453e-01 
 8.232800000000e-09  3.604490282518e-01 
 8.242800000000e-09  4.395753242726e-01 
 8.252800000000e-09  4.648526656483e-01 
 8.262800000000e-09  4.355484118808e-01 
 8.272800000000e-09  3.574588820985e-01 
 8.282800000000e-09  2.412606435283e-01 
 8.292800000000e-09  9.963990213570e-02 
 8.302800000000e-09 -5.513214944459e-02 
 8.312800000000e-09 -2.075170573669e-01 
 8.322800000000e-09 -3.378892728476e-01 
 8.332800000000e-09 -4.273765756323e-01 
 8.342800000000e-09 -4.641740340143e-01 
 8.352800000000e-09 -4.459652956900e-01 
 8.362800000000e-09 -3.772830075701e-01 
 8.372800000000e-09 -2.679848712341e-01 
 8.382800000000e-09 -1.306758927596e-01 
 8.392800000000e-09  2.247028954874e-02 
 8.402800000000e-09  1.768968841124e-01 
 8.412800000000e-09  3.135261329674e-01 
 8.422800000000e-09  4.128390765544e-01 
 8.432800000000e-09  4.610707849962e-01 
 8.442800000000e-09  4.541643304512e-01 
 8.452800000000e-09  3.953371469840e-01 
 8.462800000000e-09  2.935189215310e-01 
 8.472800000000e-09  1.610336445149e-01 
 8.482800000000e-09  1.013634534660e-02 
 8.492800000000e-09 -1.454798322919e-01 
 8.502800000000e-09 -2.874956591955e-01 
 8.512800000000e-09 -3.960149313354e-01 
 8.522800000000e-09 -4.555354778057e-01 
 8.532800000000e-09 -4.600867078164e-01 
 8.542800000000e-09 -4.115239600246e-01 
 8.552800000000e-09 -3.177394759905e-01 
 8.562800000000e-09 -1.905944675140e-01 
 8.572800000000e-09 -4.253047426928e-02 
 8.582800000000e-09  1.134571911955e-01 
 8.592800000000e-09  2.599788820340e-01 
 8.602800000000e-09  3.770137791432e-01 
 8.612800000000e-09  4.475900622617e-01 
 8.622800000000e-09  4.636821479732e-01 
 8.632800000000e-09  4.257331464368e-01 
 8.642800000000e-09  3.404989411317e-01 
 8.652800000000e-09  2.192296656753e-01 
 8.662800000000e-09  7.454722829219e-02 
 8.672800000000e-09 -8.104566585917e-02 
 8.682800000000e-09 -2.311856960674e-01 
 8.692800000000e-09 -3.559757084351e-01 
 8.702800000000e-09 -4.372658544103e-01 
 8.712800000000e-09 -4.649103495495e-01 
 8.722800000000e-09 -4.378626348230e-01 
 8.732800000000e-09 -3.616646844687e-01 
 8.742800000000e-09 -2.468337747245e-01 
 8.752800000000e-09 -1.060554711340e-01 
 8.762800000000e-09  4.843594142668e-02 
 8.772800000000e-09  2.013102960008e-01 
 8.782800000000e-09  3.330360961754e-01 
 8.792800000000e-09  4.245855456220e-01 
 8.802800000000e-09  4.637364053862e-01 
 8.812800000000e-09  4.478296188059e-01 
 8.822800000000e-09  3.811328512132e-01 
 8.832800000000e-09  2.733216459866e-01 
 8.842800000000e-09  1.369604469926e-01 
 8.852800000000e-09 -1.577373362490e-02 
 8.862800000000e-09 -1.705129339877e-01 
 8.872800000000e-09 -3.083182775130e-01 
 8.882800000000e-09 -4.095722159990e-01 
 8.892800000000e-09 -4.601334718508e-01 
 8.902800000000e-09 -4.555664120862e-01 
 8.912800000000e-09 -3.988127154333e-01 
 8.922800000000e-09 -2.985982109297e-01 
 8.932800000000e-09 -1.671656286258e-01 
 8.942800000000e-09 -1.680298501264e-02 
 8.952800000000e-09  1.389546468993e-01 
 8.962800000000e-09  2.819666972175e-01 
 8.972800000000e-09  3.922910986627e-01 
 8.982800000000e-09  4.541014283847e-01 
 8.992800000000e-09  4.610152969474e-01 
 9.002800000000e-09  4.146030013706e-01 
 9.012800000000e-09  3.225311370915e-01 
 9.022800000000e-09  1.965466580080e-01 
 9.032800000000e-09  4.913255475566e-02 
 9.042800000000e-09 -1.068346800666e-01 
 9.052800000000e-09 -2.541708960313e-01 
 9.062800000000e-09 -3.728604805481e-01 
 9.072800000000e-09 -4.456656990557e-01 
 9.082800000000e-09 -4.641282431006e-01 
 9.092800000000e-09 -4.283933330522e-01 
 9.102800000000e-09 -3.449735610360e-01 
 9.112800000000e-09 -2.249779926645e-01 
 9.122800000000e-09 -8.105418678210e-02 
 9.132800000000e-09  7.436855108863e-02 
 9.142800000000e-09  2.251410898292e-01 
 9.152800000000e-09  3.514219434148e-01 
 9.162800000000e-09  4.348567559653e-01 
 9.172800000000e-09  4.648665214405e-01 
 9.182800000000e-09  4.400855383314e-01 
 9.192800000000e-09  3.657988710880e-01 
 9.202800000000e-09  2.523600003519e-01 
 9.212800000000e-09  1.124458272806e-01 
 9.222800000000e-09 -4.173728551980e-02 
 9.232800000000e-09 -1.950643774243e-01 
 9.242800000000e-09 -3.281076111971e-01 
 9.252800000000e-09 -4.216954367554e-01 
 9.262800000000e-09 -4.631960458202e-01 
 9.272800000000e-09 -4.496002526309e-01 
 9.282800000000e-09 -3.849077053055e-01 
 9.292800000000e-09 -2.786082169840e-01 
 9.302800000000e-09 -1.432159861273e-01 
 9.312800000000e-09  9.080760348450e-03 
 9.322800000000e-09  1.640968948107e-01 
 9.332800000000e-09  3.030415861244e-01 
 9.342800000000e-09  4.062098074656e-01 
 9.352800000000e-09  4.590939090842e-01 
 9.362800000000e-09  4.568722130024e-01 
 9.372800000000e-09  4.022088145218e-01 
 9.382800000000e-09  3.036209821437e-01 
 9.392800000000e-09  1.732628815870e-01 
 9.402800000000e-09  2.345914291215e-02 
 9.412800000000e-09 -1.324058464666e-01 
 9.422800000000e-09 -2.763769871365e-01 
 9.432800000000e-09 -3.884768247512e-01 
 9.442800000000e-09 -4.525662870992e-01 
 9.452800000000e-09 -4.618455857663e-01 
 9.462800000000e-09 -4.175978371849e-01 
 9.472800000000e-09 -3.272599587267e-01 
 9.482800000000e-09 -2.024587239125e-01 
 9.492800000000e-09 -5.571723355497e-02 
 9.502800000000e-09  1.001978316777e-01 
 9.512800000000e-09  2.483111817430e-01 
 9.522800000000e-09  3.686228277508e-01 
 9.532800000000e-09  4.436415978900e-01 
 9.542800000000e-09  4.644744432144e-01 
 9.552800000000e-09  4.309651694669e-01 
 9.562800000000e-09  3.493799990435e-01 
 9.572800000000e-09  2.306820486026e-01 
 9.582800000000e-09  8.753864569953e-02 
 9.592800000000e-09 -6.768473801005e-02 
 9.602800000000e-09 -2.190526604898e-01 
 9.612800000000e-09 -3.467893838973e-01 
 9.622800000000e-09 -4.323487124692e-01 
 9.632800000000e-09 -4.647213433626e-01 
 9.642800000000e-09 -4.422168181980e-01 
 9.652800000000e-09 -3.698608049462e-01 
 9.662800000000e-09 -2.578385698916e-01 
 9.672800000000e-09 -1.188100199685e-01 
 9.682800000000e-09  3.503764800729e-02 
 9.692800000000e-09  1.887810541541e-01 
 9.702800000000e-09  3.231054260749e-01 
 9.712800000000e-09  4.187074505296e-01 
 9.722800000000e-09  4.625533251550e-01 
 9.732800000000e-09  4.512765085544e-01 
 9.742800000000e-09  3.886065365035e-01 
 9.752800000000e-09  2.838428694057e-01 
 9.762800000000e-09  1.494411200218e-01 
 9.772800000000e-09 -2.392647130184e-03 
 9.782800000000e-09 -1.576503194726e-01 
 9.792800000000e-09 -2.976975365725e-01 
 9.802800000000e-09 -4.027527280676e-01 
 9.812800000000e-09 -4.579522586723e-01 
 9.822800000000e-09 -4.580812909811e-01 
 9.832800000000e-09 -4.055244800586e-01 
 9.842800000000e-09 -3.085859460005e-01 
 9.852800000000e-09 -1.793242418652e-01 
 9.862800000000e-09 -3.010333397482e-02 
 9.872800000000e-09  1.258353571295e-01 
 9.882800000000e-09  2.707283660781e-01 
 9.892800000000e-09  3.845733399193e-01 
 9.902800000000e-09  4.509303453870e-01 
 9.912800000000e-09  4.625772237846e-01 
 9.922800000000e-09  4.205075406245e-01 
 9.932800000000e-09  3.319247393816e-01 
 9.942800000000e-09  2.083297057894e-01 
 9.952800000000e-09  6.228330531384e-02 
 9.962800000000e-09 -9.354839452188e-02 
 9.972800000000e-09 -2.424014873627e-01 
 9.982800000000e-09 -3.643020317534e-01 
 9.992800000000e-09 -4.415179674410e-01 
 1.000000000000e-08 -4.637892234419e-01 
