 1.628000000000e-10 -3.051279646747e-03 
 1.728000000000e-10 -1.844663918276e-02 
 1.828000000000e-10 -3.154842992267e-02 
 1.928000000000e-10 -4.018226043161e-02 
 2.028000000000e-10 -4.283832555622e-02 
 2.128000000000e-10 -3.893842329548e-02 
 2.228000000000e-10 -2.893869195134e-02 
 2.328000000000e-10 -1.425027985117e-02 
 2.428000000000e-10  2.985093076372e-03 
 2.528000000000e-10  2.023031488127e-02 
 2.628000000000e-10  3.491624071587e-02 
 2.728000000000e-10  4.479593876003e-02 
 2.828000000000e-10  4.824895333354e-02 
 2.928000000000e-10  4.452884876673e-02 
 3.028000000000e-10  3.390565992194e-02 
 3.128000000000e-10  1.769643838810e-02 
 3.228000000000e-10 -1.850230890130e-03 
 3.328000000000e-10 -2.182538077268e-02 
 3.428000000000e-10 -3.910585838231e-02 
 3.528000000000e-10 -5.088664996562e-02 
 3.628000000000e-10 -5.517366947243e-02 
 3.728000000000e-10 -5.111257635332e-02 
 3.828000000000e-10 -3.912267820091e-02 
 3.928000000000e-10 -2.083133776602e-02 
 4.028000000000e-10  1.154859775735e-03 
 4.128000000000e-10  2.361987586950e-02 
 4.228000000000e-10  4.319083294327e-02 
 4.328000000000e-10  5.682966370043e-02 
 4.428000000000e-10  6.228830484135e-02 
 4.528000000000e-10  5.846781940228e-02 
 4.628000000000e-10  4.561110806809e-02 
 4.728000000000e-10  2.532618336600e-02 
 4.828000000000e-10  4.309184169110e-04 
 4.928000000000e-10 -2.538732585564e-02 
 5.028000000000e-10 -4.812694396604e-02 
 5.128000000000e-10 -6.414779153415e-02 
 5.228000000000e-10 -7.079541481392e-02 
 5.328000000000e-10 -6.682071454525e-02 
 5.428000000000e-10 -5.255982606007e-02 
 5.528000000000e-10 -2.988488409148e-02 
 5.628000000000e-10 -1.969594940153e-03 
 5.728000000000e-10  2.712039057994e-02 
 5.828000000000e-10  5.299191453571e-02 
 5.928000000000e-10  7.159727329240e-02 
 6.028000000000e-10  7.988264419962e-02 
 6.128000000000e-10  7.628077725288e-02 
 6.228000000000e-10  6.095671049029e-02 
 6.328000000000e-10  3.582103737727e-02 
 6.428000000000e-10  4.341054273340e-03 
 6.528000000000e-10 -2.885441774366e-02 
 6.628000000000e-10 -5.864944301519e-02 
 6.728000000000e-10 -8.031021768581e-02 
 6.828000000000e-10 -9.029977800488e-02 
 6.928000000000e-10 -8.682726387195e-02 
 7.028000000000e-10 -7.008594457277e-02 
 7.128000000000e-10 -4.221192706414e-02 
 7.228000000000e-10 -7.039788382227e-03 
 7.328000000000e-10  3.033617379966e-02 
 7.428000000000e-10  6.424705241586e-02 
 7.528000000000e-10  8.935997295525e-02 
 7.628000000000e-10  1.015840095273e-01 
 7.728000000000e-10  9.873089553972e-02 
 7.828000000000e-10  8.081800391445e-02 
 7.928000000000e-10  5.005855343381e-02 
 8.028000000000e-10  1.063748070729e-02 
 8.128000000000e-10 -3.170822015299e-02 
 8.228000000000e-10 -7.047381021996e-02 
 8.328000000000e-10 -9.951453503646e-02 
 8.428000000000e-10 -1.141364929065e-01 
 8.528000000000e-10 -1.118268477584e-01 
 8.628000000000e-10 -9.256072490476e-02 
 8.728000000000e-10 -5.874310595806e-02 
 8.828000000000e-10 -1.493672525257e-02 
 8.928000000000e-10  3.257327837490e-02 
 9.028000000000e-10  7.655984528658e-02 
 9.128000000000e-10  1.100704442598e-01 
 9.228000000000e-10  1.276870154732e-01 
 9.328000000000e-10  1.264061975829e-01 
 9.428000000000e-10  1.060088688184e-01 
 9.528000000000e-10  6.899795182568e-02 
 9.628000000000e-10  2.031237529607e-02 
 9.728000000000e-10 -3.307027698915e-02 
 9.828000000000e-10 -8.296908311600e-02 
 9.928000000000e-10 -1.214575274344e-01 
 1.002800000000e-09 -1.423543495880e-01 
 1.012800000000e-09 -1.422041028267e-01 
 1.022800000000e-09 -1.206702930568e-01 
 1.032800000000e-09 -8.041814703795e-02 
 1.042800000000e-09 -2.676092166187e-02 
 1.052800000000e-09  3.272821274189e-02 
 1.062800000000e-09  8.899550015017e-02 
 1.072800000000e-09  1.330895520333e-01 
 1.082800000000e-09  1.579165322950e-01 
 1.092800000000e-09  1.594140807289e-01 
 1.102800000000e-09  1.370149608665e-01 
 1.112800000000e-09  9.349104245067e-02 
 1.122800000000e-09  3.452621967660e-02 
 1.132800000000e-09 -3.162231107527e-02 
 1.142800000000e-09 -9.486070587540e-02 
 1.152800000000e-09 -1.450847830478e-01 
 1.162800000000e-09 -1.742452271677e-01 
 1.172800000000e-09 -1.776709006884e-01 
 1.182800000000e-09 -1.545917289641e-01 
 1.192800000000e-09 -1.079171535903e-01 
 1.202800000000e-09 -4.368545049656e-02 
 1.212800000000e-09  2.927139838150e-02 
 1.222800000000e-09  9.990527447327e-02 
 1.232800000000e-09  1.568882355205e-01 
 1.242800000000e-09  1.910582365201e-01 
 1.252800000000e-09  1.969895065381e-01 
 1.262800000000e-09  1.736141032579e-01 
 1.272800000000e-09  1.239443782033e-01 
 1.282800000000e-09  5.436629400835e-02 
 1.292800000000e-09 -2.569053634749e-02 
 1.302800000000e-09 -1.041450281774e-01 
 1.312800000000e-09 -1.683626540284e-01 
 1.322800000000e-09 -2.080211400450e-01 
 1.332800000000e-09 -2.168990556802e-01 
 1.342800000000e-09 -1.936123632372e-01 
 1.352800000000e-09 -1.412792066344e-01 
 1.362800000000e-09 -6.661654005758e-02 
 1.372800000000e-09  2.046721847309e-02 
 1.382800000000e-09  1.069886496055e-01 
 1.392800000000e-09  1.789600580355e-01 
 1.402800000000e-09  2.247556838187e-01 
 1.412800000000e-09  2.372189658075e-01 
 1.422800000000e-09  2.145518453603e-01 
 1.432800000000e-09  1.599414387175e-01 
 1.442800000000e-09  8.043080402911e-02 
 1.452800000000e-09 -1.361719147392e-02 
 1.462800000000e-09 -1.083448108069e-01 
 1.472800000000e-09 -1.883968692201e-01 
 1.482800000000e-09 -2.408045232610e-01 
 1.492800000000e-09 -2.574067296530e-01 
 1.502800000000e-09 -2.359294242408e-01 
 1.512800000000e-09 -1.795934161924e-01 
 1.522800000000e-09 -9.575324400820e-02 
 1.532800000000e-09  4.878454239036e-03 
 1.542800000000e-09  1.077576095319e-01 
 1.552800000000e-09  1.961880907782e-01 
 1.562800000000e-09  2.557510424987e-01 
 1.572800000000e-09  2.771528039736e-01 
 1.582800000000e-09  2.575312126094e-01 
 1.592800000000e-09  2.000763428548e-01 
 1.602800000000e-09  1.124425669791e-01 
 1.612800000000e-09  5.659184478028e-03 
 1.622800000000e-09 -1.051541561630e-01 
 1.632800000000e-09 -2.020454345708e-01 
 1.642800000000e-09 -2.691363841559e-01 
 1.652800000000e-09 -2.959228278872e-01 
 1.662800000000e-09 -2.788571086827e-01 
 1.672800000000e-09 -2.210187660333e-01 
 1.682800000000e-09 -1.303308418339e-01 
 1.692800000000e-09 -1.807101512583e-02 
 1.702800000000e-09  1.002748460655e-01 
 1.712800000000e-09  2.056330630167e-01 
 1.722800000000e-09  2.806115693645e-01 
 1.732800000000e-09  3.133926177385e-01 
 1.742800000000e-09  2.996198506492e-01 
 1.752800000000e-09  2.421643816742e-01 
 1.762800000000e-09  1.491747798587e-01 
 1.772800000000e-09  3.215931237171e-02 
 1.782800000000e-09 -9.316324070766e-02 
 1.792800000000e-09 -2.067878024190e-01 
 1.802800000000e-09 -2.898418926900e-01 
 1.812800000000e-09 -3.291350859112e-01 
 1.822800000000e-09 -3.193879535212e-01 
 1.832800000000e-09 -2.631515899263e-01 
 1.842800000000e-09 -1.687284184202e-01 
 1.852800000000e-09 -4.782419535074e-02 
 1.862800000000e-09  8.377578889435e-02 
 1.872800000000e-09  2.053675848687e-01 
 1.882800000000e-09  2.966187975021e-01 
 1.892800000000e-09  3.429075842198e-01 
 1.902800000000e-09  3.379015425731e-01 
 1.912800000000e-09  2.837175478882e-01 
 1.922800000000e-09  1.887185107185e-01 
 1.932800000000e-09  6.480186430479e-02 
 1.942800000000e-09 -7.227530926362e-02 
 1.952800000000e-09 -2.013694553792e-01 
 1.962800000000e-09 -3.007840010075e-01 
 1.972800000000e-09 -3.544488291355e-01 
 1.982800000000e-09 -3.548638296532e-01 
 1.992800000000e-09 -3.035804938716e-01 
 2.002800000000e-09 -2.089021082646e-01 
 2.012800000000e-09 -8.289823539647e-02 
 2.022800000000e-09  5.879290869052e-02 
 2.032800000000e-09  1.948441505992e-01 
 2.042800000000e-09  3.023075930724e-01 
 2.052800000000e-09  3.636572502577e-01 
 2.062800000000e-09  3.701092922735e-01 
 2.072800000000e-09  3.225216139663e-01 
 2.082800000000e-09  2.290175979843e-01 
 2.092800000000e-09  1.018230194183e-01 
 2.102800000000e-09 -4.358386728094e-02 
 2.112800000000e-09 -1.859291793503e-01 
 2.122800000000e-09 -3.011970186384e-01 
 2.132800000000e-09 -3.704300493859e-01 
 2.142800000000e-09 -3.834682159480e-01 
 2.152800000000e-09 -3.403486804036e-01 
 2.162800000000e-09 -2.488711064557e-01 
 2.172800000000e-09 -1.213680068639e-01 
 2.182800000000e-09  2.686093923281e-02 
 2.192800000000e-09  1.747913776295e-01 
 2.202800000000e-09  2.975431329133e-01 
 2.212800000000e-09  3.747751630750e-01 
 2.222800000000e-09  3.948778428023e-01 
 2.232800000000e-09  3.569329380935e-01 
 2.242800000000e-09  2.682819761502e-01 
 2.252800000000e-09  1.413008389345e-01 
 2.262800000000e-09 -8.876262786502e-03 
 2.272800000000e-09 -1.616313702326e-01 
 2.282800000000e-09 -2.914797901134e-01 
 2.292800000000e-09 -3.767397017625e-01 
 2.302800000000e-09 -4.043016278637e-01 
 2.312800000000e-09 -3.721732190295e-01 
 2.322800000000e-09 -2.871068035955e-01 
 2.332800000000e-09 -1.614289044106e-01 
 2.342800000000e-09 -1.012792239804e-02 
 2.352800000000e-09  1.466871417043e-01 
 2.362800000000e-09  2.831901076512e-01 
 2.372800000000e-09  3.764230653888e-01 
 2.382800000000e-09  4.117567327513e-01 
 2.392800000000e-09  3.860053308334e-01 
 2.402800000000e-09  3.052144087416e-01 
 2.412800000000e-09  1.815570033972e-01 
 2.422800000000e-09  2.990787812042e-02 
 2.432800000000e-09 -1.301874032374e-01 
 2.442800000000e-09 -2.728471102527e-01 
 2.452800000000e-09 -3.739191216479e-01 
 2.462800000000e-09 -4.172636582173e-01 
 2.472800000000e-09 -3.983828574415e-01 
 2.482800000000e-09 -3.225088417901e-01 
 2.492800000000e-09 -2.015417989928e-01 
 2.502800000000e-09 -5.026532601422e-02 
 2.512800000000e-09  1.123574998776e-01 
 2.522800000000e-09  2.606473205955e-01 
 2.532800000000e-09  3.693593658265e-01 
 2.542800000000e-09  4.208776506655e-01 
 2.552800000000e-09  4.092833287806e-01 
 2.562800000000e-09  3.389015985705e-01 
 2.572800000000e-09  2.212397489198e-01 
 2.582800000000e-09  7.100645553944e-02 
 2.592800000000e-09 -9.340720680919e-02 
 2.602800000000e-09 -2.467684885140e-01 
 2.612800000000e-09 -3.628621204206e-01 
 2.622800000000e-09 -4.226526040810e-01 
 2.632800000000e-09 -4.186966498306e-01 
 2.642800000000e-09 -3.543345413019e-01 
 2.652800000000e-09 -2.405560455874e-01 
 2.662800000000e-09 -9.197493491748e-02 
 2.672800000000e-09  7.354739837081e-02 
 2.682800000000e-09  2.313956311150e-01 
 2.692800000000e-09  3.545519092161e-01 
 2.702800000000e-09  4.226365411136e-01 
 2.712800000000e-09  4.266162447357e-01 
 2.722800000000e-09  3.687407411496e-01 
 2.732800000000e-09  2.593742663948e-01 
 2.742800000000e-09  1.130214518788e-01 
 2.752800000000e-09 -5.294743813298e-02 
 2.762800000000e-09 -2.146773650997e-01 
 2.772800000000e-09 -3.445531502818e-01 
 2.782800000000e-09 -4.209083459873e-01 
 2.792800000000e-09 -4.330529025936e-01 
 2.802800000000e-09 -3.820834543594e-01 
 2.812800000000e-09 -2.776267792780e-01 
 2.822800000000e-09 -1.340198542546e-01 
 2.832800000000e-09  3.179558231562e-02 
 2.842800000000e-09  1.967993933942e-01 
 2.852800000000e-09  3.330067641145e-01 
 2.862800000000e-09  4.175392670159e-01 
 2.872800000000e-09  4.380239524997e-01 
 2.882800000000e-09  3.943241507939e-01 
 2.892800000000e-09  2.952321560303e-01 
 2.902800000000e-09  1.548518912249e-01 
 2.912800000000e-09 -1.024278819413e-02 
 2.922800000000e-09 -1.779015007652e-01 
 2.932800000000e-09 -3.200242914588e-01 
 2.942800000000e-09 -4.125896657797e-01 
 2.952800000000e-09 -4.415473451937e-01 
 2.962800000000e-09 -4.054375651734e-01 
 2.972800000000e-09 -3.121337911571e-01 
 2.982800000000e-09 -1.754243926057e-01 
 2.992800000000e-09 -1.157285096491e-02 
 3.002800000000e-09  1.581302551689e-01 
 3.012800000000e-09  3.057259203513e-01 
 3.022800000000e-09  4.061263198055e-01 
 3.032800000000e-09  4.436407451684e-01 
 3.042800000000e-09  4.153940688735e-01 
 3.052800000000e-09  3.282688345142e-01 
 3.062800000000e-09  1.956477156120e-01 
 3.072800000000e-09  3.353242475172e-02 
 3.082800000000e-09 -1.376124597074e-01 
 3.092800000000e-09 -2.902180243478e-01 
 3.102800000000e-09 -3.982125500945e-01 
 3.112800000000e-09 -4.443277749237e-01 
 3.122800000000e-09 -4.241769502982e-01 
 3.132800000000e-09 -3.435917939531e-01 
 3.142800000000e-09 -2.154512995721e-01 
 3.152800000000e-09 -5.553012086251e-02 
 3.162800000000e-09  1.164786913209e-01 
 3.172800000000e-09  2.736120244296e-01 
 3.182800000000e-09  3.889183603710e-01 
 3.192800000000e-09  4.436337754449e-01 
 3.202800000000e-09  4.317701955200e-01 
 3.212800000000e-09  3.580567312943e-01 
 3.222800000000e-09  2.347697418719e-01 
 3.232800000000e-09  7.747673111503e-02 
 3.242800000000e-09 -9.483932293091e-02 
 3.252800000000e-09 -2.560027598377e-01 
 3.262800000000e-09 -3.782958436672e-01 
 3.272800000000e-09 -4.415676172921e-01 
 3.282800000000e-09 -4.381545259707e-01 
 3.292800000000e-09 -3.716290291334e-01 
 3.302800000000e-09 -2.535634540595e-01 
 3.312800000000e-09 -9.930143801995e-02 
 3.322800000000e-09  7.280206639938e-02 
 3.332800000000e-09  2.374759984707e-01 
 3.342800000000e-09  3.664207582471e-01 
 3.352800000000e-09  4.381751326355e-01 
 3.362800000000e-09  4.433398477245e-01 
 3.372800000000e-09  3.842754716425e-01 
 3.382800000000e-09  2.717616805313e-01 
 3.392800000000e-09  1.209101711031e-01 
 3.402800000000e-09 -5.048873435273e-02 
 3.412800000000e-09 -2.181418372467e-01 
 3.422800000000e-09 -3.533660850031e-01 
 3.432800000000e-09 -4.334778312984e-01 
 3.442800000000e-09 -4.473093076330e-01 
 3.452800000000e-09 -3.959595170610e-01 
 3.462800000000e-09 -2.893257666701e-01 
 3.472800000000e-09 -1.422368008953e-01 
 3.482800000000e-09  2.800030187611e-02 
 3.492800000000e-09  1.980909515252e-01 
 3.502800000000e-09  3.391982180296e-01 
 3.512800000000e-09  4.274989396901e-01 
 3.522800000000e-09  4.500594276063e-01 
 3.532800000000e-09  4.066492385648e-01 
 3.542800000000e-09  3.062065164898e-01 
 3.552800000000e-09  1.632176597279e-01 
 3.562800000000e-09 -5.422944803843e-03 
 3.572800000000e-09 -1.774037114781e-01 
 3.582800000000e-09 -3.239791531324e-01 
 3.592800000000e-09 -4.202618669766e-01 
 3.602800000000e-09 -4.515872089387e-01 
 3.612800000000e-09 -4.163155686439e-01 
 3.622800000000e-09 -3.223609182813e-01 
 3.632800000000e-09 -1.837940628533e-01 
 3.642800000000e-09 -1.716016233243e-02 
 3.652800000000e-09  1.561654184068e-01 
 3.662800000000e-09  3.077740075307e-01 
 3.672800000000e-09  4.117921081647e-01 
 3.682800000000e-09  4.518886771118e-01 
 3.692800000000e-09  4.249278723530e-01 
 3.702800000000e-09  3.377456354290e-01 
 3.712800000000e-09  2.039141470890e-01 
 3.722800000000e-09  3.967954853861e-02 
 3.732800000000e-09 -1.344564585865e-01 
 3.742800000000e-09 -2.906484337559e-01 
 3.752800000000e-09 -4.021228477092e-01 
 3.762800000000e-09 -4.509688531669e-01 
 3.772800000000e-09 -4.324646608523e-01 
 3.782800000000e-09 -3.523243127337e-01 
 3.792800000000e-09 -2.235317833895e-01 
 3.802800000000e-09 -6.207315431742e-02 
 3.812800000000e-09  1.123543376842e-01 
 3.822800000000e-09  2.726667047408e-01 
 3.832800000000e-09  3.912788422750e-01 
 3.842800000000e-09  4.488174702558e-01 
 3.852800000000e-09  4.388990235972e-01 
 3.862800000000e-09  3.660675850015e-01 
 3.872800000000e-09  2.426222190139e-01 
 3.882800000000e-09  8.429312855719e-02 
 3.892800000000e-09 -8.993769040900e-02 
 3.902800000000e-09 -2.538851653002e-01 
 3.912800000000e-09 -3.793112782314e-01 
 3.922800000000e-09 -4.454667262209e-01 
 3.932800000000e-09 -4.442265217666e-01 
 3.942800000000e-09 -3.789370164059e-01 
 3.952800000000e-09 -2.611268612892e-01 
 3.962800000000e-09 -1.062666246485e-01 
 3.972800000000e-09  6.730028643918e-02 
 3.982800000000e-09  2.343833849354e-01 
 3.992800000000e-09  3.662640112407e-01 
 4.002800000000e-09  4.409159104526e-01 
 4.012800000000e-09  4.484327210743e-01 
 4.022800000000e-09  3.909048450081e-01 
 4.032800000000e-09  2.790069771699e-01 
 4.042800000000e-09  1.279355705591e-01 
 4.052800000000e-09 -4.453013903051e-02 
 4.062800000000e-09 -2.142355789561e-01 
 4.072800000000e-09 -3.521873730837e-01 
 4.082800000000e-09 -4.351753880591e-01 
 4.092800000000e-09 -4.514941501468e-01 
 4.102800000000e-09 -4.019322975216e-01 
 4.112800000000e-09 -2.962275683729e-01 
 4.122800000000e-09 -1.492507695487e-01 
 4.132800000000e-09  2.169950906330e-02 
 4.142800000000e-09  1.935034833173e-01 
 4.152800000000e-09  3.371261683436e-01 
 4.162800000000e-09  4.282550278769e-01 
 4.172800000000e-09  4.534040002862e-01 
 4.182800000000e-09  4.119912631884e-01 
 4.192800000000e-09  3.127493413970e-01 
 4.202800000000e-09  1.701626697135e-01 
 4.212800000000e-09  1.121217014806e-03 
 4.222800000000e-09 -1.722533185331e-01 
 4.232800000000e-09 -3.211280003952e-01 
 4.242800000000e-09 -4.201654955511e-01 
 4.252800000000e-09 -4.541493920683e-01 
 4.262800000000e-09 -4.210481147913e-01 
 4.272800000000e-09 -3.285312541980e-01 
 4.282800000000e-09 -1.906241192804e-01 
 4.292800000000e-09 -2.386932508079e-02 
 4.302800000000e-09  1.505503734449e-01 
 4.312800000000e-09  3.042423699802e-01 
 4.322800000000e-09  4.109230195175e-01 
 4.332800000000e-09  4.537233758441e-01 
 4.342800000000e-09  4.290745082629e-01 
 4.352800000000e-09  3.435368087616e-01 
 4.362800000000e-09  2.105934169731e-01 
 4.372800000000e-09  4.648736398101e-02 
 4.382800000000e-09 -1.284651822374e-01 
 4.392800000000e-09 -2.865246834874e-01 
 4.402800000000e-09 -4.005529457648e-01 
 4.412800000000e-09 -4.521247138809e-01 
 4.422800000000e-09 -4.360467754112e-01 
 4.432800000000e-09 -3.577316318075e-01 
 4.442800000000e-09 -2.300322905571e-01 
 4.452800000000e-09 -6.892608777074e-02 
 4.462800000000e-09  1.060624181430e-01 
 4.472800000000e-09  2.680277214847e-01 
 4.482800000000e-09  3.890724602318e-01 
 4.492800000000e-09  4.493388323733e-01 
 4.502800000000e-09  4.419363726155e-01 
 4.512800000000e-09  3.710870734988e-01 
 4.522800000000e-09  2.489202254084e-01 
 4.532800000000e-09  9.114538326213e-02 
 4.542800000000e-09 -8.341170060130e-02 
 4.552800000000e-09 -2.487977036425e-01 
 4.562800000000e-09 -3.765247633906e-01 
 4.572800000000e-09 -4.453909338421e-01 
 4.582800000000e-09 -4.467405535764e-01 
 4.592800000000e-09 -3.835735312204e-01 
 4.602800000000e-09 -2.672084258241e-01 
 4.612800000000e-09 -1.130826318434e-01 
 4.622800000000e-09  6.059859220247e-02 
 4.632800000000e-09  2.289100929829e-01 
 4.642800000000e-09  3.629543576138e-01 
 4.652800000000e-09  4.402837574473e-01 
 4.662800000000e-09  4.504435355376e-01 
 4.672800000000e-09  3.951562826740e-01 
 4.682800000000e-09  2.848540962353e-01 
 4.692800000000e-09  1.346803396688e-01 
 4.702800000000e-09 -3.770542227099e-02 
 4.712800000000e-09 -2.084291405256e-01 
 4.722800000000e-09 -3.483993507746e-01 
 4.732800000000e-09 -4.340140867709e-01 
 4.742800000000e-09 -4.530146682208e-01 
 4.752800000000e-09 -4.057969166093e-01 
 4.762800000000e-09 -3.018262818695e-01 
 4.772800000000e-09 -1.558965256082e-01 
 4.782800000000e-09  1.479546739460e-02 
 4.792800000000e-09  1.874113510679e-01 
 4.802800000000e-09  3.329024230032e-01 
 4.812800000000e-09  4.265922095886e-01 
 4.822800000000e-09  4.544481753237e-01 
 4.832800000000e-09  4.154679565312e-01 
 4.842800000000e-09  3.180865562185e-01 
 4.852800000000e-09  1.766844499285e-01 
 4.862800000000e-09  8.065931896596e-03 
 4.872800000000e-09 -1.659187560806e-01 
 4.882800000000e-09 -3.165071631609e-01 
 4.892800000000e-09 -4.180258154932e-01 
 4.902800000000e-09 -4.547294243695e-01 
 4.912800000000e-09 -4.241355851047e-01 
 4.922800000000e-09 -3.335958150422e-01 
 4.932800000000e-09 -1.970017900294e-01 
 4.942800000000e-09 -3.082294183318e-02 
 4.952800000000e-09  1.440131299337e-01 
 4.962800000000e-09  2.992611109443e-01 
 4.972800000000e-09  4.083315905488e-01 
 4.982800000000e-09  4.538523626912e-01 
 4.992800000000e-09  4.317730477861e-01 
 5.002800000000e-09  3.483192009660e-01 
 5.012800000000e-09  2.168094750742e-01 
 5.022800000000e-09  5.342159369865e-02 
 5.032800000000e-09 -1.217629716654e-01 
 5.042800000000e-09 -2.812175386180e-01 
 5.052800000000e-09 -3.975342316496e-01 
 5.062800000000e-09 -4.518153766650e-01 
 5.072800000000e-09 -4.383575297516e-01 
 5.082800000000e-09 -3.622241637293e-01 
 5.092800000000e-09 -2.360724134708e-01 
 5.102800000000e-09 -7.581629876068e-02 
 5.112800000000e-09  9.923140969362e-02 
 5.122800000000e-09  2.624272137752e-01 
 5.132800000000e-09  3.856500313678e-01 
 5.142800000000e-09  4.486025182155e-01 
 5.152800000000e-09  4.438593984195e-01 
 5.162800000000e-09  3.752808437616e-01 
 5.172800000000e-09  2.547704725802e-01 
 5.182800000000e-09  9.796951888181e-02 
 5.192800000000e-09 -7.648414882642e-02 
 5.202800000000e-09 -2.429326972314e-01 
 5.212800000000e-09 -3.727202721045e-01 
 5.222800000000e-09 -4.442374896440e-01 
 5.232800000000e-09 -4.482797616577e-01 
 5.242800000000e-09 -3.874609124245e-01 
 5.252800000000e-09 -2.728498494877e-01 
 5.262800000000e-09 -1.198146338435e-01 
 5.272800000000e-09  5.361041627136e-02 
 5.282800000000e-09  2.228115258861e-01 
 5.292800000000e-09  3.587897370083e-01 
 5.302800000000e-09  4.387199540952e-01 
 5.312800000000e-09  4.515906258080e-01 
 5.322800000000e-09  3.987281031667e-01 
 5.332800000000e-09  2.902830353218e-01 
 5.342800000000e-09  1.413069516251e-01 
 5.352800000000e-09 -3.068216158403e-02 
 5.362800000000e-09 -2.021234676600e-01 
 5.372800000000e-09 -3.438981629445e-01 
 5.382800000000e-09 -4.320535466312e-01 
 5.392800000000e-09 -4.537781685174e-01 
 5.402800000000e-09 -4.090498421507e-01 
 5.412800000000e-09 -3.070297607821e-01 
 5.422800000000e-09 -1.624001213908e-01 
 5.432800000000e-09  7.762534821064e-03 
 5.442800000000e-09  1.809234492338e-01 
 5.452800000000e-09  3.280844030736e-01 
 5.462800000000e-09  4.242428805923e-01 
 5.472800000000e-09  4.548280616928e-01 
 5.482800000000e-09  4.183940948280e-01 
 5.492800000000e-09  3.230527251812e-01 
 5.502800000000e-09  1.830492072437e-01 
 5.512800000000e-09  1.508578538630e-02 
 5.522800000000e-09 -1.592735661750e-01 
 5.532800000000e-09 -3.113925139738e-01 
 5.542800000000e-09 -4.152969132449e-01 
 5.552800000000e-09 -4.547265253216e-01 
 5.562800000000e-09 -4.267277530847e-01 
 5.572800000000e-09 -3.383134360189e-01 
 5.582800000000e-09 -2.032136213677e-01 
 5.592800000000e-09 -3.780972702092e-02 
 5.602800000000e-09  1.372353618692e-01 
 5.612800000000e-09  2.938705013418e-01 
 5.622800000000e-09  4.052343582408e-01 
 5.632800000000e-09  4.534693318840e-01 
 5.642800000000e-09  4.340259707407e-01 
 5.652800000000e-09  3.527785570932e-01 
 5.662800000000e-09  2.228560277526e-01 
 5.672800000000e-09  6.036138909012e-02 
 5.682800000000e-09 -1.148696772775e-01 
 5.692800000000e-09 -2.755674100343e-01 
 5.702800000000e-09 -3.940679081425e-01 
 5.712800000000e-09 -4.510386482654e-01 
 5.722800000000e-09 -4.402600130771e-01 
 5.732800000000e-09 -3.664225482133e-01 
 5.742800000000e-09 -2.419596015341e-01 
 5.752800000000e-09 -8.270392415760e-02 
 5.762800000000e-09  9.224275204201e-02 
 5.772800000000e-09  2.565273574660e-01 
 5.782800000000e-09  3.818390651337e-01 
 5.792800000000e-09  4.474606865003e-01 
 5.802800000000e-09  4.454211055308e-01 
 5.812800000000e-09  3.792050477147e-01 
 5.822800000000e-09  2.604686179824e-01 
 5.832800000000e-09  1.047722047732e-01 
 5.842800000000e-09 -6.943717722803e-02 
 5.852800000000e-09 -2.368177856044e-01 
 5.862800000000e-09 -3.685803786436e-01 
 5.872800000000e-09 -4.427256545041e-01 
 5.882800000000e-09 -4.494917706816e-01 
 5.892800000000e-09 -3.911014501459e-01 
 5.902800000000e-09 -2.783503311225e-01 
 5.912800000000e-09 -1.265160859579e-01 
 5.922800000000e-09  4.653247356134e-02 
 5.932800000000e-09  2.165051057501e-01 
 5.942800000000e-09  3.543363559926e-01 
 5.952800000000e-09  4.368405534455e-01 
 5.962800000000e-09  4.524466472549e-01 
 5.972800000000e-09  4.020726098953e-01 
 5.982800000000e-09  2.955720394420e-01 
 5.992800000000e-09  1.478912659320e-01 
 6.002800000000e-09 -2.359399742430e-02 
 6.012800000000e-09 -1.956428593225e-01 
 6.022800000000e-09 -3.391442277331e-01 
 6.032800000000e-09 -4.298091352847e-01 
 6.042800000000e-09 -4.542754545651e-01 
 6.052800000000e-09 -4.120899393262e-01 
 6.062800000000e-09 -3.120967592550e-01 
 6.072800000000e-09 -1.688526300091e-01 
 6.082800000000e-09  6.862914550583e-04 
 6.092800000000e-09  1.742905335217e-01 
 6.102800000000e-09  3.230454537330e-01 
 6.112800000000e-09  4.216370709727e-01 
 6.122800000000e-09  4.549622435971e-01 
 6.132800000000e-09  4.211189075111e-01 
 6.142800000000e-09  3.278847188169e-01 
 6.152800000000e-09  1.893561538449e-01 
 6.162800000000e-09  2.213265498510e-02 
 6.172800000000e-09 -1.525073258823e-01 
 6.182800000000e-09 -3.060837821120e-01 
 6.192800000000e-09 -4.123357098590e-01 
 6.202800000000e-09 -4.544970253244e-01 
 6.212800000000e-09 -4.291300987889e-01 
 6.222800000000e-09 -3.429004570280e-01 
 6.232800000000e-09 -2.093628425051e-01 
 6.242800000000e-09 -4.480947089027e-02 
 6.252800000000e-09  1.303586972493e-01 
 6.262800000000e-09  2.883098574596e-01 
 6.272800000000e-09  4.019263207906e-01 
 6.282800000000e-09  4.528759159896e-01 
 6.292800000000e-09  4.360986995090e-01 
 6.302800000000e-09  3.571101078043e-01 
 6.312800000000e-09  2.288363493908e-01 
 6.322800000000e-09  6.729826711822e-02 
 6.332800000000e-09 -1.079048583556e-01 
 6.342800000000e-09 -2.697724507179e-01 
 6.352800000000e-09 -3.904227579426e-01 
 6.362800000000e-09 -4.500823432132e-01 
 6.372800000000e-09 -4.419957437914e-01 
 6.382800000000e-09 -3.704862422120e-01 
 6.392800000000e-09 -2.477582771186e-01 
 6.402800000000e-09 -8.956158337073e-02 
 6.412800000000e-09  8.521255486176e-02 
 6.422800000000e-09  2.505148846503e-01 
 6.432800000000e-09  3.778657601057e-01 
 6.442800000000e-09  4.461400255012e-01 
 6.452800000000e-09  4.468165381388e-01 
 6.462800000000e-09  3.829973189225e-01 
 6.472800000000e-09  2.660795371012e-01 
 6.482800000000e-09  1.115382118150e-01 
 6.492800000000e-09 -6.236435919206e-02 
 6.502800000000e-09 -2.306088396618e-01 
 6.512800000000e-09 -3.642957880901e-01 
 6.522800000000e-09 -4.410482027026e-01 
 6.532800000000e-09 -4.505447375231e-01 
 6.542800000000e-09 -3.946111648913e-01 
 6.552800000000e-09 -2.837603409763e-01 
 6.562800000000e-09 -1.331735056131e-01 
 6.572800000000e-09  3.944052244643e-02 
 6.582800000000e-09  2.101173519033e-01 
 6.592800000000e-09  3.497508236342e-01 
 6.602800000000e-09  4.348045605281e-01 
 6.612800000000e-09  4.531499285952e-01 
 6.622800000000e-09  4.052887536161e-01 
 6.632800000000e-09  3.007696934087e-01 
 6.642800000000e-09  1.544260707168e-01 
 6.652800000000e-09 -1.650305265888e-02 
 6.662800000000e-09 -1.890944994568e-01 
 6.672800000000e-09 -3.342707943352e-01 
 6.682800000000e-09 -4.274167735278e-01 
 6.692800000000e-09 -4.546247273696e-01 
 6.702800000000e-09 -4.150023321248e-01 
 6.712800000000e-09 -3.170698468935e-01 
 6.722800000000e-09 -1.752503285628e-01 
 6.732800000000e-09 -6.384017934206e-03 
 6.742800000000e-09  1.676004917342e-01 
 6.752800000000e-09  3.178976368420e-01 
 6.762800000000e-09  4.188910646645e-01 
 6.772800000000e-09  4.549535640307e-01 
 6.782800000000e-09  4.237176769058e-01 
 6.792800000000e-09  3.326218172447e-01 
 6.802800000000e-09  1.956043547370e-01 
 6.812800000000e-09  2.916561184048e-02 
 6.822800000000e-09 -1.456953654157e-01 
 6.832800000000e-09 -3.006770546445e-01 
 6.842800000000e-09 -4.092422775886e-01 
 6.852800000000e-09 -4.541291482069e-01 
 6.862800000000e-09 -4.314074179445e-01 
 6.872800000000e-09 -3.473908652280e-01 
 6.882800000000e-09 -2.154496643320e-01 
 6.892800000000e-09 -5.178870278264e-02 
 6.902800000000e-09  1.234461039433e-01 
 6.912800000000e-09  2.826609378737e-01 
 6.922800000000e-09  3.984937232662e-01 
 6.932800000000e-09  4.521489656693e-01 
 6.942800000000e-09  4.380481734011e-01 
 6.952800000000e-09  3.613443510599e-01 
 6.962800000000e-09  2.347513992126e-01 
 6.972800000000e-09  7.420841544291e-02 
 6.982800000000e-09 -1.009144541857e-01 
 6.992800000000e-09 -2.638989173891e-01 
 7.002800000000e-09 -3.866606814399e-01 
 7.012800000000e-09 -4.489966002050e-01 
 7.022800000000e-09 -4.436102499389e-01 
 7.032800000000e-09 -3.744528310841e-01 
 7.042800000000e-09 -2.534899753178e-01 
 7.052800000000e-09 -9.638765718084e-02 
 7.062800000000e-09  7.816574108624e-02 
 7.072800000000e-09  2.444330093160e-01 
 7.082800000000e-09  3.737836791260e-01 
 7.092800000000e-09  4.446951902858e-01 
 7.102800000000e-09  4.480936038430e-01 
 7.112800000000e-09  3.866929452828e-01 
 7.122800000000e-09  2.716219348004e-01 
 7.132800000000e-09  1.182680213630e-01 
 7.142800000000e-09 -5.528371561021e-02 
 7.152800000000e-09 -2.243391686545e-01 
 7.162800000000e-09 -3.599099874134e-01 
 7.172800000000e-09 -4.392507761401e-01 
 7.182800000000e-09 -4.514803954003e-01 
 7.192800000000e-09 -3.980221149131e-01 
 7.202800000000e-09 -2.890986370166e-01 
 7.212800000000e-09 -1.397898214509e-01 
 7.222800000000e-09  3.234827213240e-02 
 7.232800000000e-09  2.036760012312e-01 
 7.242800000000e-09  3.450697387841e-01 
 7.252800000000e-09  4.326508317148e-01 
 7.262800000000e-09  4.537359097694e-01 
 7.272800000000e-09  4.084040102998e-01 
 7.282800000000e-09  3.058924021484e-01 
 7.292800000000e-09  1.609151904795e-01 
 7.302800000000e-09 -9.418765595463e-03 
 7.312800000000e-09 -1.824996238565e-01 
 7.322800000000e-09 -3.293075255876e-01 
 7.332800000000e-09 -4.249089525833e-01 
 7.342800000000e-09 -4.548567181791e-01 
 7.352800000000e-09 -4.178115912872e-01 
 7.362800000000e-09 -3.219647725497e-01 
 7.372800000000e-09 -1.815981953032e-01 
 7.382800000000e-09 -1.344168276964e-02 
 7.392800000000e-09  1.608709251953e-01 
 7.402800000000e-09  3.126658127905e-01 
 7.412800000000e-09  4.160324940637e-01 
 7.422800000000e-09  4.548281270102e-01 
 7.432800000000e-09  4.262115865239e-01 
 7.442800000000e-09  3.372778485812e-01 
 7.452800000000e-09  2.017990488260e-01 
 7.462800000000e-09  3.618039524471e-02 
 7.472800000000e-09 -1.388511679883e-01 
 7.482800000000e-09 -2.951925175694e-01 
 7.492800000000e-09 -4.060398045243e-01 
 7.502800000000e-09 -4.536454850094e-01 
 7.512800000000e-09 -4.335785291575e-01 
 7.522800000000e-09 -3.517976087363e-01 
 7.532800000000e-09 -2.214797002490e-01 
 7.542800000000e-09 -5.874472657030e-02 
 7.552800000000e-09  1.165087409372e-01 
 7.562800000000e-09  2.769391208416e-01 
 7.572800000000e-09  3.949445455434e-01 
 7.582800000000e-09  4.512887324117e-01 
 7.592800000000e-09  4.398782419866e-01 
 7.602800000000e-09  3.654868396845e-01 
 7.612800000000e-09  2.406081334790e-01 
 7.622800000000e-09  8.109937451203e-02 
 7.632800000000e-09 -9.389148019925e-02 
 7.642800000000e-09 -2.579411243327e-01 
 7.652800000000e-09 -3.827787728077e-01 
 7.662800000000e-09 -4.477816106972e-01 
 7.672800000000e-09 -4.451071048241e-01 
 7.682800000000e-09 -3.783286116388e-01 
 7.692800000000e-09 -2.591629095742e-01 
 7.702800000000e-09 -1.031905644184e-01 
 7.712800000000e-09  7.109558747027e-02 
 7.722800000000e-09  2.382766947087e-01 
 7.732800000000e-09  3.695901437616e-01 
 7.742800000000e-09  4.431259223630e-01 
 7.752800000000e-09  4.492527174465e-01 
 7.762800000000e-09  3.902863986445e-01 
 7.772800000000e-09  2.770882349538e-01 
 7.782800000000e-09  1.249593086920e-01 
 7.792800000000e-09 -4.819258346068e-02 
 7.802800000000e-09 -2.180008046936e-01 
 7.812800000000e-09 -3.554115535808e-01 
 7.822800000000e-09 -4.373202971555e-01 
 7.832800000000e-09 -4.522866586753e-01 
 7.842800000000e-09 -4.013248170396e-01 
 7.852800000000e-09 -2.943596978858e-01 
 7.862800000000e-09 -1.463635916409e-01 
 7.872800000000e-09  2.525382395332e-02 
 7.882800000000e-09  1.971756506286e-01 
 7.892800000000e-09  3.402847329892e-01 
 7.902800000000e-09  4.303690356731e-01 
 7.912800000000e-09  4.541943441681e-01 
 7.922800000000e-09  4.114096184526e-01 
 7.932800000000e-09  3.109342753775e-01 
 7.942800000000e-09  1.673562286152e-01 
 7.952800000000e-09 -2.340001209708e-03 
 7.962800000000e-09 -1.758535460296e-01 
 7.972800000000e-09 -3.242470127732e-01 
 7.982800000000e-09 -4.222766388429e-01 
 7.992800000000e-09 -4.549626667560e-01 
 8.002800000000e-09 -4.205104367608e-01 
 8.012800000000e-09 -3.267768905387e-01 
 8.022800000000e-09 -1.878945841571e-01 
 8.032800000000e-09 -2.048754909966e-02 
 8.042800000000e-09  1.540988611222e-01 
 8.052800000000e-09  3.073447103172e-01 
 8.062800000000e-09  4.130544185735e-01 
 8.072800000000e-09  4.545786832746e-01 
 8.082800000000e-09  4.285941723401e-01 
 8.092800000000e-09  3.418482445486e-01 
 8.102800000000e-09  2.079381866552e-01 
 8.112800000000e-09  4.317734800969e-02 
 8.122800000000e-09 -1.319723417712e-01 
 8.132800000000e-09 -2.896256490309e-01 
 8.142800000000e-09 -4.027224269257e-01 
 8.152800000000e-09 -4.530399346549e-01 
 8.162800000000e-09 -4.356381263452e-01 
 8.172800000000e-09 -3.561170438162e-01 
 8.182800000000e-09 -2.274514392545e-01 
 8.192800000000e-09 -6.568196680899e-02 
 8.202800000000e-09  1.095371170952e-01 
 8.212800000000e-09  2.711402303395e-01 
 8.222800000000e-09  3.912946247438e-01 
 8.232800000000e-09  4.503283123010e-01 
 8.242800000000e-09  4.416116701790e-01 
 8.252800000000e-09  3.695543298419e-01 
 8.262800000000e-09  2.464155774214e-01 
 8.272800000000e-09  8.796492816733e-02 
 8.282800000000e-09 -8.685752001906e-02 
 8.292800000000e-09 -2.519305476020e-01 
 8.302800000000e-09 -3.788114406570e-01 
 8.312800000000e-09 -4.464689253078e-01 
 8.322800000000e-09 -4.465104366779e-01 
 8.332800000000e-09 -3.821281071652e-01 
 8.342800000000e-09 -2.647806429623e-01 
 8.352800000000e-09 -1.099636590381e-01 
 8.362800000000e-09  6.401782273629e-02 
 8.372800000000e-09  2.320683262963e-01 
 8.382800000000e-09  3.653118468747e-01 
 8.392800000000e-09  4.414582711026e-01 
 8.402800000000e-09  4.503169952710e-01 
 8.412800000000e-09  3.938070336856e-01 
 8.422800000000e-09  2.825082517265e-01 
 8.432800000000e-09  1.316250712044e-01 
 8.442800000000e-09 -4.109670636406e-02 
 8.452800000000e-09 -2.116165654280e-01 
 8.462800000000e-09 -3.508351724997e-01 
 8.472800000000e-09 -4.352968845980e-01 
 8.482800000000e-09 -4.530028350221e-01 
 8.492800000000e-09 -4.045527540296e-01 
 8.502800000000e-09 -2.995672062436e-01 
 8.512800000000e-09 -1.529067728046e-01 
 8.522800000000e-09  1.815797669561e-02 
 8.532800000000e-09  1.906297268520e-01 
 8.542800000000e-09  3.354207056597e-01 
 8.552800000000e-09  4.279908257474e-01 
 8.562800000000e-09  4.545591609238e-01 
 8.572800000000e-09  4.143366081917e-01 
 8.582800000000e-09  3.159197018462e-01 
 8.592800000000e-09  1.737635199691e-01 
 8.602800000000e-09  4.735077449864e-03 
 8.612800000000e-09 -1.691672716172e-01 
 8.622800000000e-09 -3.191100650947e-01 
 8.632800000000e-09 -4.195464938016e-01 
 8.642800000000e-09 -4.549707367958e-01 
 8.652800000000e-09 -4.231248006070e-01 
 8.662800000000e-09 -3.315267355007e-01 
 8.672800000000e-09 -1.941527621572e-01 
 8.682800000000e-09 -2.752610761744e-02 
 8.692800000000e-09  1.472894038580e-01 
 8.702800000000e-09  3.019485787198e-01 
 8.712800000000e-09  4.099775857718e-01 
 8.722800000000e-09  4.542292545244e-01 
 8.732800000000e-09  4.308890502928e-01 
 8.742800000000e-09  3.463532650575e-01 
 8.752800000000e-09  2.140360270797e-01 
 8.762800000000e-09  5.016254112249e-02 
 8.772800000000e-09 -1.250623907132e-01 
 8.782800000000e-09 -2.839877247588e-01 
 8.792800000000e-09 -3.993071517835e-01 
 8.802800000000e-09 -4.523321625724e-01 
 8.812800000000e-09 -4.376059700661e-01 
 8.822800000000e-09 -3.603664789766e-01 
 8.832800000000e-09 -2.333780569090e-01 
 8.842800000000e-09 -7.259892701657e-02 
 8.852800000000e-09  1.025478648994e-01 
 8.862800000000e-09  2.652770120629e-01 
 8.872800000000e-09  3.875499725977e-01 
 8.882800000000e-09  4.492628092385e-01 
 8.892800000000e-09  4.432457271699e-01 
 8.902800000000e-09  3.735372106040e-01 
 8.912800000000e-09  2.521595227413e-01 
 8.922800000000e-09  9.479833451116e-02 
 8.932800000000e-09 -7.981129411935e-02 
 8.942800000000e-09 -2.458586445010e-01 
 8.952800000000e-09 -3.747466713568e-01 
 8.962800000000e-09 -4.450445169584e-01 
 8.972800000000e-09 -4.478074134690e-01 
 8.982800000000e-09 -3.858404074712e-01 
 8.992800000000e-09 -2.703357406952e-01 
 9.002800000000e-09 -1.167015589686e-01 
 9.012800000000e-09  5.693631845685e-02 
 9.022800000000e-09  2.258076886942e-01 
 9.032800000000e-09  3.609429364922e-01 
 9.042800000000e-09  4.396817522686e-01 
 9.052800000000e-09  4.512735532317e-01 
 9.062800000000e-09  3.972360501514e-01 
 9.072800000000e-09  2.878603029806e-01 
 9.082800000000e-09  1.382503315739e-01 
 9.092800000000e-09 -3.400278643169e-02 
 9.102800000000e-09 -2.051837731811e-01 
 9.112800000000e-09 -3.461709092386e-01 
 9.122800000000e-09 -4.331645850777e-01 
 9.132800000000e-09 -4.536105309671e-01 
 9.142800000000e-09 -4.076870367139e-01 
 9.152800000000e-09 -3.047046073942e-01 
 9.162800000000e-09 -1.594057645205e-01 
 9.172800000000e-09  1.107077565775e-02 
 9.182800000000e-09  1.840424764045e-01 
 9.192800000000e-09  3.304738578967e-01 
 9.202800000000e-09  4.255049346645e-01 
 9.212800000000e-09  4.548137625082e-01 
 9.222800000000e-09  4.171660961365e-01 
 9.232800000000e-09  3.208303564991e-01 
 9.242800000000e-09  1.801221107619e-01 
 9.252800000000e-09  1.179648721149e-02 
 9.262800000000e-09 -1.624444633280e-01 
 9.272800000000e-09 -3.138941566891e-01 
 9.282800000000e-09 -4.167099230593e-01 
 9.292800000000e-09 -4.548684095007e-01 
 9.302800000000e-09 -4.256397345702e-01 
 9.312800000000e-09 -3.361993752391e-01 
 9.322800000000e-09 -2.003590012816e-01 
 9.332800000000e-09 -3.454570909456e-02 
 9.342800000000e-09  1.404507261684e-01 
 9.352800000000e-09  2.964791505646e-01 
 9.362800000000e-09  4.067970168040e-01 
 9.372800000000e-09  4.537691312072e-01 
 9.382800000000e-09  4.330820138317e-01 
 9.392800000000e-09  3.507774762411e-01 
 9.402800000000e-09  2.200783591922e-01 
 9.412800000000e-09  5.712423899975e-02 
 9.422800000000e-09 -1.181292922810e-01 
 9.432800000000e-09 -2.782815782836e-01 
 9.442800000000e-09 -3.957911468991e-01 
 9.452800000000e-09 -4.515144841821e-01 
 9.462800000000e-09 -4.394707537312e-01 
 9.472800000000e-09 -3.645329213532e-01 
 9.482800000000e-09 -2.392463046912e-01 
 9.492800000000e-09 -7.948765096092e-02 
 9.502800000000e-09  9.554314313903e-02 
 9.512800000000e-09  2.593516353118e-01 
 9.522800000000e-09  3.837083435499e-01 
 9.532800000000e-09  4.480878269454e-01 
 9.542800000000e-09  4.447759378716e-01 
 9.552800000000e-09  3.774356013939e-01 
 9.562800000000e-09  2.578430616536e-01 
 9.572800000000e-09  1.015997382639e-01 
 9.582800000000e-09 -7.275613743803e-02 
 9.592800000000e-09 -2.397305368760e-01 
 9.602800000000e-09 -3.705896736656e-01 
 9.612800000000e-09 -4.435127922052e-01 
 9.622800000000e-09 -4.489995811547e-01 
 9.632800000000e-09 -3.894581422124e-01 
 9.642800000000e-09 -2.758152057919e-01 
 9.652800000000e-09 -1.233941058927e-01 
 9.662800000000e-09  4.985772528579e-02 
 9.672800000000e-09  2.194961919299e-01 
 9.682800000000e-09  3.564802931272e-01 
 9.692800000000e-09  4.377889430590e-01 
 9.702800000000e-09  4.521127793069e-01 
 9.712800000000e-09  4.005627875835e-01 
 9.722800000000e-09  2.931344692162e-01 
 9.732800000000e-09  1.448262057786e-01 
 9.742800000000e-09 -2.691847667677e-02 
 9.752800000000e-09 -1.987071853420e-01 
 9.762800000000e-09 -3.414189775287e-01 
 9.772800000000e-09 -4.309188859194e-01 
 9.782800000000e-09 -4.541014838898e-01 
 9.792800000000e-09 -4.107172714649e-01 
 9.802800000000e-09 -3.097609275574e-01 
 9.812800000000e-09 -1.658506752792e-01 
 9.822800000000e-09  4.000151884497e-03 
 9.832800000000e-09  1.774184481671e-01 
 9.842800000000e-09  3.254449475335e-01 
 9.852800000000e-09  4.229079089602e-01 
 9.862800000000e-09  4.549517560087e-01 
 9.872800000000e-09  4.198895767290e-01 
 9.882800000000e-09  3.256572007187e-01 
 9.892800000000e-09  1.864231554864e-01 
 9.902800000000e-09  1.883595571065e-02 
 9.912800000000e-09 -1.556919080535e-01 
 9.922800000000e-09 -3.086024219965e-01 
 9.932800000000e-09 -4.137657969550e-01 
 9.942800000000e-09 -4.546506164568e-01 
 9.952800000000e-09 -4.280474100789e-01 
 9.962800000000e-09 -3.407855230332e-01 
 9.972800000000e-09 -2.065040902380e-01 
 9.982800000000e-09 -4.153785684707e-02 
 9.992800000000e-09  1.335896343879e-01 
 1.000000000000e-08  2.511894462979e-01 
