 1.628000000000e-10  1.729527159313e-02 
 1.728000000000e-10  4.142332779143e-03 
 1.828000000000e-10 -1.015658307206e-02 
 1.928000000000e-10 -2.379379810810e-02 
 2.028000000000e-10 -3.492937485749e-02 
 2.128000000000e-10 -4.194708914432e-02 
 2.228000000000e-10 -4.372760916330e-02 
 2.328000000000e-10 -3.984768089761e-02 
 2.428000000000e-10 -3.065637967937e-02 
 2.528000000000e-10 -1.720309145623e-02 
 2.628000000000e-10 -1.084800966655e-03 
 2.728000000000e-10  1.575099239659e-02 
 2.828000000000e-10  3.121215723202e-02 
 2.928000000000e-10  4.329513491713e-02 
 3.028000000000e-10  5.032405634950e-02 
 3.128000000000e-10  5.118638511293e-02 
 3.228000000000e-10  4.550817022376e-02 
 3.328000000000e-10  3.374255916589e-02 
 3.428000000000e-10  1.713747616107e-02 
 3.528000000000e-10 -2.390725252557e-03 
 3.628000000000e-10 -2.246273348972e-02 
 3.728000000000e-10 -4.049047928523e-02 
 3.828000000000e-10 -5.399471581374e-02 
 3.928000000000e-10 -6.096669544725e-02 
 4.028000000000e-10 -6.022176463677e-02 
 4.128000000000e-10 -5.161683184818e-02 
 4.228000000000e-10 -3.606269364741e-02 
 4.328000000000e-10 -1.535539147620e-02 
 4.428000000000e-10  8.062343371985e-03 
 4.528000000000e-10  3.135868488318e-02 
 4.628000000000e-10  5.158778148452e-02 
 4.728000000000e-10  6.601902485714e-02 
 4.828000000000e-10  7.250823676023e-02 
 4.928000000000e-10  6.986131724293e-02 
 5.028000000000e-10  5.807039297012e-02 
 5.128000000000e-10  3.834015594151e-02 
 5.228000000000e-10  1.291018767200e-02 
 5.328000000000e-10 -1.521801486934e-02 
 5.428000000000e-10 -4.258258947626e-02 
 5.528000000000e-10 -6.559663115098e-02 
 5.628000000000e-10 -8.098509923624e-02 
 5.728000000000e-10 -8.632459002116e-02 
 5.828000000000e-10 -8.054289300967e-02 
 5.928000000000e-10 -6.412760753374e-02 
 6.028000000000e-10 -3.896636066635e-02 
 6.128000000000e-10 -7.987227062309e-03 
 6.228000000000e-10  2.518262048436e-02 
 6.328000000000e-10  5.651454603919e-02 
 6.428000000000e-10  8.192187375440e-02 
 6.528000000000e-10  9.774408043656e-02 
 6.628000000000e-10  1.013751166172e-01 
 6.728000000000e-10  9.185489853937e-02 
 6.828000000000e-10  7.009156409438e-02 
 6.928000000000e-10  3.860907615925e-02 
 7.028000000000e-10  1.069964843908e-03 
 7.128000000000e-10 -3.812258939804e-02 
 7.228000000000e-10 -7.412940425290e-02 
 7.328000000000e-10 -1.020593304975e-01 
 7.428000000000e-10 -1.176322827919e-01 
 7.528000000000e-10 -1.181171285567e-01 
 7.628000000000e-10 -1.030651843130e-01 
 7.728000000000e-10 -7.430427238197e-02 
 7.828000000000e-10 -3.530783153337e-02 
 7.928000000000e-10  9.450692793663e-03 
 8.028000000000e-10  5.482889965530e-02 
 8.128000000000e-10  9.524545893508e-02 
 8.228000000000e-10  1.250793970250e-01 
 8.328000000000e-10  1.394988280473e-01 
 8.428000000000e-10  1.357218332142e-01 
 8.528000000000e-10  1.138934852219e-01 
 8.628000000000e-10  7.684757779929e-02 
 8.728000000000e-10  2.909682329068e-02 
 8.828000000000e-10 -2.396248767046e-02 
 8.928000000000e-10 -7.627546351725e-02 
 9.028000000000e-10 -1.212429454019e-01 
 9.128000000000e-10 -1.521599512952e-01 
 9.228000000000e-10 -1.635643171645e-01 
 9.328000000000e-10 -1.531085116494e-01 
 9.428000000000e-10 -1.222620031826e-01 
 9.528000000000e-10 -7.534999796707e-02 
 9.628000000000e-10 -1.797131109759e-02 
 9.728000000000e-10  4.366867487012e-02 
 9.828000000000e-10  1.026580427254e-01 
 9.928000000000e-10  1.513520776645e-01 
 1.002800000000e-09  1.818689612388e-01 
 1.012800000000e-09  1.882776813026e-01 
 1.022800000000e-09  1.690560194733e-01 
 1.032800000000e-09  1.273378645689e-01 
 1.042800000000e-09  6.912724274047e-02 
 1.052800000000e-09  1.118579236341e-03 
 1.062800000000e-09 -6.963426926370e-02 
 1.072800000000e-09 -1.351827613326e-01 
 1.082800000000e-09 -1.863310688626e-01 
 1.092800000000e-09 -2.136868233405e-01 
 1.102800000000e-09 -2.116506836384e-01 
 1.112800000000e-09 -1.806081022743e-01 
 1.122800000000e-09 -1.260895614194e-01 
 1.132800000000e-09 -5.579137114697e-02 
 1.142800000000e-09  2.289274734044e-02 
 1.152800000000e-09  1.021908258453e-01 
 1.162800000000e-09  1.730076662688e-01 
 1.172800000000e-09  2.240681578861e-01 
 1.182800000000e-09  2.448452747960e-01 
 1.192800000000e-09  2.311620515698e-01 
 1.202800000000e-09  1.858992418647e-01 
 1.212800000000e-09  1.172479614818e-01 
 1.222800000000e-09  3.434894526136e-02 
 1.232800000000e-09 -5.493715242346e-02 
 1.242800000000e-09 -1.420391313650e-01 
 1.252800000000e-09 -2.159936415871e-01 
 1.262800000000e-09 -2.626524550243e-01 
 1.272800000000e-09 -2.721177404002e-01 
 1.282800000000e-09 -2.430802266521e-01 
 1.292800000000e-09 -1.816303160516e-01 
 1.302800000000e-09 -9.868840341811e-02 
 1.312800000000e-09 -3.840842283022e-03 
 1.322800000000e-09  9.485671279569e-02 
 1.332800000000e-09  1.878428694410e-01 
 1.342800000000e-09  2.609239568133e-01 
 1.352800000000e-09  2.980583124747e-01 
 1.362800000000e-09  2.920787819464e-01 
 1.372800000000e-09  2.451365127172e-01 
 1.382800000000e-09  1.667781642149e-01 
 1.392800000000e-09  7.007809188639e-02 
 1.402800000000e-09 -3.577838619125e-02 
 1.412800000000e-09 -1.423966828640e-01 
 1.422800000000e-09 -2.382080224334e-01 
 1.432800000000e-09 -3.043799586992e-01 
 1.442800000000e-09 -3.263420468366e-01 
 1.452800000000e-09 -3.011500808823e-01 
 1.462800000000e-09 -2.347469597195e-01 
 1.472800000000e-09 -1.404033967374e-01 
 1.482800000000e-09 -3.158870113439e-02 
 1.492800000000e-09  8.344651230814e-02 
 1.502800000000e-09  1.956079360327e-01 
 1.512800000000e-09  2.888717042401e-01 
 1.522800000000e-09  3.417527001259e-01 
 1.532800000000e-09  3.441245820145e-01 
 1.542800000000e-09  2.975613624705e-01 
 1.552800000000e-09  2.118104536841e-01 
 1.562800000000e-09  1.034090553021e-01 
 1.572800000000e-09 -1.580906594909e-02 
 1.582800000000e-09 -1.380112948593e-01 
 1.592800000000e-09 -2.520927666024e-01 
 1.602800000000e-09 -3.354673971683e-01 
 1.612800000000e-09 -3.691850215848e-01 
 1.622800000000e-09 -3.487829890279e-01 
 1.632800000000e-09 -2.800250061389e-01 
 1.642800000000e-09 -1.768845084695e-01 
 1.652800000000e-09 -5.705199755774e-02 
 1.662800000000e-09  7.040813396186e-02 
 1.672800000000e-09  1.972992072320e-01 
 1.682800000000e-09  3.070707142096e-01 
 1.692800000000e-09  3.735880127257e-01 
 1.702800000000e-09  3.840558182726e-01 
 1.712800000000e-09  3.394308119601e-01 
 1.722800000000e-09  2.493039410090e-01 
 1.732800000000e-09  1.320020015596e-01 
 1.742800000000e-09  2.890678968580e-03 
 1.752800000000e-09 -1.306712283436e-01 
 1.762800000000e-09 -2.585864570407e-01 
 1.772800000000e-09 -3.559222927352e-01 
 1.782800000000e-09 -3.999470100364e-01 
 1.792800000000e-09 -3.847522117445e-01 
 1.802800000000e-09 -3.158272328602e-01 
 1.812800000000e-09 -2.069916505280e-01 
 1.822800000000e-09 -7.907402701963e-02 
 1.832800000000e-09  5.720623158316e-02 
 1.842800000000e-09  1.945918964555e-01 
 1.852800000000e-09  3.169948448471e-01 
 1.862800000000e-09  3.947504492789e-01 
 1.872800000000e-09  4.127082267374e-01 
 1.882800000000e-09  3.710656693374e-01 
 1.892800000000e-09  2.791498026603e-01 
 1.902800000000e-09  1.557523340754e-01 
 1.912800000000e-09  1.968652957563e-02 
 1.922800000000e-09 -1.217530679120e-01 
 1.932800000000e-09 -2.595979966204e-01 
 1.942800000000e-09 -3.678958124321e-01 
 1.952800000000e-09 -4.207423625407e-01 
 1.962800000000e-09 -4.108319695302e-01 
 1.972800000000e-09 -3.432354931659e-01 
 1.982800000000e-09 -2.313586984794e-01 
 1.992800000000e-09 -9.782750935621e-02 
 2.002800000000e-09  4.447979964148e-02 
 2.012800000000e-09  1.890624563194e-01 
 2.022800000000e-09  3.208646919383e-01 
 2.032800000000e-09  4.077763137812e-01 
 2.042800000000e-09  4.325297888264e-01 
 2.052800000000e-09  3.944619120821e-01 
 2.062800000000e-09  3.025801478090e-01 
 2.072800000000e-09  1.754370971380e-01 
 2.082800000000e-09  3.464866936920e-02 
 2.092800000000e-09 -1.121076916060e-01 
 2.102800000000e-09 -2.568902149154e-01 
 2.112800000000e-09 -3.737574775486e-01 
 2.122800000000e-09 -4.341492919854e-01 
 2.132800000000e-09 -4.294111282755e-01 
 2.142800000000e-09 -3.640924230004e-01 
 2.152800000000e-09 -2.511353645542e-01 
 2.162800000000e-09 -1.139178863524e-01 
 2.172800000000e-09  3.239728491015e-02 
 2.182800000000e-09  1.818188737516e-01 
 2.192800000000e-09  3.205598198193e-01 
 2.202800000000e-09  4.150020844917e-01 
 2.212800000000e-09  4.459178571198e-01 
 2.222800000000e-09  4.117347921866e-01 
 2.232800000000e-09  3.210849484668e-01 
 2.242800000000e-09  1.919816067480e-01 
 2.252800000000e-09  4.808460566061e-02 
 2.262800000000e-09 -1.021856131004e-01 
 2.272800000000e-09 -2.517457935327e-01 
 2.282800000000e-09 -3.753804023973e-01 
 2.292800000000e-09 -4.423121316600e-01 
 2.302800000000e-09 -4.425725545722e-01 
 2.312800000000e-09 -3.801220142083e-01 
 2.322800000000e-09 -2.674346728530e-01 
 2.332800000000e-09 -1.279730380490e-01 
 2.342800000000e-09  2.093570384246e-02 
 2.352800000000e-09  1.735664597974e-01 
 2.362800000000e-09  3.174416560021e-01 
 2.372800000000e-09  4.181847514565e-01 
 2.382800000000e-09  4.547282452140e-01 
 2.392800000000e-09  4.245869023142e-01 
 2.402800000000e-09  3.359536434792e-01 
 2.412800000000e-09  2.062048154735e-01 
 2.422800000000e-09  6.035130394679e-02 
 2.432800000000e-09 -9.219113835940e-02 
 2.442800000000e-09 -2.450103591731e-01 
 2.452800000000e-09 -3.740845757282e-01 
 2.462800000000e-09 -4.468012096399e-01 
 2.472800000000e-09 -4.518945943303e-01 
 2.482800000000e-09 -3.926857937896e-01 
 2.492800000000e-09 -2.811830916268e-01 
 2.502800000000e-09 -1.405364663826e-01 
 2.512800000000e-09  9.985735787733e-03 
 2.522800000000e-09  1.647139043895e-01 
 2.532800000000e-09  3.124089104104e-01 
 2.542800000000e-09  4.185677608616e-01 
 2.552800000000e-09  4.603489783180e-01 
 2.562800000000e-09  4.343283115653e-01 
 2.572800000000e-09  3.482347300881e-01 
 2.582800000000e-09  2.187648673288e-01 
 2.592800000000e-09  7.175016874604e-02 
 2.602800000000e-09 -8.222545244602e-02 
 2.612800000000e-09 -2.372636970765e-01 
 2.622800000000e-09 -3.708118491725e-01 
 2.632800000000e-09 -4.487605949888e-01 
 2.642800000000e-09 -4.585453814602e-01 
 2.652800000000e-09 -4.028115320173e-01 
 2.662800000000e-09 -2.931016562920e-01 
 2.672800000000e-09 -1.520284541964e-01 
 2.682800000000e-09 -5.544349837054e-04 
 2.692800000000e-09  1.555271764333e-01 
 2.702800000000e-09  3.061009017111e-01 
 2.712800000000e-09  4.170228551418e-01 
 2.722800000000e-09  4.637408545148e-01 
 2.732800000000e-09  4.418647727777e-01 
 2.742800000000e-09  3.586405424862e-01 
 2.752800000000e-09  2.301067094127e-01 
 2.762800000000e-09  8.249813081599e-02 
 2.772800000000e-09 -7.233173149250e-02 
 2.782800000000e-09 -2.288622098591e-01 
 2.792800000000e-09 -3.661566282193e-01 
 2.802800000000e-09 -4.489223814756e-01 
 2.812800000000e-09 -4.632829091747e-01 
 2.822800000000e-09 -4.111686468761e-01 
 2.832800000000e-09 -3.036667155539e-01 
 2.842800000000e-09 -1.627311774566e-01 
 2.852800000000e-09 -1.076643161398e-02 
 2.862800000000e-09  1.461559048369e-01 
 2.872800000000e-09  2.989102404379e-01 
 2.882800000000e-09  4.141003025786e-01 
 2.892800000000e-09  4.655231100493e-01 
 2.902800000000e-09  4.478060932450e-01 
 2.912800000000e-09  3.676861915516e-01 
 2.922800000000e-09  2.405631942491e-01 
 2.932800000000e-09  9.276599986607e-02 
 2.942800000000e-09 -6.252033046780e-02 
 2.952800000000e-09 -2.200402207622e-01 
 2.962800000000e-09 -3.605249655198e-01 
 2.972800000000e-09 -4.477960686603e-01 
 2.982800000000e-09 -4.666385773513e-01 
 2.992800000000e-09 -4.182512853912e-01 
 3.002800000000e-09 -3.132578423477e-01 
 3.012800000000e-09 -1.728754325377e-01 
 3.022800000000e-09 -2.073198847682e-02 
 3.032800000000e-09  1.366857734315e-01 
 3.042800000000e-09  2.911093558001e-01 
 3.052800000000e-09  4.101953661437e-01 
 3.062800000000e-09  4.661512006981e-01 
 3.072800000000e-09  4.526013951907e-01 
 3.082800000000e-09  3.757502333326e-01 
 3.092800000000e-09  2.503825135145e-01 
 3.102800000000e-09  1.026877948373e-01 
 3.112800000000e-09 -5.278462679368e-02 
 3.122800000000e-09 -2.109492853307e-01 
 3.132800000000e-09 -3.541923947260e-01 
 3.142800000000e-09 -4.457339612804e-01 
 3.152800000000e-09 -4.689906291422e-01 
 3.162800000000e-09 -4.244031350434e-01 
 3.172800000000e-09 -3.221302372378e-01 
 3.182800000000e-09 -1.826190991772e-01 
 3.192800000000e-09 -3.051066687702e-02 
 3.202800000000e-09  1.271666342538e-01 
 3.212800000000e-09  2.828759350175e-01 
 3.222800000000e-09  4.055673028382e-01 
 3.232800000000e-09  4.659257094357e-01 
 3.242800000000e-09  4.565493038075e-01 
 3.252800000000e-09  3.830863326211e-01 
 3.262800000000e-09  2.597316244239e-01 
 3.272800000000e-09  1.123561326808e-01 
 3.282800000000e-09 -4.311617471191e-02 
 3.292800000000e-09 -2.016875344801e-01 
 3.302800000000e-09 -3.473395232661e-01 
 3.312800000000e-09 -4.429672539532e-01 
 3.322800000000e-09 -4.705865404949e-01 
 3.332800000000e-09 -4.298540115690e-01 
 3.342800000000e-09 -3.304603746740e-01 
 3.352800000000e-09 -1.920729520111e-01 
 3.362800000000e-09 -4.014746349403e-02 
 3.372800000000e-09  1.176261050654e-01 
 3.382800000000e-09  2.743282064769e-01 
 3.392800000000e-09  4.003888201202e-01 
 3.402800000000e-09  4.650484918725e-01 
 3.412800000000e-09  4.598518197213e-01 
 3.422800000000e-09  3.898677451586e-01 
 3.432800000000e-09  2.687248939163e-01 
 3.442800000000e-09  1.218372056719e-01 
 3.452800000000e-09 -3.350572805894e-02 
 3.462800000000e-09 -1.923182915758e-01 
 3.472800000000e-09 -3.400882337361e-01 
 3.482800000000e-09 -4.396387408435e-01 
 3.492800000000e-09 -4.715698692845e-01 
 3.502800000000e-09 -4.347446387380e-01 
 3.512800000000e-09 -3.383610265045e-01 
 3.522800000000e-09 -2.013092581471e-01 
 3.532800000000e-09 -4.967878990340e-02 
 3.542800000000e-09  1.080663056226e-01 
 3.552800000000e-09  2.655251999862e-01 
 3.562800000000e-09  3.947522009556e-01 
 3.572800000000e-09  4.636337009399e-01 
 3.582800000000e-09  4.626288230119e-01 
 3.592800000000e-09  3.962023730098e-01 
 3.602800000000e-09  2.774371152743e-01 
 3.612800000000e-09  1.311809906911e-01 
 3.622800000000e-09 -2.393683819303e-02 
 3.632800000000e-09 -1.828692516399e-01 
 3.642800000000e-09 -3.324995499759e-01 
 3.652800000000e-09 -4.358561408929e-01 
 3.662800000000e-09 -4.720793297156e-01 
 3.672800000000e-09 -4.391961919409e-01 
 3.682800000000e-09 -3.459226612358e-01 
 3.692800000000e-09 -2.103902247821e-01 
 3.702800000000e-09 -5.913134549303e-02 
 3.712800000000e-09  9.850704261420e-02 
 3.722800000000e-09  2.565454256981e-01 
 3.732800000000e-09  3.887609398472e-01 
 3.742800000000e-09  4.617969369892e-01 
 3.752800000000e-09  4.649924613907e-01 
 3.762800000000e-09  4.021835692495e-01 
 3.772800000000e-09  2.859266526697e-01 
 3.782800000000e-09  1.404218509001e-01 
 3.792800000000e-09 -1.440712542760e-02 
 3.802800000000e-09 -1.733780763588e-01 
 3.812800000000e-09 -3.246476766584e-01 
 3.822800000000e-09 -4.316993329520e-01 
 3.832800000000e-09 -4.721900887275e-01 
 3.842800000000e-09 -4.432946723093e-01 
 3.852800000000e-09 -3.532276501631e-01 
 3.862800000000e-09 -2.193675735705e-01 
 3.872800000000e-09 -6.853014626380e-02 
 3.882800000000e-09  8.894919623216e-02 
 3.892800000000e-09  2.474332503676e-01 
 3.902800000000e-09  3.824800612041e-01 
 3.912800000000e-09  4.596170472895e-01 
 3.922800000000e-09  4.670242937544e-01 
 3.932800000000e-09  4.078843888186e-01 
 3.942800000000e-09  2.942430904446e-01 
 3.952800000000e-09  1.495931927235e-01 
 3.962800000000e-09 -4.907380030598e-03 
 3.972800000000e-09 -1.638637135405e-01 
 3.982800000000e-09 -3.165798059073e-01 
 3.992800000000e-09 -4.272284782351e-01 
 4.002800000000e-09 -4.719681569296e-01 
 4.012800000000e-09 -4.470776623892e-01 
 4.022800000000e-09 -3.602750550224e-01 
 4.032800000000e-09 -2.282318985918e-01 
 4.042800000000e-09 -7.786881165745e-02 
 4.052800000000e-09  7.940112289728e-02 
 4.062800000000e-09  2.382095389025e-01 
 4.072800000000e-09  3.759210312451e-01 
 4.082800000000e-09  4.570993121051e-01 
 4.092800000000e-09  4.687266766055e-01 
 4.102800000000e-09  4.132971006003e-01 
 4.112800000000e-09  3.023665460489e-01 
 4.122800000000e-09  1.586853891974e-01 
 4.132800000000e-09  4.553657422070e-03 
 4.142800000000e-09 -1.543366367399e-01 
 4.152800000000e-09 -3.083087170935e-01 
 4.162800000000e-09 -4.224478480719e-01 
 4.172800000000e-09 -4.714108502033e-01 
 4.182800000000e-09 -4.505532574531e-01 
 4.192800000000e-09 -3.670824098196e-01 
 4.202800000000e-09 -2.369914845686e-01 
 4.212800000000e-09 -8.715219364961e-02 
 4.222800000000e-09  6.986683293072e-02 
 4.232800000000e-09  2.289002705415e-01 
 4.242800000000e-09  3.691098475540e-01 
 4.252800000000e-09  4.542697141645e-01 
 4.262800000000e-09  4.701174822439e-01 
 4.272800000000e-09  4.184450218834e-01 
 4.282800000000e-09  3.103222167801e-01 
 4.292800000000e-09  1.677180054312e-01 
 4.302800000000e-09  1.398376183985e-02 
 4.312800000000e-09 -1.448025387315e-01 
 4.322800000000e-09 -2.998598034952e-01 
 4.332800000000e-09 -4.173879285310e-01 
 4.342800000000e-09 -4.705513206281e-01 
 4.352800000000e-09 -4.537534918699e-01 
 4.362800000000e-09 -3.736752385656e-01 
 4.372800000000e-09 -2.456604648594e-01 
 4.382800000000e-09 -9.639152932313e-02 
 4.392800000000e-09  6.034448169247e-02 
 4.402800000000e-09  2.195246098444e-01 
 4.412800000000e-09  3.620682559864e-01 
 4.422800000000e-09  4.511523895348e-01 
 4.432800000000e-09  4.712249239343e-01 
 4.442800000000e-09  4.233496449261e-01 
 4.452800000000e-09  3.181170540562e-01 
 4.462800000000e-09  1.766993639805e-01 
 4.472800000000e-09  2.338505777164e-02 
 4.482800000000e-09 -1.352663690581e-01 
 4.492800000000e-09 -2.912520971926e-01 
 4.502800000000e-09 -4.120673980359e-01 
 4.512800000000e-09 -4.694074598788e-01 
 4.522800000000e-09 -4.566943638670e-01 
 4.532800000000e-09 -3.800644432198e-01 
 4.542800000000e-09 -2.542413190374e-01 
 4.552800000000e-09 -1.055908900471e-01 
 4.562800000000e-09  5.083533598079e-02 
 4.572800000000e-09  2.100993665292e-01 
 4.582800000000e-09  3.548114375490e-01 
 4.592800000000e-09  4.477606371541e-01 
 4.602800000000e-09  4.720604892494e-01 
 4.612800000000e-09  4.280202367459e-01 
 4.622800000000e-09  3.257543938006e-01 
 4.632800000000e-09  1.856347970310e-01 
 4.642800000000e-09  3.275905484970e-02 
 4.652800000000e-09 -1.257310050380e-01 
 4.662800000000e-09 -2.825015867411e-01 
 4.672800000000e-09 -4.064999175733e-01 
 4.682800000000e-09 -4.679915557630e-01 
 4.692800000000e-09 -4.593863043504e-01 
 4.702800000000e-09 -3.862565372294e-01 
 4.712800000000e-09 -2.627330510422e-01 
 4.722800000000e-09 -1.147530060691e-01 
 4.732800000000e-09  4.134064125840e-02 
 4.742800000000e-09  2.006381673455e-01 
 4.752800000000e-09  3.473513101511e-01 
 4.762800000000e-09  4.441032867081e-01 
 4.772800000000e-09  4.726309668169e-01 
 4.782800000000e-09  4.324618607311e-01 
 4.792800000000e-09  3.332348389443e-01 
 4.802800000000e-09  1.945218035878e-01 
 4.812800000000e-09  4.210130436487e-02 
 4.822800000000e-09 -1.161998921865e-01 
 4.832800000000e-09 -2.736219920879e-01 
 4.842800000000e-09 -4.006946438561e-01 
 4.852800000000e-09 -4.663099953268e-01 
 4.862800000000e-09 -4.618332103076e-01 
 4.872800000000e-09 -3.922518078346e-01 
 4.882800000000e-09 -2.711286124377e-01 
 4.892800000000e-09 -1.238752237082e-01 
 4.902800000000e-09  3.186625412156e-02 
 4.912800000000e-09  1.911561334653e-01 
 4.922800000000e-09  3.397017966404e-01 
 4.932800000000e-09  4.401744051536e-01 
 4.942800000000e-09  4.729141974627e-01 
 4.952800000000e-09  4.366570148274e-01 
 4.962800000000e-09  3.405435790960e-01 
 4.972800000000e-09  2.033688691205e-01 
 4.982800000000e-09  5.142965577418e-02 
 4.992800000000e-09 -1.066573962717e-01 
 5.002800000000e-09 -2.646071750118e-01 
 5.012800000000e-09 -3.946392840515e-01 
 5.022800000000e-09 -4.643514680456e-01 
 5.032800000000e-09 -4.640282926326e-01 
 5.042800000000e-09 -3.980482275482e-01 
 5.052800000000e-09 -2.794286334534e-01 
 5.062800000000e-09 -1.329718203921e-01 
 5.072800000000e-09  2.239425655924e-02 
 5.082800000000e-09  1.816383942439e-01 
 5.092800000000e-09  3.318458874120e-01 
 5.102800000000e-09  4.359851407885e-01 
 5.112800000000e-09  4.729482403575e-01 
 5.122800000000e-09  4.406503036533e-01 
 5.132800000000e-09  3.477299157004e-01 
 5.142800000000e-09  2.122024501608e-01 
 5.152800000000e-09  6.074996187972e-02 
 5.162800000000e-09 -9.711365753796e-02 
 5.172800000000e-09 -2.554981263545e-01 
 5.182800000000e-09 -3.883829458422e-01 
 5.192800000000e-09 -4.621688785342e-01 
 5.202800000000e-09 -4.660208419727e-01 
 5.212800000000e-09 -4.036852806503e-01 
 5.222800000000e-09 -2.876530821156e-01 
 5.232800000000e-09 -1.420536154847e-01 
 5.242800000000e-09  1.293073571448e-02 
 5.252800000000e-09  1.721105737645e-01 
 5.262800000000e-09  3.238252504213e-01 
 5.272800000000e-09  4.315668276247e-01 
 5.282800000000e-09  4.727524392946e-01 
 5.292800000000e-09  4.444277725036e-01 
 5.302800000000e-09  3.547433862562e-01 
 5.312800000000e-09  2.209828957396e-01 
 5.322800000000e-09  7.004036164447e-02 
 5.332800000000e-09 -8.757596830390e-02 
 5.342800000000e-09 -2.462947658737e-01 
 5.352800000000e-09 -3.819002621166e-01 
 5.362800000000e-09 -4.597210582686e-01 
 5.372800000000e-09 -4.677630636045e-01 
 5.382800000000e-09 -4.091154898311e-01 
 5.392800000000e-09 -2.957591911630e-01 
 5.402800000000e-09 -1.510988539255e-01 
 5.412800000000e-09  3.486028918347e-03 
 5.422800000000e-09  1.625742854856e-01 
 5.432800000000e-09  3.156307946100e-01 
 5.442800000000e-09  4.268946568215e-01 
 5.452800000000e-09  4.722921334233e-01 
 5.462800000000e-09  4.479717235495e-01 
 5.472800000000e-09  3.615841389780e-01 
 5.482800000000e-09  2.297088166415e-01 
 5.492800000000e-09  7.930166997467e-02 
 5.502800000000e-09 -7.804528242194e-02 
 5.512800000000e-09 -2.370120545592e-01 
 5.522800000000e-09 -3.752000878411e-01 
 5.532800000000e-09 -4.570144910973e-01 
 5.542800000000e-09 -4.692605456115e-01 
 5.552800000000e-09 -4.143361570461e-01 
 5.562800000000e-09 -3.037327641810e-01 
 5.572800000000e-09 -1.601022061002e-01 
 5.582800000000e-09 -5.934148483613e-03 
 5.592800000000e-09  1.530359831417e-01 
 5.602800000000e-09  3.072717932961e-01 
 5.612800000000e-09  4.219704309438e-01 
 5.622800000000e-09  4.715642574585e-01 
 5.632800000000e-09  4.512760492643e-01 
 5.642800000000e-09  3.682431661731e-01 
 5.652800000000e-09  2.383697218322e-01 
 5.662800000000e-09  8.852967865644e-02 
 5.672800000000e-09 -6.852547464850e-02 
 5.682800000000e-09 -2.276642802445e-01 
 5.692800000000e-09 -3.682874665644e-01 
 5.702800000000e-09 -4.540480551556e-01 
 5.712800000000e-09 -4.705031664833e-01 
 5.722800000000e-09 -4.193452454095e-01 
 5.732800000000e-09 -3.115800564222e-01 
 5.742800000000e-09 -1.690719236899e-01 
 5.752800000000e-09 -1.533401039001e-02 
 5.762800000000e-09  1.434968522059e-01 
 5.772800000000e-09  2.987604199355e-01 
 5.782800000000e-09  4.168055992007e-01 
 5.792800000000e-09  4.705797980453e-01 
 5.802800000000e-09  4.543511283770e-01 
 5.812800000000e-09  3.747274969058e-01 
 5.822800000000e-09  2.469674196835e-01 
 5.832800000000e-09  9.772904460924e-02 
 5.842800000000e-09 -5.901494779163e-02 
 5.852800000000e-09 -2.182637180823e-01 
 5.862800000000e-09 -3.611708536054e-01 
 5.872800000000e-09 -4.508287428988e-01 
 5.882800000000e-09 -4.715003479018e-01 
 5.892800000000e-09 -4.241468251608e-01 
 5.902800000000e-09 -3.192945571781e-01 
 5.912800000000e-09 -1.780083953698e-01 
 5.922800000000e-09 -2.471272394487e-02 
 5.932800000000e-09  1.339589624364e-01 
 5.942800000000e-09  2.901071165079e-01 
 5.952800000000e-09  4.114057648579e-01 
 5.962800000000e-09  4.693415380835e-01 
 5.972800000000e-09  4.571977877050e-01 
 5.982800000000e-09  3.810351981770e-01 
 5.992800000000e-09  2.554954944470e-01 
 6.002800000000e-09  1.068992725686e-01 
 6.012800000000e-09 -4.951547214648e-02 
 6.022800000000e-09 -2.088224523444e-01 
 6.032800000000e-09 -3.538565669444e-01 
 6.042800000000e-09 -4.473580630584e-01 
 6.052800000000e-09 -4.722509317081e-01 
 6.062800000000e-09 -4.287383125964e-01 
 6.072800000000e-09 -3.268705040200e-01 
 6.082800000000e-09 -1.869112986103e-01 
 6.092800000000e-09 -3.406973527818e-02 
 6.102800000000e-09  1.244236240185e-01 
 6.112800000000e-09  2.813222588090e-01 
 6.122800000000e-09  4.057760175480e-01 
 6.132800000000e-09  4.678515496628e-01 
 6.142800000000e-09  4.598162793621e-01 
 6.152800000000e-09  3.871639386066e-01 
 6.162800000000e-09  2.639468765227e-01 
 6.172800000000e-09  1.160397964360e-01 
 6.182800000000e-09 -4.002868106260e-02 
 6.192800000000e-09 -1.993510880962e-01 
 6.202800000000e-09 -3.463506447537e-01 
 6.212800000000e-09 -4.436370832535e-01 
 6.222800000000e-09 -4.727531855468e-01 
 6.232800000000e-09 -4.331168497948e-01 
 6.242800000000e-09 -3.343022426040e-01 
 6.252800000000e-09 -1.957744240683e-01 
 6.262800000000e-09 -4.339927222750e-02 
 6.272800000000e-09  1.148931446666e-01 
 6.282800000000e-09  2.724159460123e-01 
 6.292800000000e-09  3.999197462509e-01 
 6.302800000000e-09  4.661094601249e-01 
 6.312800000000e-09  4.622036654124e-01 
 6.322800000000e-09  3.931081924842e-01 
 6.332800000000e-09  2.723105039154e-01 
 6.342800000000e-09  1.251460113306e-01 
 6.352800000000e-09 -3.056053084408e-02 
 6.362800000000e-09 -1.898623898711e-01 
 6.372800000000e-09 -3.386631376090e-01 
 6.382800000000e-09 -4.396547477069e-01 
 6.392800000000e-09 -4.729793092415e-01 
 6.402800000000e-09 -4.372597018575e-01 
 6.412800000000e-09 -3.415709313166e-01 
 6.422800000000e-09 -2.046032595761e-01 
 6.432800000000e-09 -5.271766711954e-02 
 6.442800000000e-09  1.053516143433e-01 
 6.452800000000e-09  2.633797124705e-01 
 6.462800000000e-09  3.938207494140e-01 
 6.472800000000e-09  4.640991420224e-01 
 6.482800000000e-09  4.643482243313e-01 
 6.492800000000e-09  3.988615395713e-01 
 6.502800000000e-09  2.805838165225e-01 
 6.512800000000e-09  1.342302451295e-01 
 6.522800000000e-09 -2.109378331828e-02 
 6.532800000000e-09 -1.803405374399e-01 
 6.542800000000e-09 -3.307746121647e-01 
 6.552800000000e-09 -4.354188516942e-01 
 6.562800000000e-09 -4.729637587316e-01 
 6.572800000000e-09 -4.412071327833e-01 
 6.582800000000e-09 -3.487216576300e-01 
 6.592800000000e-09 -2.134215462431e-01 
 6.602800000000e-09 -6.202953572923e-02 
 6.612800000000e-09  9.580912560344e-02 
 6.622800000000e-09  2.542531259436e-01 
 6.632800000000e-09  3.875253171333e-01 
 6.642800000000e-09  4.618698564843e-01 
 6.652800000000e-09  4.662995488940e-01 
 6.662800000000e-09  4.044601985281e-01 
 6.672800000000e-09  2.887774550891e-01 
 6.682800000000e-09  1.432967522349e-01 
 6.692800000000e-09 -1.163909430980e-02 
 6.702800000000e-09 -1.708130840896e-01 
 6.712800000000e-09 -3.227260028238e-01 
 6.722800000000e-09 -4.309569255439e-01 
 6.732800000000e-09 -4.727196790247e-01 
 6.742800000000e-09 -4.449391694114e-01 
 6.752800000000e-09 -3.556987207276e-01 
 6.762800000000e-09 -2.221844084087e-01 
 6.772800000000e-09 -7.130885077279e-02 
 6.782800000000e-09  8.627625256226e-02 
 6.792800000000e-09  2.450382675029e-01 
 6.802800000000e-09  3.810082623712e-01 
 6.812800000000e-09  4.593784503007e-01 
 6.822800000000e-09  4.679934091949e-01 
 6.832800000000e-09  4.098508783934e-01 
 6.842800000000e-09  2.968634154620e-01 
 6.852800000000e-09  1.523342355119e-01 
 6.862800000000e-09 -2.198345276411e-03 
 6.872800000000e-09 -1.612757044074e-01 
 6.882800000000e-09 -3.145064807276e-01 
 6.892800000000e-09 -4.262469154970e-01 
 6.902800000000e-09 -4.722189535268e-01 
 6.912800000000e-09 -4.484465822636e-01 
 6.922800000000e-09 -3.625114731102e-01 
 6.932800000000e-09 -2.308994555954e-01 
 6.942800000000e-09 -8.056444806307e-02 
 6.952800000000e-09  7.674700608821e-02 
 6.962800000000e-09  2.357446592115e-01 
 6.972800000000e-09  3.742763983496e-01 
 6.982800000000e-09  4.566333517280e-01 
 6.992800000000e-09  4.694532233832e-01 
 7.002800000000e-09  4.150393333979e-01 
 7.012800000000e-09  3.048165227298e-01 
 7.022800000000e-09  1.613307342425e-01 
 7.032800000000e-09  7.218032608306e-03 
 7.042800000000e-09 -1.517369202041e-01 
 7.052800000000e-09 -3.061244420487e-01 
 7.062800000000e-09 -4.212866718800e-01 
 7.072800000000e-09 -4.714523572860e-01 
 7.082800000000e-09 -4.517158554781e-01 
 7.092800000000e-09 -3.691434588165e-01 
 7.102800000000e-09 -2.395496529569e-01 
 7.112800000000e-09 -8.978723456322e-02 
 7.122800000000e-09  6.722869891171e-02 
 7.132800000000e-09  2.263881083452e-01 
 7.142800000000e-09  3.673336905675e-01 
 7.152800000000e-09  4.536296798107e-01 
 7.162800000000e-09  4.706594664407e-01 
 7.172800000000e-09  4.200173922729e-01 
 7.182800000000e-09  3.126436900139e-01 
 7.192800000000e-09  1.702943474587e-01 
 7.202800000000e-09  1.661429280031e-02 
 7.212800000000e-09 -1.421977757587e-01 
 7.222800000000e-09 -2.975920415473e-01 
 7.232800000000e-09 -4.160876130260e-01 
 7.242800000000e-09 -4.704307835417e-01 
 7.252800000000e-09 -4.547572812508e-01 
 7.262800000000e-09 -3.756015887769e-01 
 7.272800000000e-09 -2.481366031576e-01 
 7.282800000000e-09 -9.898171622359e-02 
 7.292800000000e-09  5.771983216473e-02 
 7.302800000000e-09  2.169808312574e-01 
 7.312800000000e-09  3.601885425197e-01 
 7.322800000000e-09  4.503742939858e-01 
 7.332800000000e-09  4.716211398750e-01 
 7.342800000000e-09  4.247885667842e-01 
 7.352800000000e-09  3.203380219359e-01 
 7.362800000000e-09  1.792251940222e-01 
 7.372800000000e-09  2.598952883757e-02 
 7.382800000000e-09 -1.326601457381e-01 
 7.392800000000e-09 -2.889195188074e-01 
 7.402800000000e-09 -4.106549250525e-01 
 7.412800000000e-09 -4.691565442192e-01 
 7.422800000000e-09 -4.575711852864e-01 
 7.432800000000e-09 -3.818835382600e-01 
 7.442800000000e-09 -2.566535214396e-01 
 7.452800000000e-09 -1.081472726323e-01 
 7.462800000000e-09  4.822220012204e-02 
 7.472800000000e-09  2.075345904441e-01 
 7.482800000000e-09  3.528470064447e-01 
 7.492800000000e-09  4.468683063766e-01 
 7.502800000000e-09  4.723366740400e-01 
 7.512800000000e-09  4.293499010502e-01 
 7.522800000000e-09  3.278935377596e-01 
 7.532800000000e-09  1.881227162610e-01 
 7.542800000000e-09  3.534316217387e-02 
 7.552800000000e-09 -1.231252196612e-01 
 7.562800000000e-09 -2.801171070453e-01 
 7.572800000000e-09 -4.049933966917e-01 
 7.582800000000e-09 -4.676313376204e-01 
 7.592800000000e-09 -4.601574589966e-01 
 7.602800000000e-09 -3.879866808853e-01 
 7.612800000000e-09 -2.650931056155e-01 
 7.622800000000e-09 -1.172832598817e-01 
 7.632800000000e-09  3.873741074804e-02 
 7.642800000000e-09  1.980596739500e-01 
 7.652800000000e-09  3.453149285671e-01 
 7.662800000000e-09  4.431125354733e-01 
 7.672800000000e-09  4.728040663768e-01 
 7.682800000000e-09  4.336983168635e-01 
 7.692800000000e-09  3.353044536502e-01 
 7.702800000000e-09  1.969806903042e-01 
 7.712800000000e-09  4.466965026355e-02 
 7.722800000000e-09 -1.135950437062e-01 
 7.732800000000e-09 -2.711947528610e-01 
 7.742800000000e-09 -3.991061471009e-01 
 7.752800000000e-09 -4.658545511837e-01 
 7.762800000000e-09 -4.625129805622e-01 
 7.772800000000e-09 -3.939054441726e-01 
 7.782800000000e-09 -2.734443531957e-01 
 7.792800000000e-09 -1.263853189860e-01 
 7.802800000000e-09  2.927110203860e-02 
 7.812800000000e-09  1.885682398815e-01 
 7.822800000000e-09  3.376021991337e-01 
 7.832800000000e-09  4.390958597287e-01 
 7.842800000000e-09  4.729953905923e-01 
 7.852800000000e-09  4.378110802276e-01 
 7.862800000000e-09  3.425520352352e-01 
 7.872800000000e-09  2.058041965770e-01 
 7.882800000000e-09  5.398490377558e-02 
 7.892800000000e-09 -1.040538804204e-01 
 7.902800000000e-09 -2.621439422594e-01 
 7.912800000000e-09 -3.929766880428e-01 
 7.922800000000e-09 -4.638096487106e-01 
 7.932800000000e-09 -4.646255727733e-01 
 7.942800000000e-09 -3.996329864598e-01 
 7.952800000000e-09 -2.817043211602e-01 
 7.962800000000e-09 -1.354654194233e-01 
 7.972800000000e-09  1.980638377575e-02 
 7.982800000000e-09  1.790445783058e-01 
 7.992800000000e-09  3.296893911263e-01 
 8.002800000000e-09  4.348259938652e-01 
 8.012800000000e-09  4.729451647502e-01 
 8.022800000000e-09  4.417276270623e-01 
 8.032800000000e-09  3.496800474764e-01 
 8.042800000000e-09  2.146160716057e-01 
 8.052800000000e-09  6.329315171515e-02 
 8.062800000000e-09 -9.451198849238e-02 
 8.072800000000e-09 -2.530042023131e-01 
 8.082800000000e-09 -3.866508467101e-01 
 8.092800000000e-09 -4.615451309563e-01 
 8.102800000000e-09 -4.665396754813e-01 
 8.112800000000e-09 -4.052043125742e-01 
 8.122800000000e-09 -2.898895810706e-01 
 8.132800000000e-09 -1.445324107654e-01 
 8.142800000000e-09  1.035001549702e-02 
 8.152800000000e-09  1.695131239924e-01 
 8.162800000000e-09  3.216162414192e-01 
 8.172800000000e-09  4.303311128984e-01 
 8.182800000000e-09  4.726687433817e-01 
 8.192800000000e-09  4.454328902621e-01 
 8.202800000000e-09  3.566392792864e-01 
 8.212800000000e-09  2.233769139627e-01 
 8.222800000000e-09  7.257296878213e-02 
 8.232800000000e-09 -8.497645700272e-02 
 8.242800000000e-09 -2.437756157747e-01 
 8.252800000000e-09 -3.801036760223e-01 
 8.262800000000e-09 -4.590203929035e-01 
 8.272800000000e-09 -4.682081263903e-01 
 8.282800000000e-09 -4.105725796864e-01 
 8.292800000000e-09 -2.979579555333e-01 
 8.302800000000e-09 -1.535648343250e-01 
 8.312800000000e-09  9.121849914876e-04 
 8.322800000000e-09  1.599751569952e-01 
 8.332800000000e-09  3.133739853527e-01 
 8.342800000000e-09  4.255869043220e-01 
 8.352800000000e-09  4.721320536706e-01 
 8.362800000000e-09  4.489083569504e-01 
 8.372800000000e-09  3.634281396768e-01 
 8.382800000000e-09  2.320840181177e-01 
 8.392800000000e-09  8.182457860205e-02 
 8.402800000000e-09 -7.544830273684e-02 
 8.412800000000e-09 -2.344725247829e-01 
 8.422800000000e-09 -3.733428196686e-01 
 8.432800000000e-09 -4.562402567662e-01 
 8.442800000000e-09 -4.696340481145e-01 
 8.452800000000e-09 -4.157323124426e-01 
 8.462800000000e-09 -3.058933036948e-01 
 8.472800000000e-09 -1.625562478291e-01 
 8.482800000000e-09 -8.501186184959e-03 
 8.492800000000e-09  1.504361518592e-01 
 8.502800000000e-09  3.049704115389e-01 
 8.512800000000e-09  4.205930508999e-01 
 8.522800000000e-09  4.713296736869e-01 
 8.532800000000e-09  4.521456627580e-01 
 8.542800000000e-09  3.700358271869e-01 
 8.552800000000e-09  2.407254817772e-01 
 8.562800000000e-09  9.104330522638e-02 
 8.572800000000e-09 -6.593122133959e-02 
 8.582800000000e-09 -2.251081711178e-01 
 8.592800000000e-09 -3.663717873768e-01 
 8.602800000000e-09 -4.532016361609e-01 
 8.612800000000e-09 -4.708063755462e-01 
 8.622800000000e-09 -4.206816577740e-01 
 8.632800000000e-09 -3.137021312978e-01 
 8.642800000000e-09 -1.715149920090e-01 
 8.652800000000e-09 -1.789441099478e-02 
 8.662800000000e-09  1.408971002981e-01 
 8.672800000000e-09  2.964180059450e-01 
 8.682800000000e-09  4.153613525453e-01 
 8.692800000000e-09  4.702729519643e-01 
 8.702800000000e-09  4.551554872152e-01 
 8.712800000000e-09  3.764696023289e-01 
 8.722800000000e-09  2.493029749504e-01 
 8.732800000000e-09  1.002337097026e-01 
 8.742800000000e-09 -5.642382898904e-02 
 8.752800000000e-09 -2.156948419110e-01 
 8.762800000000e-09 -3.591992815194e-01 
 8.772800000000e-09 -4.499116634549e-01 
 8.782800000000e-09 -4.717341535811e-01 
 8.792800000000e-09 -4.254239413389e-01 
 8.802800000000e-09 -3.213774754426e-01 
 8.812800000000e-09 -1.804410544966e-01 
 8.822800000000e-09 -2.726658928532e-02 
 8.832800000000e-09  1.313597727444e-01 
 8.842800000000e-09  2.877269677190e-01 
 8.852800000000e-09  4.098968736015e-01 
 8.862800000000e-09  4.689640268582e-01 
 8.872800000000e-09  4.579380017110e-01 
 8.882800000000e-09  3.827270139351e-01 
 8.892800000000e-09  2.578095718092e-01 
 8.902800000000e-09  1.093951401422e-01 
 8.912800000000e-09 -4.692789989661e-02 
 8.922800000000e-09 -2.062440899831e-01 
 8.932800000000e-09 -3.518312777657e-01 
 8.942800000000e-09 -4.463713358020e-01 
 8.952800000000e-09 -4.724156758640e-01 
 8.962800000000e-09 -4.299561120489e-01 
 8.972800000000e-09 -3.289133238039e-01 
 8.982800000000e-09 -1.893337701465e-01 
 8.992800000000e-09 -3.661714158291e-02 
 9.002800000000e-09  1.218252568388e-01 
 9.012800000000e-09  2.789075170552e-01 
 9.022800000000e-09  4.042042641587e-01 
 9.032800000000e-09  4.674044518635e-01 
 9.042800000000e-09  4.604929431309e-01 
 9.052800000000e-09  3.888053509563e-01 
 9.062800000000e-09  2.662378692640e-01 
 9.072800000000e-09  1.185269714976e-01 
 9.082800000000e-09 -3.744501479720e-02 
 9.092800000000e-09 -1.967659345879e-01 
 9.102800000000e-09 -3.442735750785e-01 
 9.112800000000e-09 -4.425813945123e-01 
 9.122800000000e-09 -4.728488715786e-01 
 9.132800000000e-09 -4.342750404494e-01 
 9.142800000000e-09 -3.363039062016e-01 
 9.152800000000e-09 -1.981869641865e-01 
 9.162800000000e-09 -4.594078944833e-02 
 9.172800000000e-09  1.122953760023e-01 
 9.182800000000e-09  2.699695166900e-01 
 9.192800000000e-09  3.982865044139e-01 
 9.202800000000e-09  4.655935092174e-01 
 9.212800000000e-09  4.628171623436e-01 
 9.222800000000e-09  3.946991148169e-01 
 9.232800000000e-09  2.745770265171e-01 
 9.242800000000e-09  1.276251267100e-01 
 9.252800000000e-09 -2.798048295196e-02 
 9.262800000000e-09 -1.872719878501e-01 
 9.272800000000e-09 -3.365360093703e-01 
 9.282800000000e-09 -4.385308086929e-01 
 9.292800000000e-09 -4.730058320114e-01 
 9.302800000000e-09 -4.383581206752e-01 
 9.312800000000e-09 -3.435306696097e-01 
 9.322800000000e-09 -2.070053544795e-01 
 9.332800000000e-09 -5.525302721776e-02 
 9.342800000000e-09  1.027545862541e-01 
 9.352800000000e-09  2.609044815225e-01 
 9.362800000000e-09  3.921269176751e-01 
 9.372800000000e-09  4.635143804340e-01 
 9.382800000000e-09  4.648981394706e-01 
 9.392800000000e-09  4.004011503008e-01 
 9.402800000000e-09  2.828237855776e-01 
 9.412800000000e-09  1.367012588391e-01 
 9.422800000000e-09 -1.851776757730e-02 
 9.432800000000e-09 -1.777466877141e-01 
 9.442800000000e-09 -3.285992226430e-01 
 9.452800000000e-09 -4.342272635105e-01 
 9.462800000000e-09 -4.729212094374e-01 
 9.472800000000e-09 -4.422440421798e-01 
 9.482800000000e-09 -3.506361460645e-01 
 9.492800000000e-09 -2.158109312522e-01 
 9.502800000000e-09 -6.455774053084e-02 
 9.512800000000e-09  9.321330203431e-02 
 9.522800000000e-09  2.517519038271e-01 
 9.532800000000e-09  3.857709150927e-01 
 9.542800000000e-09  4.612148651357e-01 
 9.552800000000e-09  4.667794698712e-01 
 9.562800000000e-09  4.059456277365e-01 
 9.572800000000e-09  2.909940651788e-01 
 9.582800000000e-09  1.457638213945e-01 
 9.592800000000e-09 -9.063779348558e-03 
 9.602800000000e-09 -1.682141970055e-01 
 9.612800000000e-09 -3.205027899374e-01 
 9.622800000000e-09 -4.296985216497e-01 
 9.632800000000e-09 -4.726096667235e-01 
 9.642800000000e-09 -4.459184215679e-01 
 9.652800000000e-09 -3.575727319177e-01 
 9.662800000000e-09 -2.245650505479e-01 
 9.672800000000e-09 -7.383400477294e-02 
 9.682800000000e-09  8.367856673141e-02 
 9.692800000000e-09  2.425124128271e-01 
 9.702800000000e-09  3.791945492244e-01 
 9.712800000000e-09  4.586556303534e-01 
 9.722800000000e-09  4.684153276743e-01 
 9.732800000000e-09  4.112869487070e-01 
 9.742800000000e-09  2.990466600094e-01 
 9.752800000000e-09  1.547918967445e-01 
 9.762800000000e-09  3.714724372591e-04 
 9.772800000000e-09 -1.586758387439e-01 
 9.782800000000e-09 -3.122386429704e-01 
 9.792800000000e-09 -4.249212577490e-01 
 9.802800000000e-09 -4.720382661911e-01 
 9.812800000000e-09 -4.493631556124e-01 
 9.822800000000e-09 -3.643386587512e-01 
 9.832800000000e-09 -2.332647946381e-01 
 9.842800000000e-09 -8.308197139685e-02 
 9.852800000000e-09  7.415145542172e-02 
 9.862800000000e-09  2.332003304721e-01 
 9.872800000000e-09  3.724053996955e-01 
 9.882800000000e-09  4.558413409931e-01 
 9.892800000000e-09  4.698082999131e-01 
 9.902800000000e-09  4.164188603243e-01 
 9.912800000000e-09  3.069649225499e-01 
 9.922800000000e-09  1.637787471501e-01 
 9.932800000000e-09  9.782053413636e-03 
 9.942800000000e-09 -1.491367262937e-01 
 9.952800000000e-09 -3.038141531381e-01 
 9.962800000000e-09 -4.198945652946e-01 
 9.972800000000e-09 -4.712009430002e-01 
 9.982800000000e-09 -4.525692833044e-01 
 9.992800000000e-09 -3.709226730806e-01 
 1.000000000000e-08 -2.808249696691e-01 
