 1.628000000000e-10 -9.815898949540e-03 
 1.728000000000e-10 -2.743307754064e-02 
 1.828000000000e-10 -4.149105492212e-02 
 1.928000000000e-10 -4.954227457410e-02 
 2.028000000000e-10 -4.999787721349e-02 
 2.128000000000e-10 -4.242443409476e-02 
 2.228000000000e-10 -2.765689758468e-02 
 2.328000000000e-10 -7.712978064422e-03 
 2.428000000000e-10  1.446152127164e-02 
 2.528000000000e-10  3.540053203376e-02 
 2.628000000000e-10  5.164379801572e-02 
 2.728000000000e-10  6.032174516138e-02 
 2.828000000000e-10  5.967405071009e-02 
 2.928000000000e-10  4.938575167588e-02 
 3.028000000000e-10  3.067048874999e-02 
 3.128000000000e-10  6.124495655622e-03 
 3.228000000000e-10 -2.060848655245e-02 
 3.328000000000e-10 -4.533023180805e-02 
 3.428000000000e-10 -6.392854961803e-02 
 3.528000000000e-10 -7.308133499758e-02 
 3.628000000000e-10 -7.087365139132e-02 
 3.728000000000e-10 -5.716037878243e-02 
 3.828000000000e-10 -3.362022820588e-02 
 3.928000000000e-10 -3.541983451978e-03 
 4.028000000000e-10  2.858363680168e-02 
 4.128000000000e-10  5.766458712843e-02 
 4.228000000000e-10  7.879838160577e-02 
 4.328000000000e-10  8.815444883521e-02 
 4.428000000000e-10  8.370720384399e-02 
 4.528000000000e-10  6.561142989445e-02 
 4.628000000000e-10  3.617235396827e-02 
 4.728000000000e-10 -4.657945975748e-04 
 4.828000000000e-10 -3.881589205829e-02 
 4.928000000000e-10 -7.275306864926e-02 
 5.028000000000e-10 -9.648735426928e-02 
 5.128000000000e-10 -1.056527313927e-01 
 5.228000000000e-10 -9.817419245365e-02 
 5.328000000000e-10 -7.462513717122e-02 
 5.428000000000e-10 -3.808698477589e-02 
 5.528000000000e-10  6.275343644283e-03 
 5.628000000000e-10  5.178226625768e-02 
 5.728000000000e-10  9.107543907750e-02 
 5.828000000000e-10  1.173376891027e-01 
 5.928000000000e-10  1.256683557634e-01 
 6.028000000000e-10  1.140822967160e-01 
 6.128000000000e-10  8.378476614302e-02 
 6.228000000000e-10  3.883420897634e-02 
 6.328000000000e-10 -1.440918244641e-02 
 6.428000000000e-10 -6.789944994132e-02 
 6.528000000000e-10 -1.128673881900e-01 
 6.628000000000e-10 -1.413684371451e-01 
 6.728000000000e-10 -1.480103156221e-01 
 6.828000000000e-10 -1.310759968940e-01 
 6.928000000000e-10 -9.262406787836e-02 
 7.028000000000e-10 -3.788727732471e-02 
 7.128000000000e-10  2.539950862566e-02 
 7.228000000000e-10  8.760540106304e-02 
 7.328000000000e-10  1.383354694121e-01 
 7.428000000000e-10  1.684388364611e-01 
 7.528000000000e-10  1.721777919031e-01 
 7.628000000000e-10  1.483998484183e-01 
 7.728000000000e-10  1.003131652582e-01 
 7.828000000000e-10  3.451668540732e-02 
 7.928000000000e-10 -3.973853804557e-02 
 8.028000000000e-10 -1.110544185415e-01 
 8.128000000000e-10 -1.672356489475e-01 
 8.228000000000e-10 -1.979316767388e-01 
 8.328000000000e-10 -1.972946901931e-01 
 8.428000000000e-10 -1.650870536963e-01 
 8.528000000000e-10 -1.059510039199e-01 
 8.628000000000e-10 -2.800796846515e-02 
 8.728000000000e-10  5.784468609350e-02 
 8.828000000000e-10  1.382367648183e-01 
 8.928000000000e-10  1.990350211504e-01 
 9.028000000000e-10  2.288289268669e-01 
 9.128000000000e-10  2.220553952733e-01 
 9.228000000000e-10  1.798181128162e-01 
 9.328000000000e-10  1.084605803191e-01 
 9.428000000000e-10  1.770291598504e-02 
 9.528000000000e-10 -7.983924051750e-02 
 9.628000000000e-10 -1.686622951932e-01 
 9.728000000000e-10 -2.326782219770e-01 
 9.828000000000e-10 -2.597189042303e-01 
 9.928000000000e-10 -2.449805918326e-01 
 1.002800000000e-09 -1.913116427246e-01 
 1.012800000000e-09 -1.069252264868e-01 
 1.022800000000e-09 -3.148305637175e-03 
 1.032800000000e-09  1.056093317624e-01 
 1.042800000000e-09  2.015733129560e-01 
 1.052800000000e-09  2.668478375114e-01 
 1.062800000000e-09  2.889886649816e-01 
 1.072800000000e-09  2.645210178426e-01 
 1.082800000000e-09  1.983693061382e-01 
 1.092800000000e-09  1.006561145290e-01 
 1.102800000000e-09 -1.576675147219e-02 
 1.112800000000e-09 -1.346337893518e-01 
 1.122800000000e-09 -2.358518647646e-01 
 1.132800000000e-09 -3.000491989666e-01 
 1.142800000000e-09 -3.151068756303e-01 
 1.152800000000e-09 -2.794309420357e-01 
 1.162800000000e-09 -2.001930415364e-01 
 1.172800000000e-09 -8.934041464115e-02 
 1.182800000000e-09  3.885518628757e-02 
 1.192800000000e-09  1.661778917294e-01 
 1.202800000000e-09  2.702874532832e-01 
 1.212800000000e-09  3.308389037455e-01 
 1.222800000000e-09  3.367660725338e-01 
 1.232800000000e-09  2.888114041172e-01 
 1.242800000000e-09  1.963847388140e-01 
 1.252800000000e-09  7.306240642767e-02 
 1.262800000000e-09 -6.557684319656e-02 
 1.272800000000e-09 -1.992615835139e-01 
 1.282800000000e-09 -3.036390131763e-01 
 1.292800000000e-09 -3.580191569204e-01 
 1.302800000000e-09 -3.531500109139e-01 
 1.312800000000e-09 -2.923061950842e-01 
 1.322800000000e-09 -1.870091794922e-01 
 1.332800000000e-09 -5.221540062031e-02 
 1.342800000000e-09  9.523225701745e-02 
 1.352800000000e-09  2.329077655912e-01 
 1.362800000000e-09  3.348443405417e-01 
 1.372800000000e-09  3.807652736456e-01 
 1.382800000000e-09  3.638839106070e-01 
 1.392800000000e-09  2.899700372974e-01 
 1.402800000000e-09  1.724679853584e-01 
 1.412800000000e-09  2.743133277450e-02 
 1.422800000000e-09 -1.269899848940e-01 
 1.432800000000e-09 -2.661925327647e-01 
 1.442800000000e-09 -3.630848009542e-01 
 1.452800000000e-09 -3.986546328037e-01 
 1.462800000000e-09 -3.689892440885e-01 
 1.472800000000e-09 -2.821667498932e-01 
 1.482800000000e-09 -1.533444227803e-01 
 1.492800000000e-09  5.907824317823e-04 
 1.502800000000e-09  1.600351922097e-01 
 1.512800000000e-09  2.983067399185e-01 
 1.522800000000e-09  3.877967811667e-01 
 1.532800000000e-09  4.115895456448e-01 
 1.542800000000e-09  3.687281284348e-01 
 1.552800000000e-09  2.694239200245e-01 
 1.562800000000e-09  1.302966515244e-01 
 1.572800000000e-09 -3.113925031893e-02 
 1.582800000000e-09 -1.936169852215e-01 
 1.592800000000e-09 -3.286020498864e-01 
 1.602800000000e-09 -4.086621613671e-01 
 1.612800000000e-09 -4.196785233528e-01 
 1.622800000000e-09 -3.635051601604e-01 
 1.632800000000e-09 -2.523340574278e-01 
 1.642800000000e-09 -1.039602059541e-01 
 1.652800000000e-09  6.355499480416e-02 
 1.662800000000e-09  2.270708560175e-01 
 1.672800000000e-09  3.565481497206e-01 
 1.682800000000e-09  4.255088074520e-01 
 1.692800000000e-09  4.231006425404e-01 
 1.702800000000e-09  3.537544692781e-01 
 1.712800000000e-09  2.314917596265e-01 
 1.722800000000e-09  7.495172679203e-02 
 1.732800000000e-09 -9.719334474945e-02 
 1.742800000000e-09 -2.597878032552e-01 
 1.752800000000e-09 -3.817393633857e-01 
 1.762800000000e-09 -4.383216496195e-01 
 1.772800000000e-09 -4.221251452216e-01 
 1.782800000000e-09 -3.399358682869e-01 
 1.792800000000e-09 -2.074504137413e-01 
 1.802800000000e-09 -4.381208729018e-02 
 1.812800000000e-09  1.314879687142e-01 
 1.822800000000e-09  2.912569430483e-01 
 1.832800000000e-09  4.038970029131e-01 
 1.842800000000e-09  4.471804762306e-01 
 1.852800000000e-09  4.170643674298e-01 
 1.862800000000e-09  3.225099092372e-01 
 1.872800000000e-09  1.807135756200e-01 
 1.882800000000e-09  1.102243242848e-02 
 1.892800000000e-09 -1.659411521222e-01 
 1.902800000000e-09 -3.210513117049e-01 
 1.912800000000e-09 -4.228532965999e-01 
 1.922800000000e-09 -4.522314809902e-01 
 1.932800000000e-09 -4.082485044131e-01 
 1.942800000000e-09 -3.019175793874e-01 
 1.952800000000e-09 -1.517170339791e-01 
 1.962800000000e-09  2.299301484022e-02 
 1.972800000000e-09  2.001120666791e-01 
 1.982800000000e-09  3.488241392875e-01 
 1.992800000000e-09  4.384861962591e-01 
 2.002800000000e-09  4.535594512194e-01 
 2.012800000000e-09  3.959469213527e-01 
 2.022800000000e-09  2.785439974984e-01 
 2.032800000000e-09  1.208375960612e-01 
 2.042800000000e-09 -5.781962406435e-02 
 2.052800000000e-09 -2.335515070957e-01 
 2.062800000000e-09 -3.742117553497e-01 
 2.072800000000e-09 -4.507152528492e-01 
 2.082800000000e-09 -4.513004354402e-01 
 2.092800000000e-09 -3.804309860619e-01 
 2.102800000000e-09 -2.527491201735e-01 
 2.112800000000e-09 -8.841350305748e-02 
 2.122800000000e-09  9.307025470312e-02 
 2.132800000000e-09  2.658649602656e-01 
 2.142800000000e-09  3.969581113764e-01 
 2.152800000000e-09  4.595543381976e-01 
 2.162800000000e-09  4.456285041479e-01 
 2.172800000000e-09  3.619803589939e-01 
 2.182800000000e-09  2.248646420997e-01 
 2.192800000000e-09  5.474657950965e-02 
 2.202800000000e-09 -1.283964473843e-01 
 2.212800000000e-09 -2.967221627364e-01 
 2.222800000000e-09 -4.168972138313e-01 
 2.232800000000e-09 -4.650728714449e-01 
 2.242800000000e-09 -4.367453659232e-01 
 2.252800000000e-09 -3.408783329355e-01 
 2.262800000000e-09 -1.951872409364e-01 
 2.272800000000e-09 -2.011513814553e-02 
 2.282800000000e-09  1.634714753572e-01 
 2.292800000000e-09  3.258232202229e-01 
 2.302800000000e-09  4.339038631019e-01 
 2.312800000000e-09  4.673436996271e-01 
 2.322800000000e-09  4.248487244915e-01 
 2.332800000000e-09  3.174017436570e-01 
 2.342800000000e-09  1.639828767740e-01 
 2.352800000000e-09 -1.520333972171e-02 
 2.362800000000e-09 -1.979654663858e-01 
 2.372800000000e-09 -3.528672827847e-01 
 2.382800000000e-09 -4.478777318155e-01 
 2.392800000000e-09 -4.664447775798e-01 
 2.402800000000e-09 -4.101281813213e-01 
 2.412800000000e-09 -2.918131546516e-01 
 2.422800000000e-09 -1.314766259275e-01 
 2.432800000000e-09  5.093913772548e-02 
 2.442800000000e-09  2.315513693505e-01 
 2.452800000000e-09  3.775985331413e-01 
 2.462800000000e-09  4.587497414320e-01 
 2.472800000000e-09  4.624114744310e-01 
 2.482800000000e-09  3.927307134357e-01 
 2.492800000000e-09  2.643337713926e-01 
 2.502800000000e-09  9.786666709694e-02 
 2.512800000000e-09 -8.681459906738e-02 
 2.522800000000e-09 -2.639048572984e-01 
 2.532800000000e-09 -3.997743914317e-01 
 2.542800000000e-09 -4.665008689325e-01 
 2.552800000000e-09 -4.553530019113e-01 
 2.562800000000e-09 -3.728342163595e-01 
 2.572800000000e-09 -2.351823858700e-01 
 2.582800000000e-09 -6.333956075300e-02 
 2.592800000000e-09  1.225751817648e-01 
 2.602800000000e-09  2.947588999148e-01 
 2.612800000000e-09  4.192521249015e-01 
 2.622800000000e-09  4.711735954251e-01 
 2.632800000000e-09  4.454066617424e-01 
 2.642800000000e-09  3.506346897832e-01 
 2.652800000000e-09  2.045661958746e-01 
 2.662800000000e-09  2.808663326047e-02 
 2.672800000000e-09 -1.579640082747e-01 
 2.682800000000e-09 -3.238604505439e-01 
 2.692800000000e-09 -4.359196103000e-01 
 2.702800000000e-09 -4.728159588790e-01 
 2.712800000000e-09 -4.327159561411e-01 
 2.722800000000e-09 -3.263385071314e-01 
 2.732800000000e-09 -1.726801399530e-01 
 2.742800000000e-09  7.679670332841e-03 
 2.752800000000e-09  1.927012028606e-01 
 2.762800000000e-09  3.509364168618e-01 
 2.772800000000e-09  4.496777509512e-01 
 2.782800000000e-09  4.714829253132e-01 
 2.792800000000e-09  4.174286471564e-01 
 2.802800000000e-09  3.001551286872e-01 
 2.812800000000e-09  1.396928342938e-01 
 2.822800000000e-09 -4.374183595006e-02 
 2.832800000000e-09 -2.264979521296e-01 
 2.842800000000e-09 -3.757497617787e-01 
 2.852800000000e-09 -4.604483611176e-01 
 2.862800000000e-09 -4.671781217120e-01 
 2.872800000000e-09 -3.996485747345e-01 
 2.882800000000e-09 -2.722570608738e-01 
 2.892800000000e-09 -1.057513106826e-01 
 2.902800000000e-09  7.986355971483e-02 
 2.912800000000e-09  2.590536768812e-01 
 2.922800000000e-09  3.980590817654e-01 
 2.932800000000e-09  4.681952415028e-01 
 2.942800000000e-09  4.599800821394e-01 
 2.952800000000e-09  3.795136110455e-01 
 2.962800000000e-09  2.428215477734e-01 
 2.972800000000e-09  7.099689367895e-02 
 2.982800000000e-09 -1.158264488777e-01 
 2.992800000000e-09 -2.901223375825e-01 
 3.002800000000e-09 -4.177237307627e-01 
 3.012800000000e-09 -4.729464909022e-01 
 3.022800000000e-09 -4.499971538512e-01 
 3.032800000000e-09 -3.571821342728e-01 
 3.042800000000e-09 -2.120209330679e-01 
 3.052800000000e-09 -3.558409401630e-02 
 3.062800000000e-09  1.514026287636e-01 
 3.072800000000e-09  3.194691626885e-01 
 3.082800000000e-09  4.346347566559e-01 
 3.092800000000e-09  4.747415347163e-01 
 3.102800000000e-09  4.373521458065e-01 
 3.112800000000e-09  3.328323585803e-01 
 3.122800000000e-09  1.800222406057e-01 
 3.132800000000e-09 -3.052189818439e-04 
 3.142800000000e-09 -1.863358313229e-01 
 3.152800000000e-09 -3.468327482808e-01 
 3.162800000000e-09 -4.486919413442e-01 
 3.172800000000e-09 -4.736274711375e-01 
 3.182800000000e-09 -4.221771258368e-01 
 3.192800000000e-09 -3.066538744565e-01 
 3.202800000000e-09 -1.469821679140e-01 
 3.212800000000e-09  3.646861119036e-02 
 3.222800000000e-09  2.203529387726e-01 
 3.232800000000e-09  3.719857383382e-01 
 3.242800000000e-09  4.598123011877e-01 
 3.252800000000e-09  4.695966759591e-01 
 3.262800000000e-09  4.045633062836e-01 
 3.272800000000e-09  2.788048245488e-01 
 3.282800000000e-09  1.130258494015e-01 
 3.292800000000e-09 -7.269030569011e-02 
 3.302800000000e-09 -2.531586520079e-01 
 3.312800000000e-09 -3.946748765821e-01 
 3.322800000000e-09 -4.679434435575e-01 
 3.332800000000e-09 -4.627101439009e-01 
 3.342800000000e-09 -3.846301528212e-01 
 3.352800000000e-09 -2.494473207572e-01 
 3.362800000000e-09 -7.827921798031e-02 
 3.372800000000e-09  1.087622207863e-01 
 3.382800000000e-09  2.845098477531e-01 
 3.392800000000e-09  4.147528514120e-01 
 3.402800000000e-09  4.731040429925e-01 
 3.412800000000e-09  4.530619529160e-01 
 3.422800000000e-09  3.625195582111e-01 
 3.432800000000e-09  2.187406847563e-01 
 3.442800000000e-09  4.287988999286e-02 
 3.452800000000e-09 -1.444704669073e-01 
 3.462800000000e-09 -3.141793346256e-01 
 3.472800000000e-09 -4.321103645859e-01 
 3.482800000000e-09 -4.753303231177e-01 
 3.492800000000e-09 -4.407661628024e-01 
 3.502800000000e-09 -3.383966345421e-01 
 3.512800000000e-09 -1.868430284162e-01 
 3.522800000000e-09 -6.994847328459e-03 
 3.532800000000e-09  1.795719566289e-01 
 3.542800000000e-09  3.419141056047e-01 
 3.552800000000e-09  4.466478822706e-01 
 3.562800000000e-09  4.746703063897e-01 
 3.572800000000e-09  4.259511501837e-01 
 3.582800000000e-09  3.124445089125e-01 
 3.592800000000e-09  1.539063733270e-01 
 3.602800000000e-09 -2.918441575090e-02 
 3.612800000000e-09 -2.138034631592e-01 
 3.622800000000e-09 -3.674890772041e-01 
 3.632800000000e-09 -4.582757113765e-01 
 3.642800000000e-09 -4.711081745996e-01 
 3.652800000000e-09 -4.087020559935e-01 
 3.662800000000e-09 -2.848165003330e-01 
 3.672800000000e-09 -1.200526770207e-01 
 3.682800000000e-09  6.544658854643e-02 
 3.692800000000e-09  2.468675556004e-01 
 3.702800000000e-09  3.906393873144e-01 
 3.712800000000e-09  4.669282891573e-01 
 3.722800000000e-09  4.646950841437e-01 
 3.732800000000e-09  3.891310222699e-01 
 3.742800000000e-09  2.556707383928e-01 
 3.752800000000e-09  8.540208162126e-02 
 3.762800000000e-09 -1.015874994973e-01 
 3.772800000000e-09 -2.785176394372e-01 
 3.782800000000e-09 -4.112065415201e-01 
 3.792800000000e-09 -4.726153703293e-01 
 3.802800000000e-09 -4.555158702475e-01 
 3.812800000000e-09 -3.673709278644e-01 
 3.822800000000e-09 -2.251620263070e-01 
 3.832800000000e-09 -5.008310173866e-02 
 3.842800000000e-09  1.374004617891e-01 
 3.852800000000e-09  3.085292689652e-01 
 3.862800000000e-09  4.290782645370e-01 
 3.872800000000e-09  4.753714706096e-01 
 3.882800000000e-09  4.436795441272e-01 
 3.892800000000e-09  3.435792050761e-01 
 3.902800000000e-09  1.934451807839e-01 
 3.912800000000e-09  1.425296188479e-02 
 3.922800000000e-09 -1.726518885554e-01 
 3.932800000000e-09 -3.366557036491e-01 
 3.942800000000e-09 -4.441559838138e-01 
 3.952800000000e-09 -4.752478736717e-01 
 3.962800000000e-09 -4.293144095433e-01 
 3.972800000000e-09 -3.179363626896e-01 
 3.982800000000e-09 -1.606721640187e-01 
 3.992800000000e-09  2.190469437272e-02 
 4.002800000000e-09  2.070867220301e-01 
 4.012800000000e-09  3.626746462249e-01 
 4.022800000000e-09  4.563450271452e-01 
 4.032800000000e-09  4.722241350357e-01 
 4.042800000000e-09  4.125032779960e-01 
 4.052800000000e-09  2.905948261421e-01 
 4.062800000000e-09  1.269662714373e-01 
 4.072800000000e-09 -5.818032225219e-02 
 4.082800000000e-09 -2.404047715722e-01 
 4.092800000000e-09 -3.863097644362e-01 
 4.102800000000e-09 -4.655671616711e-01 
 4.112800000000e-09 -4.663436372390e-01 
 4.122800000000e-09 -3.933544880905e-01 
 4.132800000000e-09 -2.617125207093e-01 
 4.142800000000e-09 -9.244665031099e-02 
 4.152800000000e-09  9.437016925006e-02 
 4.162800000000e-09  2.723530738711e-01 
 4.172800000000e-09  4.073893836413e-01 
 4.182800000000e-09  4.718226874167e-01 
 4.192800000000e-09  4.576835059141e-01 
 4.202800000000e-09  3.719948348003e-01 
 4.212800000000e-09  2.314428275214e-01 
 4.222800000000e-09  5.723605400519e-02 
 4.232800000000e-09 -1.302717077954e-01 
 4.242800000000e-09 -3.027069511229e-01 
 4.252800000000e-09 -4.257959389934e-01 
 4.262800000000e-09 -4.751438074986e-01 
 4.272800000000e-09 -4.463484380285e-01 
 4.282800000000e-09 -3.485757832740e-01 
 4.292800000000e-09 -1.999392603955e-01 
 4.302800000000e-09 -2.148398562223e-02 
 4.312800000000e-09  1.656591082303e-01 
 4.322800000000e-09  3.312325177461e-01 
 4.332800000000e-09  4.414241468888e-01 
 4.342800000000e-09  4.755595053971e-01 
 4.352800000000e-09  4.324508701513e-01 
 4.362800000000e-09  3.232663882604e-01 
 4.372800000000e-09  1.673540632504e-01 
 4.382800000000e-09 -1.462512783792e-02 
 4.392800000000e-09 -2.002700617317e-01 
 4.402800000000e-09 -3.576684369182e-01 
 4.412800000000e-09 -4.541784135766e-01 
 4.422800000000e-09 -4.731080646948e-01 
 4.432800000000e-09 -4.161108682790e-01 
 4.442800000000e-09 -2.962431289879e-01 
 4.452800000000e-09 -1.338183647360e-01 
 4.462800000000e-09  5.089771686620e-02 
 4.472800000000e-09  2.338337280514e-01 
 4.482800000000e-09  3.817941169550e-01 
 4.492800000000e-09  4.639904340348e-01 
 4.502800000000e-09  4.677872502914e-01 
 4.512800000000e-09  3.974128786104e-01 
 4.522800000000e-09  2.676501491881e-01 
 4.532800000000e-09  9.944749926400e-02 
 4.542800000000e-09 -8.712304457979e-02 
 4.552800000000e-09 -2.660747360460e-01 
 4.562800000000e-09 -4.033933070002e-01 
 4.572800000000e-09 -4.708332147828e-01 
 4.582800000000e-09 -4.596700501251e-01 
 4.592800000000e-09 -3.764786410264e-01 
 4.602800000000e-09 -2.376407537295e-01 
 4.612800000000e-09 -6.436088276016e-02 
 4.622800000000e-09  1.231010630683e-01 
 4.632800000000e-09  2.967655164356e-01 
 4.642800000000e-09  4.223412516404e-01 
 4.652800000000e-09  4.747352932484e-01 
 4.662800000000e-09  4.488569952081e-01 
 4.672800000000e-09  3.534540751057e-01 
 4.682800000000e-09  2.063681083786e-01 
 4.692800000000e-09  2.870106605893e-02 
 4.702800000000e-09 -1.586123552273e-01 
 4.712800000000e-09 -3.256769470832e-01 
 4.722800000000e-09 -4.385325812956e-01 
 4.732800000000e-09 -4.757283278987e-01 
 4.742800000000e-09 -4.354602504171e-01 
 4.752800000000e-09 -3.285059578437e-01 
 4.762800000000e-09 -1.739856329829e-01 
 4.772800000000e-09  7.353958888321e-03 
 4.782800000000e-09  1.934022538713e-01 
 4.792800000000e-09  3.525507251034e-01 
 4.802800000000e-09  4.518700009006e-01 
 4.812800000000e-09  4.738527547384e-01 
 4.822800000000e-09  4.196020099817e-01 
 4.832800000000e-09  3.018123310991e-01 
 4.842800000000e-09  1.406281970714e-01 
 4.852800000000e-09 -4.361360302348e-02 
 4.862800000000e-09 -2.272014267091e-01 
 4.872800000000e-09 -3.771617015919e-01 
 4.882800000000e-09 -4.622754024047e-01 
 4.892800000000e-09 -4.690988792860e-01 
 4.902800000000e-09 -4.013642524949e-01 
 4.912800000000e-09 -2.735186004321e-01 
 4.922800000000e-09 -1.064134249189e-01 
 4.932800000000e-09  7.986536850292e-02 
 4.942800000000e-09  2.597265940693e-01 
 4.952800000000e-09  3.992777767761e-01 
 4.962800000000e-09  4.697099359834e-01 
 4.972800000000e-09  4.615324793102e-01 
 4.982800000000e-09  3.808648724852e-01 
 4.992800000000e-09  2.437786010391e-01 
 5.002800000000e-09  7.145829769905e-02 
 5.012800000000e-09 -1.159104206237e-01 
 5.022800000000e-09 -2.907458310609e-01 
 5.032800000000e-09 -4.187648146405e-01 
 5.042800000000e-09 -4.741970191405e-01 
 5.052800000000e-09 -4.512489900064e-01 
 5.062800000000e-09 -3.582444308819e-01 
 5.072800000000e-09 -2.127452179939e-01 
 5.082800000000e-09 -3.589922191729e-02 
 5.092800000000e-09  1.515349850343e-01 
 5.102800000000e-09  3.200335202311e-01 
 5.112800000000e-09  4.355166475141e-01 
 5.122800000000e-09  4.757702823712e-01 
 5.132800000000e-09  4.383598342324e-01 
 5.142800000000e-09  3.336666592804e-01 
 5.152800000000e-09  1.805704712979e-01 
 5.162800000000e-09 -9.454221425209e-05 
 5.172800000000e-09 -1.864919962516e-01 
 5.182800000000e-09 -3.473336706607e-01 
 5.192800000000e-09 -4.494337905863e-01 
 5.202800000000e-09 -4.744717876549e-01 
 5.212800000000e-09 -4.229880452770e-01 
 5.222800000000e-09 -3.073099932465e-01 
 5.232800000000e-09 -1.473991509667e-01 
 5.242800000000e-09  3.633015093870e-02 
 5.252800000000e-09  2.205153254183e-01 
 5.262800000000e-09  3.724230954250e-01 
 5.272800000000e-09  4.604332478075e-01 
 5.282800000000e-09  4.702891029206e-01 
 5.292800000000e-09  4.052171252538e-01 
 5.302800000000e-09  2.793231046215e-01 
 5.312800000000e-09  1.133461676319e-01 
 5.322800000000e-09 -7.260006930117e-02 
 5.332800000000e-09 -2.533155185220e-01 
 5.342800000000e-09 -3.950516374073e-01 
 5.352800000000e-09 -4.684617550401e-01 
 5.362800000000e-09 -4.632788958752e-01 
 5.372800000000e-09 -3.851596272196e-01 
 5.382800000000e-09 -2.498598958150e-01 
 5.392800000000e-09 -7.852870320204e-02 
 5.402800000000e-09  1.087032594822e-01 
 5.412800000000e-09  2.846545257175e-01 
 5.422800000000e-09  4.150742944801e-01 
 5.432800000000e-09  4.735363849742e-01 
 5.442800000000e-09  4.535306615112e-01 
 5.452800000000e-09  3.629511075340e-01 
 5.462800000000e-09  2.190727628934e-01 
 5.472800000000e-09  4.307776490087e-02 
 5.482800000000e-09 -1.444310242256e-01 
 5.492800000000e-09 -3.143085722654e-01 
 5.502800000000e-09 -4.323829058016e-01 
 5.512800000000e-09 -4.756914213016e-01 
 5.522800000000e-09 -4.411544465453e-01 
 5.532800000000e-09 -3.387514460946e-01 
 5.542800000000e-09 -1.871144240095e-01 
 5.552800000000e-09 -7.155617279757e-03 
 5.562800000000e-09  1.795437663567e-01 
 5.572800000000e-09  3.420267363188e-01 
 5.582800000000e-09  4.468782495157e-01 
 5.592800000000e-09  4.749731495285e-01 
 5.602800000000e-09  4.262754135100e-01 
 5.612800000000e-09  3.127398073863e-01 
 5.622800000000e-09  1.541327318389e-01 
 5.632800000000e-09 -2.904967980114e-02 
 5.642800000000e-09 -2.137808007323e-01 
 5.652800000000e-09 -3.675854188187e-01 
 5.662800000000e-09 -4.584706142014e-01 
 5.672800000000e-09 -4.713640301070e-01 
 5.682800000000e-09 -4.089760030410e-01 
 5.692800000000e-09 -2.850661969802e-01 
 5.702800000000e-09 -1.202461128645e-01 
 5.712800000000e-09  6.532968947774e-02 
 5.722800000000e-09  2.468466561108e-01 
 5.732800000000e-09  3.907206916372e-01 
 5.742800000000e-09  4.670940301396e-01 
 5.752800000000e-09  4.649136803904e-01 
 5.762800000000e-09  3.893659475751e-01 
 5.772800000000e-09  2.558859156003e-01 
 5.782800000000e-09  8.557163222976e-02 
 5.792800000000e-09 -1.014827102060e-01 
 5.802800000000e-09 -2.784964709838e-01 
 5.812800000000e-09 -4.112747756600e-01 
 5.822800000000e-09 -4.727576732109e-01 
 5.832800000000e-09 -4.557052999465e-01 
 5.842800000000e-09 -3.675758708683e-01 
 5.852800000000e-09 -2.253513055253e-01 
 5.862800000000e-09 -5.023535658743e-02 
 5.872800000000e-09  1.373039962914e-01 
 5.882800000000e-09  3.085070576013e-01 
 5.892800000000e-09  4.291357976296e-01 
 5.902800000000e-09  4.754953789377e-01 
 5.912800000000e-09  4.438464545732e-01 
 5.922800000000e-09  3.437612865144e-01 
 5.932800000000e-09  1.936152637416e-01 
 5.942800000000e-09  1.439271714589e-02 
 5.952800000000e-09 -1.725613196175e-01 
 5.962800000000e-09 -3.366325203827e-01 
 5.972800000000e-09 -4.442053424110e-01 
 5.982800000000e-09 -4.753578894208e-01 
 5.992800000000e-09 -4.294643235083e-01 
 6.002800000000e-09 -3.181012822508e-01 
 6.012800000000e-09 -1.608282879720e-01 
 6.022800000000e-09  2.177393990679e-02 
 6.032800000000e-09  2.070006200148e-01 
 6.042800000000e-09  3.626511251004e-01 
 6.052800000000e-09  4.563887005575e-01 
 6.062800000000e-09  4.723241215668e-01 
 6.072800000000e-09  4.126407708121e-01 
 6.082800000000e-09  2.907471338465e-01 
 6.092800000000e-09  1.271124948457e-01 
 6.102800000000e-09 -5.805607682329e-02 
 6.112800000000e-09 -2.403223543585e-01 
 6.122800000000e-09 -3.862867523981e-01 
 6.132800000000e-09 -4.656073790449e-01 
 6.142800000000e-09 -4.664368707152e-01 
 6.152800000000e-09 -3.934832814341e-01 
 6.162800000000e-09 -2.618558048270e-01 
 6.172800000000e-09 -9.258596681246e-02 
 6.182800000000e-09  9.425078909519e-02 
 6.192800000000e-09  2.722740834997e-01 
 6.202800000000e-09  4.073678237014e-01 
 6.212800000000e-09  4.718613854970e-01 
 6.222800000000e-09  4.577726253931e-01 
 6.232800000000e-09  3.721178271068e-01 
 6.242800000000e-09  2.315798143879e-01 
 6.252800000000e-09  5.737054138992e-02 
 6.262800000000e-09 -1.301562801581e-01 
 6.272800000000e-09 -3.026315651141e-01 
 6.282800000000e-09 -4.257768603098e-01 
 6.292800000000e-09 -4.751826583473e-01 
 6.302800000000e-09 -4.464355317323e-01 
 6.312800000000e-09 -3.486951300708e-01 
 6.322800000000e-09 -2.000719888258e-01 
 6.332800000000e-09 -2.161499321756e-02 
 6.342800000000e-09  1.655472881986e-01 
 6.352800000000e-09  3.311612863625e-01 
 6.362800000000e-09  4.414086423945e-01 
 6.372800000000e-09  4.756000139861e-01 
 6.382800000000e-09  4.325376188100e-01 
 6.392800000000e-09  3.233837119098e-01 
 6.402800000000e-09  1.674840658012e-01 
 6.412800000000e-09 -1.449678245111e-02 
 6.422800000000e-09 -2.001619425428e-01 
 6.432800000000e-09 -3.576021242404e-01 
 6.442800000000e-09 -4.541675522627e-01 
 6.452800000000e-09 -4.731515710359e-01 
 6.462800000000e-09 -4.161986663416e-01 
 6.472800000000e-09 -2.963596793111e-01 
 6.482800000000e-09 -1.339468118363e-01 
 6.492800000000e-09  5.077160709115e-02 
 6.502800000000e-09  2.337296588752e-01 
 6.512800000000e-09  3.817335461605e-01 
 6.522800000000e-09  4.639850984915e-01 
 6.532800000000e-09  4.678347886191e-01 
 6.542800000000e-09  3.975027863159e-01 
 6.552800000000e-09  2.677668510762e-01 
 6.562800000000e-09  9.957521270254e-02 
 6.572800000000e-09 -8.699901353146e-02 
 6.582800000000e-09 -2.659751501453e-01 
 6.592800000000e-09 -4.033391380183e-01 
 6.602800000000e-09 -4.708340503372e-01 
 6.612800000000e-09 -4.597223574726e-01 
 6.622800000000e-09 -3.765713932437e-01 
 6.632800000000e-09 -2.377582357199e-01 
 6.642800000000e-09 -6.448833254882e-02 
 6.652800000000e-09  1.229792301014e-01 
 6.662800000000e-09  2.966709544771e-01 
 6.672800000000e-09  4.222940774290e-01 
 6.682800000000e-09  4.747427991277e-01 
 6.692800000000e-09  4.489145624884e-01 
 6.702800000000e-09  3.535500835198e-01 
 6.712800000000e-09  2.064867531030e-01 
 6.722800000000e-09  2.882838762694e-02 
 6.732800000000e-09 -1.584931092699e-01 
 6.742800000000e-09 -3.255881301759e-01 
 6.752800000000e-09 -4.384930139530e-01 
 6.762800000000e-09 -4.757429716118e-01 
 6.772800000000e-09 -4.355234150873e-01 
 6.782800000000e-09 -3.286054113307e-01 
 6.792800000000e-09 -1.741034362566e-01 
 6.802800000000e-09  7.228873987663e-03 
 6.812800000000e-09  1.932861798744e-01 
 6.822800000000e-09  3.524665876304e-01 
 6.832800000000e-09  4.518370326365e-01 
 6.842800000000e-09  4.738733201143e-01 
 6.852800000000e-09  4.196695730176e-01 
 6.862800000000e-09  3.019144178726e-01 
 6.872800000000e-09  1.407493093885e-01 
 6.882800000000e-09 -4.348680639764e-02 
 6.892800000000e-09 -2.270886389167e-01 
 6.902800000000e-09 -3.770856471204e-01 
 6.912800000000e-09 -4.622513448740e-01 
 6.922800000000e-09 -4.691275981791e-01 
 6.932800000000e-09 -4.014382401532e-01 
 6.942800000000e-09 -2.736243727347e-01 
 6.952800000000e-09 -1.065363486773e-01 
 6.962800000000e-09  7.973954527990e-02 
 6.972800000000e-09  2.596184388941e-01 
 6.982800000000e-09  3.992099785590e-01 
 6.992800000000e-09  4.696949139361e-01 
 7.002800000000e-09  4.615694961064e-01 
 7.012800000000e-09  3.809450606886e-01 
 7.022800000000e-09  2.438880582852e-01 
 7.032800000000e-09  7.158276512725e-02 
 7.042800000000e-09 -1.157859137437e-01 
 7.052800000000e-09 -2.906431808877e-01 
 7.062800000000e-09 -4.187056427590e-01 
 7.072800000000e-09 -4.741912446315e-01 
 7.082800000000e-09 -4.512940782410e-01 
 7.092800000000e-09 -3.583306597256e-01 
 7.102800000000e-09 -2.128579713314e-01 
 7.112800000000e-09 -3.602500013106e-02 
 7.122800000000e-09  1.514125751240e-01 
 7.132800000000e-09  3.199370356365e-01 
 7.142800000000e-09  4.354665923608e-01 
 7.152800000000e-09  4.757737213032e-01 
 7.162800000000e-09  4.384129026614e-01 
 7.172800000000e-09  3.337585135965e-01 
 7.182800000000e-09  1.806863060669e-01 
 7.192800000000e-09  3.199010381172e-05 
 7.202800000000e-09 -1.863724435534e-01 
 7.212800000000e-09 -3.472443208189e-01 
 7.222800000000e-09 -4.493932522478e-01 
 7.232800000000e-09 -4.744846160415e-01 
 7.242800000000e-09 -4.230488596205e-01 
 7.252800000000e-09 -3.074071221709e-01 
 7.262800000000e-09 -1.475177177814e-01 
 7.272800000000e-09  3.620340849455e-02 
 7.282800000000e-09  2.203996119965e-01 
 7.292800000000e-09  3.723416949525e-01 
 7.302800000000e-09  4.604025619416e-01 
 7.312800000000e-09  4.703112762410e-01 
 7.322800000000e-09  4.052855100810e-01 
 7.332800000000e-09  2.794250897034e-01 
 7.342800000000e-09  1.134672359485e-01 
 7.352800000000e-09 -7.247376762803e-02 
 7.362800000000e-09 -2.532044616417e-01 
 7.372800000000e-09 -3.949788621059e-01 
 7.382800000000e-09 -4.684409834894e-01 
 7.392800000000e-09 -4.633102925197e-01 
 7.402800000000e-09 -3.852352449942e-01 
 7.412800000000e-09 -2.499663464437e-01 
 7.422800000000e-09 -7.865193265870e-02 
 7.432800000000e-09  1.085779933835e-01 
 7.442800000000e-09  2.845488916188e-01 
 7.452800000000e-09  4.150105504441e-01 
 7.462800000000e-09  4.735254991371e-01 
 7.472800000000e-09  4.535710012279e-01 
 7.482800000000e-09  3.630335705146e-01 
 7.492800000000e-09  2.191832341814e-01 
 7.502800000000e-09  4.320274164264e-02 
 7.512800000000e-09 -1.443075438505e-01 
 7.522800000000e-09 -3.142091410073e-01 
 7.532800000000e-09 -4.323285993977e-01 
 7.542800000000e-09 -4.756903559865e-01 
 7.552800000000e-09 -4.412034201754e-01 
 7.562800000000e-09 -3.388402323464e-01 
 7.572800000000e-09 -1.872284766372e-01 
 7.582800000000e-09 -7.281764337486e-03 
 7.592800000000e-09  1.794229199162e-01 
 7.602800000000e-09  3.419343961440e-01 
 7.612800000000e-09  4.468337699016e-01 
 7.622800000000e-09  4.749819355123e-01 
 7.632800000000e-09  4.263327258972e-01 
 7.642800000000e-09  3.128344160606e-01 
 7.652800000000e-09  1.542499453345e-01 
 7.662800000000e-09 -2.892302860906e-02 
 7.672800000000e-09 -2.136635843948e-01 
 7.682800000000e-09 -3.675010695712e-01 
 7.692800000000e-09 -4.584362668733e-01 
 7.702800000000e-09 -4.713825957352e-01 
 7.712800000000e-09 -4.090413409064e-01 
 7.722800000000e-09 -2.851661177511e-01 
 7.732800000000e-09 -1.203661299638e-01 
 7.742800000000e-09  6.520321039589e-02 
 7.752800000000e-09  2.467339616029e-01 
 7.762800000000e-09  3.906450162646e-01 
 7.772800000000e-09  4.670698889470e-01 
 7.782800000000e-09  4.649418441955e-01 
 7.792800000000e-09  3.894389413443e-01 
 7.802800000000e-09  2.559906672533e-01 
 7.812800000000e-09  8.569408104665e-02 
 7.822800000000e-09 -1.013570669406e-01 
 7.832800000000e-09 -2.783890868333e-01 
 7.842800000000e-09 -4.112082229885e-01 
 7.852800000000e-09 -4.727436669442e-01 
 7.862800000000e-09 -4.557427483978e-01 
 7.872800000000e-09 -3.676560618455e-01 
 7.882800000000e-09 -2.254603907698e-01 
 7.892800000000e-09 -5.035978608204e-02 
 7.902800000000e-09  1.371799221848e-01 
 7.912800000000e-09  3.084057618516e-01 
 7.922800000000e-09  4.290787420985e-01 
 7.932800000000e-09  4.754914108665e-01 
 7.942800000000e-09  4.438928270389e-01 
 7.952800000000e-09  3.438481267682e-01 
 7.962800000000e-09  1.937281832559e-01 
 7.972800000000e-09  1.451854435493e-02 
 7.982800000000e-09 -1.724396761753e-01 
 7.992800000000e-09 -3.365381869959e-01 
 8.002800000000e-09 -4.441581702528e-01 
 8.012800000000e-09 -4.753639398357e-01 
 8.022800000000e-09 -4.295192797250e-01 
 8.032800000000e-09 -3.181942121120e-01 
 8.042800000000e-09 -1.609445756239e-01 
 8.052800000000e-09  2.164740164660e-02 
 8.062800000000e-09  2.068823972586e-01 
 8.072800000000e-09  3.625646755986e-01 
 8.082800000000e-09  4.563517310610e-01 
 8.092800000000e-09  4.723401201354e-01 
 8.102800000000e-09  4.127039666492e-01 
 8.112800000000e-09  2.908456077233e-01 
 8.122800000000e-09  1.272317458517e-01 
 8.132800000000e-09 -5.792953025555e-02 
 8.142800000000e-09 -2.402084916886e-01 
 8.152800000000e-09 -3.862089175253e-01 
 8.162800000000e-09 -4.655807136056e-01 
 8.172800000000e-09 -4.664626304400e-01 
 8.182800000000e-09 -3.935543317878e-01 
 8.192800000000e-09 -2.619593065427e-01 
 8.202800000000e-09 -9.270779881715e-02 
 8.212800000000e-09  9.412491159889e-02 
 8.222800000000e-09  2.721653880557e-01 
 8.232800000000e-09  4.072990873219e-01 
 8.242800000000e-09  4.718449585092e-01 
 8.252800000000e-09  4.578078373760e-01 
 8.262800000000e-09  3.721962687668e-01 
 8.272800000000e-09  2.316878281055e-01 
 8.282800000000e-09  5.749450276740e-02 
 8.292800000000e-09 -1.300317970507e-01 
 8.302800000000e-09 -3.025288116246e-01 
 8.312800000000e-09 -4.257175929428e-01 
 8.322800000000e-09 -4.751763544651e-01 
 8.332800000000e-09 -4.464798179490e-01 
 8.342800000000e-09 -3.487804096525e-01 
 8.352800000000e-09 -2.001839949851e-01 
 8.362800000000e-09 -2.174051632434e-02 
 8.372800000000e-09  1.654250408629e-01 
 8.382800000000e-09  3.310653351414e-01 
 8.392800000000e-09  4.413592212307e-01 
 8.402800000000e-09  4.756037697988e-01 
 8.412800000000e-09  4.325906072062e-01 
 8.422800000000e-09  3.234752433291e-01 
 8.432800000000e-09  1.675995719797e-01 
 8.442800000000e-09 -1.437037568869e-02 
 8.452800000000e-09 -2.000428989310e-01 
 8.462800000000e-09 -3.575138777764e-01 
 8.472800000000e-09 -4.541283103606e-01 
 8.482800000000e-09 -4.731653511306e-01 
 8.492800000000e-09 -4.162600188784e-01 
 8.502800000000e-09 -2.964569104909e-01 
 8.512800000000e-09 -1.340653940111e-01 
 8.522800000000e-09  5.064503399559e-02 
 8.532800000000e-09  2.336147966931e-01 
 8.542800000000e-09  3.816538078549e-01 
 8.552800000000e-09  4.639561913588e-01 
 8.562800000000e-09  4.678584208396e-01 
 8.572800000000e-09  3.975721193938e-01 
 8.582800000000e-09  2.678692504522e-01 
 8.592800000000e-09  9.969648159950e-02 
 8.602800000000e-09 -8.687296014599e-02 
 8.612800000000e-09 -2.658653030368e-01 
 8.622800000000e-09 -4.032684334857e-01 
 8.632800000000e-09 -4.708154321612e-01 
 8.642800000000e-09 -4.597555465041e-01 
 8.652800000000e-09 -3.766482531095e-01 
 8.662800000000e-09 -2.378652806127e-01 
 8.672800000000e-09 -6.461184943825e-02 
 8.682800000000e-09  1.228544096922e-01 
 8.692800000000e-09  2.965668934492e-01 
 8.702800000000e-09  4.222327849457e-01 
 8.712800000000e-09  4.747343493081e-01 
 8.722800000000e-09  4.489569313219e-01 
 8.732800000000e-09  3.536339247047e-01 
 8.742800000000e-09  2.065979161237e-01 
 8.752800000000e-09  2.895360414872e-02 
 8.762800000000e-09 -1.583703393478e-01 
 8.772800000000e-09 -3.254906955961e-01 
 8.782800000000e-09 -4.384415061090e-01 
 8.792800000000e-09 -4.757446106816e-01 
 8.802800000000e-09 -4.355745812155e-01 
 8.812800000000e-09 -3.286956427010e-01 
 8.822800000000e-09 -1.742182093318e-01 
 8.832800000000e-09  7.102620676787e-03 
 8.842800000000e-09  1.931664082564e-01 
 8.852800000000e-09  3.523766856975e-01 
 8.862800000000e-09  4.517956626398e-01 
 8.872800000000e-09  4.738850186110e-01 
 8.882800000000e-09  4.197291937051e-01 
 8.892800000000e-09  3.020104758503e-01 
 8.902800000000e-09  1.408672523769e-01 
 8.912800000000e-09 -4.336023959658e-02 
 8.922800000000e-09 -2.269728653377e-01 
 8.932800000000e-09 -3.770041207850e-01 
 8.942800000000e-09 -4.622203085491e-01 
 8.952800000000e-09 -4.691492061400e-01 
 8.962800000000e-09 -4.015059360160e-01 
 8.972800000000e-09 -2.737257161173e-01 
 8.982800000000e-09 -1.066570659224e-01 
 8.992800000000e-09  7.961335657137e-02 
 9.002800000000e-09  2.595075229142e-01 
 9.012800000000e-09  3.991374023896e-01 
 9.022800000000e-09  4.696741945419e-01 
 9.032800000000e-09  4.616007389046e-01 
 9.042800000000e-09  3.810203923841e-01 
 9.052800000000e-09  2.439941614237e-01 
 9.062800000000e-09  7.170583233319e-02 
 9.072800000000e-09 -1.156608057252e-01 
 9.082800000000e-09 -2.905378942372e-01 
 9.092800000000e-09 -4.186424100898e-01 
 9.102800000000e-09 -4.741807235570e-01 
 9.112800000000e-09 -4.513345874488e-01 
 9.122800000000e-09 -3.584130962735e-01 
 9.132800000000e-09 -2.129683051849e-01 
 9.142800000000e-09 -3.614989133701e-02 
 9.152800000000e-09  1.512893403807e-01 
 9.162800000000e-09  3.198381989737e-01 
 9.172800000000e-09  4.354130714463e-01 
 9.182800000000e-09  4.757733054904e-01 
 9.192800000000e-09  4.384622898831e-01 
 9.202800000000e-09  3.338474653518e-01 
 9.212800000000e-09  1.808003529841e-01 
 9.222800000000e-09  1.580613548267e-04 
 9.232800000000e-09 -1.862520081823e-01 
 9.242800000000e-09 -3.471528351574e-01 
 9.252800000000e-09 -4.493498110962e-01 
 9.262800000000e-09 -4.744942778351e-01 
 9.272800000000e-09 -4.231067773208e-01 
 9.282800000000e-09 -3.075020165056e-01 
 9.292800000000e-09 -1.476350205589e-01 
 9.302800000000e-09  3.607687893218e-02 
 9.312800000000e-09  2.202829825817e-01 
 9.322800000000e-09  3.722584382778e-01 
 9.332800000000e-09  4.603694368546e-01 
 9.342800000000e-09  4.703308895362e-01 
 9.352800000000e-09  4.053515850975e-01 
 9.362800000000e-09  2.795253783231e-01 
 9.372800000000e-09  1.135873931669e-01 
 9.382800000000e-09 -7.234747782490e-02 
 9.392800000000e-09 -2.530925274595e-01 
 9.402800000000e-09 -3.949044598922e-01 
 9.412800000000e-09 -4.684181918075e-01 
 9.422800000000e-09 -4.633396064869e-01 
 9.432800000000e-09 -3.853090528658e-01 
 9.442800000000e-09 -2.500715022203e-01 
 9.452800000000e-09 -7.877453316087e-02 
 9.462800000000e-09  1.084526374634e-01 
 9.472800000000e-09  2.844424312810e-01 
 9.482800000000e-09  4.149454186773e-01 
 9.492800000000e-09  4.735129312209e-01 
 9.502800000000e-09  4.536096606373e-01 
 9.512800000000e-09  3.631145977212e-01 
 9.522800000000e-09  2.192927283072e-01 
 9.532800000000e-09  4.332728227352e-02 
 9.542800000000e-09 -1.441838908498e-01 
 9.552800000000e-09 -3.141089568140e-01 
 9.562800000000e-09 -4.322731028944e-01 
 9.572800000000e-09 -4.756879066042e-01 
 9.582800000000e-09 -4.412510340525e-01 
 9.592800000000e-09 -3.389278951382e-01 
 9.602800000000e-09 -1.873417854468e-01 
 9.612800000000e-09 -7.407623157651e-03 
 9.622800000000e-09  1.793018704335e-01 
 9.632800000000e-09  3.418413774805e-01 
 9.642800000000e-09  4.467882854866e-01 
 9.652800000000e-09  4.749895744303e-01 
 9.662800000000e-09  4.263889413262e-01 
 9.672800000000e-09  3.129281351820e-01 
 9.682800000000e-09  1.543665962245e-01 
 9.692800000000e-09 -2.879656680885e-02 
 9.702800000000e-09 -2.135461439403e-01 
 9.712800000000e-09 -3.674161214327e-01 
 9.722800000000e-09 -4.584010692999e-01 
 9.732800000000e-09 -4.714002192193e-01 
 9.742800000000e-09 -4.091057901052e-01 
 9.752800000000e-09 -2.852653377529e-01 
 9.762800000000e-09 -1.204857127815e-01 
 9.772800000000e-09  6.507685076927e-02 
 9.782800000000e-09  2.466210488820e-01 
 9.792800000000e-09  3.905688164962e-01 
 9.802800000000e-09  4.670450333876e-01 
 9.812800000000e-09  4.649692267321e-01 
 9.822800000000e-09  3.895112136072e-01 
 9.832800000000e-09  2.560948590752e-01 
 9.842800000000e-09  8.581619493235e-02 
 9.852800000000e-09 -1.012314982363e-01 
 9.862800000000e-09 -2.782814932715e-01 
 9.872800000000e-09 -4.111412174898e-01 
 9.882800000000e-09 -4.727290588085e-01 
 9.892800000000e-09 -4.557795515011e-01 
 9.902800000000e-09 -3.677356624705e-01 
 9.912800000000e-09 -2.255690267282e-01 
 9.922800000000e-09 -5.048394996682e-02 
 9.932800000000e-09  1.370558921556e-01 
 9.942800000000e-09  3.083042746173e-01 
 9.952800000000e-09  4.290212949054e-01 
 9.962800000000e-09  4.754869352449e-01 
 9.972800000000e-09  4.439386601494e-01 
 9.982800000000e-09  3.439344813277e-01 
 9.992800000000e-09  1.938407360027e-01 
 1.000000000000e-08  6.611007050139e-02 
