 0.00000000e+00 -3.01490490e-01 
 1.00000000e-13 -3.02202826e-01 
 2.00000000e-13 -3.03217377e-01 
 4.00000000e-13 -3.05487354e-01 
 8.00000000e-13 -3.10275218e-01 
 1.60000000e-12 -3.19403583e-01 
 3.20000000e-12 -3.36524442e-01 
 6.40000000e-12 -3.64521958e-01 
 1.28000000e-11 -3.98981227e-01 
 2.28000000e-11 -4.43228477e-01 
 3.28000000e-11 -4.93037785e-01 
 4.28000000e-11 -5.39656031e-01 
 5.28000000e-11 -5.82569960e-01 
 6.28000000e-11 -6.19247599e-01 
 7.28000000e-11 -6.50724716e-01 
 8.28000000e-11 -6.75840014e-01 
 9.28000000e-11 -6.95891563e-01 
 1.02800000e-10 -7.11431033e-01 
 1.12800000e-10 -7.23499559e-01 
 1.22800000e-10 -7.32486459e-01 
 1.32800000e-10 -7.39227962e-01 
 1.42800000e-10 -7.44106441e-01 
 1.52800000e-10 -7.47706778e-01 
 1.62800000e-10 -7.50297462e-01 
 1.72800000e-10 -7.52247704e-01 
 1.82800000e-10 -7.53705550e-01 
 1.92800000e-10 -7.54885573e-01 
 2.02800000e-10 -7.55847028e-01 
 2.12800000e-10 -7.56709052e-01 
 2.22800000e-10 -7.57478760e-01 
 2.32800000e-10 -7.58222730e-01 
 2.42800000e-10 -7.58922387e-01 
 2.52800000e-10 -7.59617923e-01 
 2.62800000e-10 -7.60280787e-01 
 2.72800000e-10 -7.60939179e-01 
 2.82800000e-10 -7.61562746e-01 
 2.92800000e-10 -7.62174903e-01 
 3.02800000e-10 -7.62747147e-01 
 3.12800000e-10 -7.63301297e-01 
 3.22800000e-10 -7.63811913e-01 
 3.32800000e-10 -7.64300339e-01 
 3.42800000e-10 -7.64744245e-01 
 3.52800000e-10 -7.65164667e-01 
 3.62800000e-10 -7.65541965e-01 
 3.72800000e-10 -7.65896671e-01 
 3.82800000e-10 -7.66211317e-01 
 3.92800000e-10 -7.66505656e-01 
 4.02800000e-10 -7.66763929e-01 
 4.12800000e-10 -7.67004885e-01 
 4.22800000e-10 -7.67214108e-01 
 4.32800000e-10 -7.67409200e-01 
 4.42800000e-10 -7.67576833e-01 
 4.52800000e-10 -7.67733389e-01 
 4.62800000e-10 -7.67866462e-01 
 4.72800000e-10 -7.67991198e-01 
 4.82800000e-10 -7.68096006e-01 
 4.92800000e-10 -7.68194826e-01 
 5.02800000e-10 -7.68276812e-01 
 5.12800000e-10 -7.68354753e-01 
 5.22800000e-10 -7.68418504e-01 
 5.32800000e-10 -7.68479766e-01 
 5.42800000e-10 -7.68529072e-01 
 5.52800000e-10 -7.68577103e-01 
 5.62800000e-10 -7.68615050e-01 
 5.72800000e-10 -7.68652640e-01 
 5.82800000e-10 -7.68681710e-01 
 5.92800000e-10 -7.68711097e-01 
 6.02800000e-10 -7.68733266e-01 
 6.12800000e-10 -7.68756227e-01 
 6.22800000e-10 -7.68773059e-01 
 6.32800000e-10 -7.68790999e-01 
 6.42800000e-10 -7.68803722e-01 
 6.52800000e-10 -7.68817744e-01 
 6.62800000e-10 -7.68827316e-01 
 6.72800000e-10 -7.68838283e-01 
 6.82800000e-10 -7.68845452e-01 
 6.92800000e-10 -7.68854035e-01 
 7.02800000e-10 -7.68859379e-01 
 7.12800000e-10 -7.68866101e-01 
 7.22800000e-10 -7.68870067e-01 
 7.32800000e-10 -7.68875334e-01 
 7.42800000e-10 -7.68878265e-01 
 7.52800000e-10 -7.68882392e-01 
 7.62800000e-10 -7.68884551e-01 
 7.72800000e-10 -7.68887781e-01 
 7.82800000e-10 -7.68889372e-01 
 7.92800000e-10 -7.68891893e-01 
 8.02800000e-10 -7.68893068e-01 
 8.12800000e-10 -7.68895026e-01 
 8.22800000e-10 -7.68895903e-01 
 8.32800000e-10 -7.68897411e-01 
 8.42800000e-10 -7.68898078e-01 
 8.52800000e-10 -7.68899224e-01 
 8.62800000e-10 -7.68899749e-01 
 8.72800000e-10 -7.68900600e-01 
 8.82800000e-10 -7.68901033e-01 
 8.92800000e-10 -7.68901643e-01 
 9.02800000e-10 -7.68902021e-01 
 9.12800000e-10 -7.68902432e-01 
 9.22800000e-10 -7.68902783e-01 
 9.32800000e-10 -7.68903027e-01 
 9.42800000e-10 -7.68903372e-01 
 9.52800000e-10 -7.68903474e-01 
 9.62800000e-10 -7.68903828e-01 
 9.72800000e-10 -7.68903809e-01 
 9.82800000e-10 -7.68904182e-01 
 9.92800000e-10 -7.68904059e-01 
 1.00280000e-09 -7.68904458e-01 
 1.01280000e-09 -7.68904244e-01 
 1.02280000e-09 -7.68904674e-01 
 1.03280000e-09 -7.68904379e-01 
 1.04280000e-09 -7.68904844e-01 
 1.05280000e-09 -7.68904478e-01 
 1.06280000e-09 -7.68904979e-01 
 1.07280000e-09 -7.68904549e-01 
 1.08280000e-09 -7.68905086e-01 
 1.09280000e-09 -7.68904598e-01 
 1.10280000e-09 -7.68905172e-01 
 1.11280000e-09 -7.68904632e-01 
 1.12280000e-09 -7.68905242e-01 
 1.13280000e-09 -7.68904654e-01 
 1.14280000e-09 -7.68905299e-01 
 1.15280000e-09 -7.68904667e-01 
 1.16280000e-09 -7.68905345e-01 
 1.17280000e-09 -7.68904673e-01 
 1.18280000e-09 -7.68905384e-01 
 1.19280000e-09 -7.68904675e-01 
 1.20280000e-09 -7.68905417e-01 
 1.21280000e-09 -7.68904674e-01 
 1.22280000e-09 -7.68905444e-01 
 1.23280000e-09 -7.68904671e-01 
 1.24280000e-09 -7.68905468e-01 
 1.25280000e-09 -7.68904665e-01 
 1.26280000e-09 -7.68905488e-01 
 1.27280000e-09 -7.68904659e-01 
 1.28280000e-09 -7.68905506e-01 
 1.29280000e-09 -7.68904652e-01 
 1.30280000e-09 -7.68905521e-01 
 1.31280000e-09 -7.68904645e-01 
 1.32280000e-09 -7.68905535e-01 
 1.33280000e-09 -7.68904638e-01 
 1.34280000e-09 -7.68905546e-01 
 1.35280000e-09 -7.68904632e-01 
 1.36280000e-09 -7.68905557e-01 
 1.37280000e-09 -7.68904625e-01 
 1.38280000e-09 -7.68905566e-01 
 1.39280000e-09 -7.68904619e-01 
 1.40280000e-09 -7.68905575e-01 
 1.41280000e-09 -7.68904613e-01 
 1.42280000e-09 -7.68905582e-01 
 1.43280000e-09 -7.68904607e-01 
 1.44280000e-09 -7.68905588e-01 
 1.45280000e-09 -7.68904602e-01 
 1.46280000e-09 -7.68905594e-01 
 1.47280000e-09 -7.68904598e-01 
 1.48280000e-09 -7.68905599e-01 
 1.49280000e-09 -7.68904594e-01 
 1.50280000e-09 -7.68905603e-01 
 1.51280000e-09 -7.68904590e-01 
 1.52280000e-09 -7.68905607e-01 
 1.53280000e-09 -7.68904587e-01 
 1.54280000e-09 -7.68905610e-01 
 1.55280000e-09 -7.68904585e-01 
 1.56280000e-09 -7.68905613e-01 
 1.57280000e-09 -7.68904582e-01 
 1.58280000e-09 -7.68905615e-01 
 1.59280000e-09 -7.68904581e-01 
 1.60280000e-09 -7.68905617e-01 
 1.61280000e-09 -7.68904579e-01 
 1.62280000e-09 -7.68905618e-01 
 1.63280000e-09 -7.68904578e-01 
 1.64280000e-09 -7.68905619e-01 
 1.65280000e-09 -7.68904578e-01 
 1.66280000e-09 -7.68905619e-01 
 1.67280000e-09 -7.68904577e-01 
 1.68280000e-09 -7.68905620e-01 
 1.69280000e-09 -7.68904578e-01 
 1.70280000e-09 -7.68905619e-01 
 1.71280000e-09 -7.68904578e-01 
 1.72280000e-09 -7.68905619e-01 
 1.73280000e-09 -7.68904579e-01 
 1.74280000e-09 -7.68905618e-01 
 1.75280000e-09 -7.68904580e-01 
 1.76280000e-09 -7.68905617e-01 
 1.77280000e-09 -7.68904581e-01 
 1.78280000e-09 -7.68905615e-01 
 1.79280000e-09 -7.68904582e-01 
 1.80280000e-09 -7.68905614e-01 
 1.81280000e-09 -7.68904584e-01 
 1.82280000e-09 -7.68905612e-01 
 1.83280000e-09 -7.68904586e-01 
 1.84280000e-09 -7.68905610e-01 
 1.85280000e-09 -7.68904588e-01 
 1.86280000e-09 -7.68905607e-01 
 1.87280000e-09 -7.68904591e-01 
 1.88280000e-09 -7.68905605e-01 
 1.89280000e-09 -7.68904593e-01 
 1.90280000e-09 -7.68905602e-01 
 1.91280000e-09 -7.68904596e-01 
 1.92280000e-09 -7.68905599e-01 
 1.93280000e-09 -7.68904599e-01 
 1.94280000e-09 -7.68905596e-01 
 1.95280000e-09 -7.68904602e-01 
 1.96280000e-09 -7.68905593e-01 
 1.97280000e-09 -7.68904606e-01 
 1.98280000e-09 -7.68905590e-01 
 1.99280000e-09 -7.68904609e-01 
 2.00000000e-09 -7.68905584e-01 
