 1.628000000000e-10  1.909134475507e-02 
 1.728000000000e-10  8.068072870551e-03 
 1.828000000000e-10 -4.297343370593e-03 
 1.928000000000e-10 -1.652114723189e-02 
 2.028000000000e-10 -2.707960798360e-02 
 2.128000000000e-10 -3.459843425131e-02 
 2.228000000000e-10 -3.804464954009e-02 
 2.328000000000e-10 -3.687255815453e-02 
 2.428000000000e-10 -3.111011676971e-02 
 2.528000000000e-10 -2.135742144698e-02 
 2.628000000000e-10 -8.717876691237e-03 
 2.728000000000e-10  5.334505014545e-03 
 2.828000000000e-10  1.912013291457e-02 
 2.928000000000e-10  3.094948315717e-02 
 3.028000000000e-10  3.932047126446e-02 
 3.128000000000e-10  4.310900458335e-02 
 3.228000000000e-10  4.171618147541e-02 
 3.328000000000e-10  3.515889575183e-02 
 3.428000000000e-10  2.408366055403e-02 
 3.528000000000e-10  9.710929792498e-03 
 3.628000000000e-10 -6.296402527481e-03 
 3.728000000000e-10 -2.201346824569e-02 
 3.828000000000e-10 -3.548141936556e-02 
 3.928000000000e-10 -4.495234940224e-02 
 4.028000000000e-10 -4.912848289243e-02 
 4.128000000000e-10 -4.734585809857e-02 
 4.228000000000e-10 -3.967506709555e-02 
 4.328000000000e-10 -2.691587259964e-02 
 4.428000000000e-10 -1.050433402077e-02 
 4.528000000000e-10  7.652327484839e-03 
 4.628000000000e-10  2.538535262961e-02 
 4.728000000000e-10  4.051179003264e-02 
 4.828000000000e-10  5.109504848576e-02 
 4.928000000000e-10  5.569690896693e-02 
 5.028000000000e-10  5.357572817101e-02 
 5.128000000000e-10  4.480159358282e-02 
 5.228000000000e-10  3.026325281136e-02 
 5.328000000000e-10  1.157726894871e-02 
 5.428000000000e-10 -9.087874978810e-03 
 5.528000000000e-10 -2.924805801608e-02 
 5.628000000000e-10 -4.639134921536e-02 
 5.728000000000e-10 -5.829158460895e-02 
 5.828000000000e-10 -6.331385273401e-02 
 5.928000000000e-10 -6.065080371180e-02 
 6.028000000000e-10 -5.044367570439e-02 
 6.128000000000e-10 -3.376523661948e-02 
 6.228000000000e-10 -1.249020677434e-02 
 6.328000000000e-10  1.091509901473e-02 
 6.428000000000e-10  3.365599057658e-02 
 6.528000000000e-10  5.292083812796e-02 
 6.628000000000e-10  6.622200551586e-02 
 6.728000000000e-10  7.173144601346e-02 
 6.828000000000e-10  6.854647063749e-02 
 6.928000000000e-10  5.683096343172e-02 
 7.028000000000e-10  3.780327923343e-02 
 7.128000000000e-10  1.359416809342e-02 
 7.228000000000e-10 -1.298776048158e-02 
 7.328000000000e-10 -3.875323926841e-02 
 7.428000000000e-10 -6.048954755241e-02 
 7.528000000000e-10 -7.536172747525e-02 
 7.628000000000e-10 -8.131174181556e-02 
 7.728000000000e-10 -7.736891434636e-02 
 7.828000000000e-10 -6.379508848358e-02 
 7.928000000000e-10 -4.203920954558e-02 
 8.028000000000e-10 -1.454925657924e-02 
 8.128000000000e-10  1.549755108655e-02 
 8.228000000000e-10  4.451726372007e-02 
 8.328000000000e-10  6.890521287679e-02 
 8.428000000000e-10  8.547992555187e-02 
 8.528000000000e-10  9.193449968865e-02 
 8.628000000000e-10  8.719457663704e-02 
 8.728000000000e-10  7.158640888401e-02 
 8.828000000000e-10  4.678047567563e-02 
 8.928000000000e-10  1.556937794602e-02 
 9.028000000000e-10 -1.843827993889e-02 
 9.128000000000e-10 -5.117545557438e-02 
 9.228000000000e-10 -7.855007898476e-02 
 9.328000000000e-10 -9.696001139611e-02 
 9.428000000000e-10 -1.038265517077e-01 
 9.528000000000e-10 -9.801105279085e-02 
 9.628000000000e-10 -7.998372845377e-02 
 9.728000000000e-10 -5.171522200243e-02 
 9.828000000000e-10 -1.639290169739e-02 
 9.928000000000e-10  2.192150287010e-02 
 1.002800000000e-09  5.866892299765e-02 
 1.012800000000e-09  8.925864984671e-02 
 1.022800000000e-09  1.096454431834e-01 
 1.032800000000e-09  1.169454613314e-01 
 1.042800000000e-09  1.099249071089e-01 
 1.052800000000e-09  8.918966592045e-02 
 1.062800000000e-09  5.703423737408e-02 
 1.072800000000e-09  1.709149070253e-02 
 1.082800000000e-09 -2.605334558606e-02 
 1.092800000000e-09 -6.726422076573e-02 
 1.102800000000e-09 -1.013640968187e-01 
 1.112800000000e-09 -1.237997012173e-01 
 1.122800000000e-09 -1.313707255889e-01 
 1.132800000000e-09 -1.228015372246e-01 
 1.142800000000e-09 -9.892309953372e-02 
 1.152800000000e-09 -6.243142179039e-02 
 1.162800000000e-09 -1.744700086361e-02 
 1.172800000000e-09  3.090331185113e-02 
 1.182800000000e-09  7.688989103122e-02 
 1.192800000000e-09  1.147218613483e-01 
 1.202800000000e-09  1.392991702920e-01 
 1.212800000000e-09  1.470668400668e-01 
 1.222800000000e-09  1.366944188007e-01 
 1.232800000000e-09  1.092670480607e-01 
 1.242800000000e-09  6.794036187690e-02 
 1.252800000000e-09  1.738619378109e-02 
 1.262800000000e-09 -3.666229598768e-02 
 1.272800000000e-09 -8.780880596634e-02 
 1.282800000000e-09 -1.295719359673e-01 
 1.292800000000e-09 -1.562501719802e-01 
 1.302800000000e-09 -1.639368236837e-01 
 1.312800000000e-09 -1.513217829998e-01 
 1.322800000000e-09 -1.198531686776e-01 
 1.332800000000e-09 -7.322662785945e-02 
 1.342800000000e-09 -1.669698492393e-02 
 1.352800000000e-09  4.338627842965e-02 
 1.362800000000e-09  9.994173453291e-02 
 1.372800000000e-09  1.457626668096e-01 
 1.382800000000e-09  1.745021095072e-01 
 1.392800000000e-09  1.818711155751e-01 
 1.402800000000e-09  1.666016087842e-01 
 1.412800000000e-09  1.305838459183e-01 
 1.422800000000e-09  7.814109404821e-02 
 1.432800000000e-09  1.517034130656e-02 
 1.442800000000e-09 -5.131832678534e-02 
 1.452800000000e-09 -1.135048733399e-01 
 1.462800000000e-09 -1.633979481125e-01 
 1.472800000000e-09 -1.939674563095e-01 
 1.482800000000e-09 -2.005681609528e-01 
 1.492800000000e-09 -1.820848843441e-01 
 1.502800000000e-09 -1.409866383551e-01 
 1.512800000000e-09 -8.230199316324e-02 
 1.522800000000e-09 -1.258091876179e-02 
 1.532800000000e-09  6.051075699578e-02 
 1.542800000000e-09  1.284012386061e-01 
 1.552800000000e-09  1.822859260636e-01 
 1.562800000000e-09  2.144170253996e-01 
 1.572800000000e-09  2.197865203385e-01 
 1.582800000000e-09  1.975105492396e-01 
 1.592800000000e-09  1.507714579686e-01 
 1.602800000000e-09  8.539845922287e-02 
 1.612800000000e-09  8.624637695506e-03 
 1.622800000000e-09 -7.121378736481e-02 
 1.632800000000e-09 -1.447626606640e-01 
 1.642800000000e-09 -2.023714377816e-01 
 1.652800000000e-09 -2.355634609928e-01 
 1.662800000000e-09 -2.390325404309e-01 
 1.672800000000e-09 -2.122926803989e-01 
 1.682800000000e-09 -1.593991676917e-01 
 1.692800000000e-09 -8.703214970096e-02 
 1.702800000000e-09 -3.083078621913e-03 
 1.712800000000e-09  8.346119475376e-02 
 1.722800000000e-09  1.624600580525e-01 
 1.732800000000e-09  2.234085689076e-01 
 1.742800000000e-09  2.570857080119e-01 
 1.752800000000e-09  2.579315110014e-01 
 1.762800000000e-09  2.260227714099e-01 
 1.772800000000e-09  1.664561727923e-01 
 1.782800000000e-09  8.681827750797e-02 
 1.792800000000e-09 -4.360123748642e-03 
 1.802800000000e-09 -9.744937913377e-02 
 1.812800000000e-09 -1.815123249852e-01 
 1.822800000000e-09 -2.451898640785e-01 
 1.832800000000e-09 -2.785318493569e-01 
 1.842800000000e-09 -2.758641345896e-01 
 1.852800000000e-09 -2.380684053201e-01 
 1.862800000000e-09 -1.714292219625e-01 
 1.872800000000e-09 -8.441887795041e-02 
 1.882800000000e-09  1.385928273413e-02 
 1.892800000000e-09  1.131531581015e-01 
 1.902800000000e-09  2.017359428079e-01 
 1.912800000000e-09  2.674067006606e-01 
 1.922800000000e-09  2.994902834352e-01 
 1.932800000000e-09  2.923595306649e-01 
 1.942800000000e-09  2.479624348979e-01 
 1.952800000000e-09  1.739039035040e-01 
 1.962800000000e-09  7.950029588658e-02 
 1.972800000000e-09 -2.563707662572e-02 
 1.982800000000e-09 -1.306408001223e-01 
 1.992800000000e-09 -2.230042863369e-01 
 2.002800000000e-09 -2.896997309731e-01 
 2.012800000000e-09 -3.193843428663e-01 
 2.022800000000e-09 -3.067726921524e-01 
 2.032800000000e-09 -2.551618134391e-01 
 2.042800000000e-09 -1.735202699147e-01 
 2.052800000000e-09 -7.188396114895e-02 
 2.062800000000e-09  3.970732341157e-02 
 2.072800000000e-09  1.497708688258e-01 
 2.082800000000e-09  2.450460236259e-01 
 2.092800000000e-09  3.116767562817e-01 
 2.102800000000e-09  3.377375673360e-01 
 2.112800000000e-09  3.186427780581e-01 
 2.122800000000e-09  2.592935985632e-01 
 2.132800000000e-09  1.700152601849e-01 
 2.142800000000e-09  6.141517265216e-02 
 2.152800000000e-09 -5.610262557685e-02 
 2.162800000000e-09 -1.704279332722e-01 
 2.172800000000e-09 -2.675766349720e-01 
 2.182800000000e-09 -3.328488403900e-01 
 2.192800000000e-09 -3.539619870969e-01 
 2.202800000000e-09 -3.274747593379e-01 
 2.212800000000e-09 -2.600664980535e-01 
 2.222800000000e-09 -1.632912137365e-01 
 2.232800000000e-09 -4.813943222792e-02 
 2.242800000000e-09  7.465708465436e-02 
 2.252800000000e-09  1.923403191529e-01 
 2.262800000000e-09  2.902387023262e-01 
 2.272800000000e-09  3.527758289182e-01 
 2.282800000000e-09  3.676494343590e-01 
 2.292800000000e-09  3.329920913470e-01 
 2.302800000000e-09  2.573576707024e-01 
 2.312800000000e-09  1.533418612912e-01 
 2.322800000000e-09  3.213753582120e-02 
 2.332800000000e-09 -9.519433763072e-02 
 2.342800000000e-09 -2.152332701507e-01 
 2.352800000000e-09 -3.126361610427e-01 
 2.362800000000e-09 -3.709591794880e-01 
 2.372800000000e-09 -3.783955703673e-01 
 2.382800000000e-09 -3.350038799304e-01 
 2.392800000000e-09 -2.511949838681e-01 
 2.402800000000e-09 -1.403311301206e-01 
 2.412800000000e-09 -1.365084431766e-02 
 2.422800000000e-09  1.174079138046e-01 
 2.432800000000e-09  2.387660271153e-01 
 2.442800000000e-09  3.343826412806e-01 
 2.452800000000e-09  3.870284651751e-01 
 2.462800000000e-09  3.859869975464e-01 
 2.472800000000e-09  3.334878804531e-01 
 2.482800000000e-09  2.417083940978e-01 
 2.492800000000e-09  1.244630763772e-01 
 2.502800000000e-09 -7.069260833666e-03 
 2.512800000000e-09 -1.409876947464e-01 
 2.522800000000e-09 -2.625843137857e-01 
 2.532800000000e-09 -3.550504531315e-01 
 2.542800000000e-09 -4.006219144795e-01 
 2.552800000000e-09 -3.902821250059e-01 
 2.562800000000e-09 -3.285336023301e-01 
 2.572800000000e-09 -2.291318240206e-01 
 2.582800000000e-09 -1.060293502169e-01 
 2.592800000000e-09  2.969545354521e-02 
 2.602800000000e-09  1.655839608126e-01 
 2.612800000000e-09  2.863411709901e-01 
 2.622800000000e-09  3.742729991399e-01 
 2.632800000000e-09  4.115188526413e-01 
 2.642800000000e-09  3.912544369021e-01 
 2.652800000000e-09  3.202992931584e-01 
 2.662800000000e-09  2.137248331801e-01 
 2.672800000000e-09  8.531276511579e-02 
 2.682800000000e-09 -5.391689177248e-02 
 2.692800000000e-09 -1.908621288946e-01 
 2.702800000000e-09 -3.096778007923e-01 
 2.712800000000e-09 -3.916800585956e-01 
 2.722800000000e-09 -4.195389577768e-01 
 2.732800000000e-09 -3.889558354442e-01 
 2.742800000000e-09 -3.090256703932e-01 
 2.752800000000e-09 -1.957948062236e-01 
 2.762800000000e-09 -6.262765821362e-02 
 2.772800000000e-09  7.940204669542e-02 
 2.782800000000e-09  2.165025316932e-01 
 2.792800000000e-09  3.322583008902e-01 
 2.802800000000e-09  4.069778406851e-01 
 2.812800000000e-09  4.246007086145e-01 
 2.822800000000e-09  3.835012698705e-01 
 2.832800000000e-09  2.949678275225e-01 
 2.842800000000e-09  1.756240646570e-01 
 2.852800000000e-09  3.825794623221e-02 
 2.862800000000e-09 -1.058394833883e-01 
 2.872800000000e-09 -2.421839644868e-01 
 2.882800000000e-09 -3.537161767119e-01 
 2.892800000000e-09 -4.199003133219e-01 
 2.902800000000e-09 -4.266528136048e-01 
 2.912800000000e-09 -3.750505586887e-01 
 2.922800000000e-09 -2.784174490684e-01 
 2.932800000000e-09 -1.535149528161e-01 
 2.942800000000e-09 -1.250625394426e-02 
 2.952800000000e-09  1.329093009390e-01 
 2.962800000000e-09  2.676066758973e-01 
 2.972800000000e-09  3.737279562286e-01 
 2.982800000000e-09  4.302700672545e-01 
 2.992800000000e-09  4.257147839696e-01 
 3.002800000000e-09  3.637972205911e-01 
 3.012800000000e-09  2.596392313716e-01 
 3.022800000000e-09  1.297169229138e-01 
 3.032800000000e-09 -1.436423212694e-02 
 3.042800000000e-09 -1.603226526267e-01 
 3.052800000000e-09 -2.924630895928e-01 
 3.062800000000e-09 -3.919634634489e-01 
 3.072800000000e-09 -4.379599885092e-01 
 3.082800000000e-09 -4.218544742261e-01 
 3.092800000000e-09 -3.499735743029e-01 
 3.102800000000e-09 -2.389091713675e-01 
 3.112800000000e-09 -1.044841020112e-01 
 3.122800000000e-09  4.208794976188e-02 
 3.132800000000e-09  1.878188588271e-01 
 3.142800000000e-09  3.164889650971e-01 
 3.152800000000e-09  4.081729273442e-01 
 3.162800000000e-09  4.429156628774e-01 
 3.172800000000e-09  4.151811450255e-01 
 3.182800000000e-09  3.338158809108e-01 
 3.192800000000e-09  2.164660346272e-01 
 3.202800000000e-09  7.803296683219e-02 
 3.212800000000e-09 -7.042929447220e-02 
 3.222800000000e-09 -2.151662042997e-01 
 3.232800000000e-09 -3.394166619760e-01 
 3.242800000000e-09 -4.221309683754e-01 
 3.252800000000e-09 -4.450988000820e-01 
 3.262800000000e-09 -4.058273118573e-01 
 3.272800000000e-09 -3.155657064145e-01 
 3.282800000000e-09 -1.925274473800e-01 
 3.292800000000e-09 -5.056510255067e-02 
 3.302800000000e-09  9.915901773489e-02 
 3.312800000000e-09  2.421295754569e-01 
 3.322800000000e-09  3.609526241318e-01 
 3.332800000000e-09  4.336582422412e-01 
 3.342800000000e-09  4.445026095703e-01 
 3.352800000000e-09  3.939409024033e-01 
 3.362800000000e-09  2.954554333994e-01 
 3.372800000000e-09  1.672963030572e-01 
 3.382800000000e-09  2.228561571878e-02 
 3.392800000000e-09 -1.280398363507e-01 
 3.402800000000e-09 -2.684775122122e-01 
 3.412800000000e-09 -3.808179554767e-01 
 3.422800000000e-09 -4.426269614971e-01 
 3.432800000000e-09 -4.411614887520e-01 
 3.442800000000e-09 -3.797019359238e-01 
 3.452800000000e-09 -2.737017013188e-01 
 3.462800000000e-09 -1.409391237382e-01 
 3.472800000000e-09  6.626941108825e-03 
 3.482800000000e-09  1.568644088150e-01 
 3.492800000000e-09  2.939777381222e-01 
 3.502800000000e-09  3.987533264449e-01 
 3.512800000000e-09  4.489726730866e-01 
 3.522800000000e-09  4.351630527065e-01 
 3.532800000000e-09  3.633128147717e-01 
 3.542800000000e-09  2.504946979028e-01 
 3.552800000000e-09  1.136083937546e-01 
 3.562800000000e-09 -3.599980550461e-02 
 3.572800000000e-09 -1.854540736878e-01 
 3.582800000000e-09 -3.184303441697e-01 
 3.592800000000e-09 -4.145450386224e-01 
 3.602800000000e-09 -4.526511659174e-01 
 3.612800000000e-09 -4.265931604627e-01 
 3.622800000000e-09 -3.449709314866e-01 
 3.632800000000e-09 -2.260178244254e-01 
 3.642800000000e-09 -8.545804741222e-02 
 3.652800000000e-09  6.565255161629e-02 
 3.662800000000e-09  2.136235765381e-01 
 3.672800000000e-09  3.415998126590e-01 
 3.682800000000e-09  4.280164713892e-01 
 3.692800000000e-09  4.536564093202e-01 
 3.702800000000e-09  4.155790035833e-01 
 3.712800000000e-09  3.248834010627e-01 
 3.722800000000e-09  2.004230569850e-01 
 3.732800000000e-09  5.662748190096e-02 
 3.742800000000e-09 -9.540891170878e-02 
 3.752800000000e-09 -2.412004762451e-01 
 3.762800000000e-09 -3.632561117653e-01 
 3.772800000000e-09 -4.390337020030e-01 
 3.782800000000e-09 -4.519980735634e-01 
 3.792800000000e-09 -4.022588622656e-01 
 3.802800000000e-09 -3.032448196233e-01 
 3.812800000000e-09 -1.738453840734e-01 
 3.822800000000e-09 -2.724859502496e-02 
 3.832800000000e-09  1.251016876768e-01 
 3.842800000000e-09  2.680033930765e-01 
 3.852800000000e-09  3.831435893641e-01 
 3.862800000000e-09  4.474948092708e-01 
 3.872800000000e-09  4.477090496788e-01 
 3.882800000000e-09  3.867897967124e-01 
 3.892800000000e-09  2.802306590472e-01 
 3.902800000000e-09  1.464002523502e-01 
 3.912800000000e-09 -2.541927288448e-03 
 3.922800000000e-09 -1.545556166632e-01 
 3.932800000000e-09 -2.938285535557e-01 
 3.942800000000e-09 -4.010282894800e-01 
 3.952800000000e-09 -4.533547901631e-01 
 3.962800000000e-09 -4.408771848279e-01 
 3.972800000000e-09 -3.693568947717e-01 
 3.982800000000e-09 -2.559935486249e-01 
 3.992800000000e-09 -1.181914425956e-01 
 4.002800000000e-09  3.261779110194e-02 
 4.012800000000e-09  1.836344218452e-01 
 4.022800000000e-09  3.185133374936e-01 
 4.032800000000e-09  4.167234826780e-01 
 4.042800000000e-09  4.565788545303e-01 
 4.052800000000e-09  4.315763775737e-01 
 4.062800000000e-09  3.501321504286e-01 
 4.072800000000e-09  2.306766436664e-01 
 4.082800000000e-09  8.933450370615e-02 
 4.092800000000e-09 -6.282754906001e-02 
 4.102800000000e-09 -2.121775968918e-01 
 4.112800000000e-09 -3.418387500484e-01 
 4.122800000000e-09 -4.300697502592e-01 
 4.132800000000e-09 -4.571725045945e-01 
 4.142800000000e-09 -4.199341013209e-01 
 4.152800000000e-09 -3.293123772489e-01 
 4.162800000000e-09 -2.044061145166e-01 
 4.172800000000e-09 -5.993882306562e-02 
 4.182800000000e-09  9.302628245131e-02 
 4.192800000000e-09  2.400425780539e-01 
 4.202800000000e-09  3.636011737886e-01 
 4.212800000000e-09  4.409512736787e-01 
 4.222800000000e-09  4.551466209518e-01 
 4.232800000000e-09  4.060744519827e-01 
 4.242800000000e-09  3.070685361486e-01 
 4.252800000000e-09  1.772857902537e-01 
 4.262800000000e-09  3.010986947737e-02 
 4.272800000000e-09 -1.230666462769e-01 
 4.282800000000e-09 -2.670642262195e-01 
 4.292800000000e-09 -3.835554163922e-01 
 4.302800000000e-09 -4.492772047467e-01 
 4.312800000000e-09 -4.505381023968e-01 
 4.322800000000e-09 -3.901507797759e-01 
 4.332800000000e-09 -2.835621770182e-01 
 4.342800000000e-09 -1.494071228344e-01 
 4.352800000000e-09  3.968503798646e-05 
 4.362800000000e-09  1.527952957650e-01 
 4.372800000000e-09  2.930587154459e-01 
 4.382800000000e-09  4.014819631293e-01 
 4.392800000000e-09  4.550108217956e-01 
 4.402800000000e-09  4.434304969412e-01 
 4.412800000000e-09  3.723349497843e-01 
 4.422800000000e-09  2.589262056580e-01 
 4.432800000000e-09  1.208520081815e-01 
 4.442800000000e-09 -3.040187043719e-02 
 4.452800000000e-09 -1.820905906003e-01 
 4.462800000000e-09 -3.178755793586e-01 
 4.472800000000e-09 -4.172025756067e-01 
 4.482800000000e-09 -4.581224034831e-01 
 4.492800000000e-09 -4.338962566439e-01 
 4.502800000000e-09 -3.527922933450e-01 
 4.512800000000e-09 -2.332888801756e-01 
 4.522800000000e-09 -9.171795031684e-02 
 4.532800000000e-09  6.084224057675e-02 
 4.542800000000e-09  2.108075384504e-01 
 4.552800000000e-09  3.413086536743e-01 
 4.562800000000e-09  4.305659227769e-01 
 4.572800000000e-09  4.586195532108e-01 
 4.582800000000e-09  4.220574271373e-01 
 4.592800000000e-09  3.317103520711e-01 
 4.602800000000e-09  2.067628235677e-01 
 4.612800000000e-09  6.210158189935e-02 
 4.622800000000e-09 -9.122661748548e-02 
 4.632800000000e-09 -2.388133760467e-01 
 4.642800000000e-09 -3.631626763229e-01 
 4.652800000000e-09 -4.414625154188e-01 
 4.662800000000e-09 -4.565154768921e-01 
 4.672800000000e-09 -4.080354993468e-01 
 4.682800000000e-09 -3.092534534347e-01 
 4.692800000000e-09 -1.794398322369e-01 
 4.702800000000e-09 -3.209632067560e-02 
 4.712800000000e-09  1.214180335845e-01 
 4.722800000000e-09  2.659520649783e-01 
 4.732800000000e-09  3.831981325021e-01 
 4.742800000000e-09  4.498041886270e-01 
 4.752800000000e-09  4.518454685768e-01 
 4.762800000000e-09  3.919789398105e-01 
 4.772800000000e-09  2.855766426226e-01 
 4.782800000000e-09  1.514021722708e-01 
 4.792800000000e-09  1.806399843237e-03 
 4.802800000000e-09 -1.512699780219e-01 
 4.812800000000e-09 -2.920465591017e-01 
 4.822800000000e-09 -4.012006381189e-01 
 4.832800000000e-09 -4.555583181109e-01 
 4.842800000000e-09 -4.446930455172e-01 
 4.852800000000e-09 -3.740558165614e-01 
 4.862800000000e-09 -2.608053745532e-01 
 4.872800000000e-09 -1.227214222841e-01 
 4.882800000000e-09  2.866986364356e-02 
 4.892800000000e-09  1.806685577156e-01 
 4.902800000000e-09  3.169529879105e-01 
 4.912800000000e-09  4.169944472155e-01 
 4.922800000000e-09  4.586954775590e-01 
 4.932800000000e-09  4.351278242820e-01 
 4.942800000000e-09  3.544273557638e-01 
 4.952800000000e-09  2.350622458445e-01 
 4.962800000000e-09  9.348827636656e-02 
 4.972800000000e-09 -5.920434148836e-02 
 4.982800000000e-09 -2.094744234524e-01 
 4.992800000000e-09 -3.404709334860e-01 
 5.002800000000e-09 -4.304315648881e-01 
 5.012800000000e-09 -4.592251765244e-01 
 5.022800000000e-09 -4.232703522196e-01 
 5.032800000000e-09 -3.332777425354e-01 
 5.042800000000e-09 -2.084539980496e-01 
 5.052800000000e-09 -6.379288663997e-02 
 5.062800000000e-09  8.966867075350e-02 
 5.072800000000e-09  2.375599651831e-01 
 5.082800000000e-09  3.624090599623e-01 
 5.092800000000e-09  4.414031007731e-01 
 5.102800000000e-09  4.571597514456e-01 
 5.112800000000e-09  4.092397734707e-01 
 5.122800000000e-09  3.107689668489e-01 
 5.132800000000e-09  1.810685151957e-01 
 5.142800000000e-09  3.372459790802e-02 
 5.152800000000e-09 -1.199292328082e-01 
 5.162800000000e-09 -2.647725246277e-01 
 5.172800000000e-09 -3.825303138295e-01 
 5.182800000000e-09 -4.498216747286e-01 
 5.192800000000e-09 -4.525337543954e-01 
 5.202800000000e-09 -3.931822472069e-01 
 5.212800000000e-09 -2.870537113266e-01 
 5.222800000000e-09 -1.529841058478e-01 
 5.232800000000e-09 -3.383677368130e-03 
 5.242800000000e-09  1.498423557150e-01 
 5.252800000000e-09  2.909379706403e-01 
 5.262800000000e-09  4.006213760495e-01 
 5.272800000000e-09  4.556549691226e-01 
 5.282800000000e-09  4.454298593535e-01 
 5.292800000000e-09  3.752641958696e-01 
 5.302800000000e-09  2.622552125510e-01 
 5.312800000000e-09  1.242683419648e-01 
 5.322800000000e-09 -2.713566186237e-02 
 5.332800000000e-09 -1.792972333131e-01 
 5.342800000000e-09 -3.159158079858e-01 
 5.352800000000e-09 -4.165072786555e-01 
 5.362800000000e-09 -4.588737523570e-01 
 5.372800000000e-09 -4.359161504156e-01 
 5.382800000000e-09 -3.556446755459e-01 
 5.392800000000e-09 -2.364937939551e-01 
 5.402800000000e-09 -9.500859068634e-02 
 5.412800000000e-09  5.770853488858e-02 
 5.422800000000e-09  2.081571132358e-01 
 5.432800000000e-09  3.395085406774e-01 
 5.442800000000e-09  4.300402903811e-01 
 5.452800000000e-09  4.594877980404e-01 
 5.462800000000e-09  4.241121413257e-01 
 5.472800000000e-09  3.345067775997e-01 
 5.482800000000e-09  2.098742783218e-01 
 5.492800000000e-09  6.529223690205e-02 
 5.502800000000e-09 -8.820931123250e-02 
 5.512800000000e-09 -2.362969903617e-01 
 5.522800000000e-09 -3.615272206822e-01 
 5.532800000000e-09 -4.411108756720e-01 
 5.542800000000e-09 -4.575084332824e-01 
 5.552800000000e-09 -4.101353756545e-01 
 5.562800000000e-09 -3.120117151848e-01 
 5.572800000000e-09 -1.824832569207e-01 
 5.582800000000e-09 -3.520698283136e-02 
 5.592800000000e-09  1.185055361828e-01 
 5.602800000000e-09  2.635654712124e-01 
 5.612800000000e-09  3.817354110578e-01 
 5.622800000000e-09  4.496306434619e-01 
 5.632800000000e-09  4.529689828459e-01 
 5.642800000000e-09  3.941304765897e-01 
 5.652800000000e-09  2.883118737980e-01 
 5.662800000000e-09  1.543979133511e-01 
 5.672800000000e-09  4.851625527823e-03 
 5.682800000000e-09 -1.484542948541e-01 
 5.692800000000e-09 -2.897897364842e-01 
 5.702800000000e-09 -3.999197921851e-01 
 5.712800000000e-09 -4.555667429593e-01 
 5.722800000000e-09 -4.459514456987e-01 
 5.732800000000e-09 -3.762631676496e-01 
 5.742800000000e-09 -2.635300385715e-01 
 5.752800000000e-09 -1.256839198153e-01 
 5.762800000000e-09  2.568186920870e-02 
 5.772800000000e-09  1.779461707120e-01 
 5.782800000000e-09  3.148311686552e-01 
 5.792800000000e-09  4.159049217905e-01 
 5.802800000000e-09  4.588895918282e-01 
 5.812800000000e-09  4.365226805554e-01 
 5.822800000000e-09  3.566912469977e-01 
 5.832800000000e-09  2.377860597074e-01 
 5.842800000000e-09  9.642716944772e-02 
 5.852800000000e-09 -5.627029504290e-02 
 5.862800000000e-09 -2.068456691027e-01 
 5.872800000000e-09 -3.384943034883e-01 
 5.882800000000e-09 -4.295426059926e-01 
 5.892800000000e-09 -4.596089163417e-01 
 5.902800000000e-09 -4.248013860774e-01 
 5.912800000000e-09 -3.355973409121e-01 
 5.922800000000e-09 -2.111840677682e-01 
 5.932800000000e-09 -6.671346878067e-02 
 5.942800000000e-09  8.678968824066e-02 
 5.952800000000e-09  2.350293108085e-01 
 5.962800000000e-09  3.605916330210e-01 
 5.972800000000e-09  4.407217118816e-01 
 5.982800000000e-09  4.577347459519e-01 
 5.992800000000e-09  4.109038846725e-01 
 6.002800000000e-09  3.131428062377e-01 
 6.012800000000e-09  1.838107358735e-01 
 6.022800000000e-09  3.663006793764e-02 
 6.032800000000e-09 -1.171078215020e-01 
 6.042800000000e-09 -2.623462418027e-01 
 6.052800000000e-09 -3.808869532683e-01 
 6.062800000000e-09 -4.493524242805e-01 
 6.072800000000e-09 -4.533021469091e-01 
 6.082800000000e-09 -3.949735677509e-01 
 6.092800000000e-09 -2.894756141814e-01 
 6.102800000000e-09 -1.557392619650e-01 
 6.112800000000e-09 -6.271972288880e-03 
 6.122800000000e-09  1.470839173648e-01 
 6.132800000000e-09  2.886250199507e-01 
 6.142800000000e-09  3.991654489314e-01 
 6.152800000000e-09  4.553985354000e-01 
 6.162800000000e-09  4.463800395780e-01 
 6.172800000000e-09  3.771719828010e-01 
 6.182800000000e-09  2.647296619951e-01 
 6.192800000000e-09  1.270428242962e-01 
 6.202800000000e-09 -2.426311553146e-02 
 6.212800000000e-09 -1.766043656634e-01 
 6.222800000000e-09 -3.137266059612e-01 
 6.232800000000e-09 -4.152528687911e-01 
 6.242800000000e-09 -4.588350209616e-01 
 6.252800000000e-09 -4.370502938484e-01 
 6.262800000000e-09 -3.576637584880e-01 
 6.272800000000e-09 -2.390178214206e-01 
 6.282800000000e-09 -9.780122890311e-02 
 6.292800000000e-09  5.485758398431e-02 
 6.302800000000e-09  2.055372755162e-01 
 6.312800000000e-09  3.374577038466e-01 
 6.322800000000e-09  4.289981795681e-01 
 6.332800000000e-09  4.596679359340e-01 
 6.342800000000e-09  4.254239017627e-01 
 6.352800000000e-09  3.366276364130e-01 
 6.362800000000e-09  2.124457035270e-01 
 6.372800000000e-09  6.810035045128e-02 
 6.382800000000e-09 -8.538784548249e-02 
 6.392800000000e-09 -2.337600704579e-01 
 6.402800000000e-09 -3.596327457109e-01 
 6.412800000000e-09 -4.402897924273e-01 
 6.422800000000e-09 -4.579069649992e-01 
 6.432800000000e-09 -4.116162625034e-01 
 6.442800000000e-09 -3.142247287253e-01 
 6.452800000000e-09 -1.850996189346e-01 
 6.462800000000e-09 -3.802662367086e-02 
 6.472800000000e-09  1.157220012123e-01 
 6.482800000000e-09  2.611219879052e-01 
 6.492800000000e-09  3.800146621770e-01 
 6.502800000000e-09  4.490351046472e-01 
 6.512800000000e-09  4.535853968650e-01 
 6.522800000000e-09  3.957699352433e-01 
 6.532800000000e-09  2.906043954649e-01 
 6.542800000000e-09  1.570537921717e-01 
 6.552800000000e-09  7.675365287298e-03 
 6.562800000000e-09 -1.457187602317e-01 
 6.572800000000e-09 -2.874522298170e-01 
 6.582800000000e-09 -3.983886992573e-01 
 6.592800000000e-09 -4.551975000793e-01 
 6.602800000000e-09 -4.467713486182e-01 
 6.612800000000e-09 -3.780454548649e-01 
 6.622800000000e-09 -2.659005101485e-01 
 6.632800000000e-09 -1.283804507668e-01 
 6.642800000000e-09  2.285687252076e-02 
 6.652800000000e-09  1.752646078537e-01 
 6.662800000000e-09  3.126121802616e-01 
 6.672800000000e-09  4.145787520386e-01 
 6.682800000000e-09  4.587507324545e-01 
 6.692800000000e-09  4.375459110577e-01 
 6.702800000000e-09  3.586074432254e-01 
 6.712800000000e-09  2.402268401886e-01 
 6.722800000000e-09  9.915901470249e-02 
 6.732800000000e-09 -5.345346298737e-02 
 6.742800000000e-09 -2.042284696532e-01 
 6.752800000000e-09 -3.364104355123e-01 
 6.762800000000e-09 -4.284331628446e-01 
 6.772800000000e-09 -4.597006642756e-01 
 6.782800000000e-09 -4.260190919251e-01 
 6.792800000000e-09 -3.376341616311e-01 
 6.802800000000e-09 -2.136889850235e-01 
 6.812800000000e-09 -6.947463186080e-02 
 6.822800000000e-09  8.399162620323e-02 
 6.832800000000e-09  2.324884035938e-01 
 6.842800000000e-09  3.586622223876e-01 
 6.852800000000e-09  4.398383348295e-01 
 6.862800000000e-09  4.580558373842e-01 
 6.872800000000e-09  4.123056159501e-01 
 6.882800000000e-09  3.152875162234e-01 
 6.892800000000e-09  1.863740521234e-01 
 6.902800000000e-09  3.941375061805e-02 
 6.912800000000e-09 -1.143394453722e-01 
 6.922800000000e-09 -2.598940042787e-01 
 6.932800000000e-09 -3.791306131487e-01 
 6.942800000000e-09 -4.486998372208e-01 
 6.952800000000e-09 -4.538480838502e-01 
 6.962800000000e-09 -3.965467982330e-01 
 6.972800000000e-09 -2.917175043059e-01 
 6.982800000000e-09 -1.583567721348e-01 
 6.992800000000e-09 -9.071772150964e-03 
 7.002800000000e-09  1.443549869609e-01 
 7.012800000000e-09  2.862745008846e-01 
 7.022800000000e-09  3.975999415820e-01 
 7.032800000000e-09  4.549798641398e-01 
 7.042800000000e-09  4.471446772653e-01 
 7.052800000000e-09  3.789027549655e-01 
 7.062800000000e-09  2.670588003942e-01 
 7.072800000000e-09  1.297090557930e-01 
 7.082800000000e-09 -2.145557187319e-02 
 7.092800000000e-09 -1.739248355469e-01 
 7.102800000000e-09 -3.114920922876e-01 
 7.112800000000e-09 -4.138928875840e-01 
 7.122800000000e-09 -4.586512632974e-01 
 7.132800000000e-09 -4.380257651453e-01 
 7.142800000000e-09 -3.595375951923e-01 
 7.152800000000e-09 -2.414256644793e-01 
 7.162800000000e-09 -1.005097840921e-01 
 7.172800000000e-09  5.205256681403e-02 
 7.182800000000e-09  2.029183986848e-01 
 7.192800000000e-09  3.353567010261e-01 
 7.202800000000e-09  4.278566207521e-01 
 7.212800000000e-09  4.597195450220e-01 
 7.222800000000e-09  4.266006679705e-01 
 7.232800000000e-09  3.386296052896e-01 
 7.242800000000e-09  2.149241136198e-01 
 7.252800000000e-09  7.084357239946e-02 
 7.262800000000e-09 -8.259726563396e-02 
 7.272800000000e-09 -2.312145760224e-01 
 7.282800000000e-09 -3.576847542983e-01 
 7.292800000000e-09 -4.393758261097e-01 
 7.302800000000e-09 -4.581921098599e-01 
 7.312800000000e-09 -4.129831533508e-01 
 7.322800000000e-09 -3.163411349056e-01 
 7.332800000000e-09 -1.876419146323e-01 
 7.342800000000e-09 -4.079690472625e-02 
 7.352800000000e-09  1.129575948225e-01 
 7.362800000000e-09  2.586630437599e-01 
 7.372800000000e-09  3.782391680329e-01 
 7.382800000000e-09  4.483540404390e-01 
 7.392800000000e-09  4.540994240200e-01 
 7.402800000000e-09  3.973135932454e-01 
 7.412800000000e-09  2.928231257654e-01 
 7.422800000000e-09  1.596544955356e-01 
 7.432800000000e-09  1.046530863683e-02 
 7.442800000000e-09 -1.429910650767e-01 
 7.452800000000e-09 -2.850932206480e-01 
 7.462800000000e-09 -3.968035717254e-01 
 7.472800000000e-09 -4.547522610749e-01 
 7.482800000000e-09 -4.475077608735e-01 
 7.492800000000e-09 -3.797514486718e-01 
 7.502800000000e-09 -2.682109372672e-01 
 7.512800000000e-09 -1.310335020550e-01 
 7.522800000000e-09  2.005615794887e-02 
 7.532800000000e-09  1.725841418966e-01 
 7.542800000000e-09  3.103678614036e-01 
 7.552800000000e-09  4.131992643709e-01 
 7.562800000000e-09  4.585424067366e-01 
 7.572800000000e-09  4.384964721556e-01 
 7.582800000000e-09  3.604605158277e-01 
 7.592800000000e-09  2.426194731049e-01 
 7.602800000000e-09  1.018573241288e-01 
 7.612800000000e-09 -5.065272464656e-02 
 7.622800000000e-09 -2.016067810609e-01 
 7.632800000000e-09 -3.342983074605e-01 
 7.642800000000e-09 -4.272722969073e-01 
 7.652800000000e-09 -4.597295805647e-01 
 7.662800000000e-09 -4.271740655123e-01 
 7.672800000000e-09 -3.396189690947e-01 
 7.682800000000e-09 -2.161551498718e-01 
 7.692800000000e-09 -7.221009028867e-02 
 7.702800000000e-09  8.120320070568e-02 
 7.712800000000e-09  2.299386097060e-01 
 7.722800000000e-09  3.567021183610e-01 
 7.732800000000e-09  4.389056236442e-01 
 7.742800000000e-09  4.583201289581e-01 
 7.752800000000e-09  4.136534753354e-01 
 7.762800000000e-09  3.173896825994e-01 
 7.772800000000e-09  1.889064309581e-01 
 7.782800000000e-09  4.217828984306e-02 
 7.792800000000e-09 -1.115754415543e-01 
 7.802800000000e-09 -2.574294697003e-01 
 7.812800000000e-09 -3.773421468854e-01 
 7.822800000000e-09 -4.480007155797e-01 
 7.832800000000e-09 -4.543430801698e-01 
 7.842800000000e-09 -3.980740471225e-01 
 7.852800000000e-09 -2.939245073666e-01 
 7.862800000000e-09 -1.609494955667e-01 
 7.872800000000e-09 -1.185864123372e-02 
 7.882800000000e-09  1.416279475836e-01 
 7.892800000000e-09  2.839141625754e-01 
 7.902800000000e-09  3.960041223925e-01 
 7.912800000000e-09  4.545195160632e-01 
 7.922800000000e-09  4.478642783667e-01 
 7.932800000000e-09  3.805934966492e-01 
 7.942800000000e-09  2.693571591515e-01 
 7.952800000000e-09  1.323523935458e-01 
 7.962800000000e-09 -1.866131347597e-02 
 7.972800000000e-09 -1.712463794218e-01 
 7.982800000000e-09 -3.092439685734e-01 
 7.992800000000e-09 -4.125024097232e-01 
 8.002800000000e-09 -4.584277417142e-01 
 8.012800000000e-09 -4.389603178304e-01 
 8.022800000000e-09 -3.613769008198e-01 
 8.032800000000e-09 -2.438076333990e-01 
 8.042800000000e-09 -1.031997186380e-01 
 8.052800000000e-09  4.925688863992e-02 
 8.062800000000e-09  2.002974709885e-01 
 8.072800000000e-09  3.332395704988e-01 
 8.082800000000e-09  4.266843240402e-01 
 8.092800000000e-09  4.597338005381e-01 
 8.102800000000e-09  4.277408411038e-01 
 8.112800000000e-09  3.406021264815e-01 
 8.122800000000e-09  2.173806075263e-01 
 8.132800000000e-09  7.357151878506e-02 
 8.142800000000e-09 -7.981295242044e-02 
 8.152800000000e-09 -2.286646080291e-01 
 8.162800000000e-09 -3.557184262648e-01 
 8.172800000000e-09 -4.384311268704e-01 
 8.182800000000e-09 -4.584419410069e-01 
 8.192800000000e-09 -4.143171416622e-01 
 8.202800000000e-09 -3.184281011222e-01 
 8.212800000000e-09 -1.901588139603e-01 
 8.222800000000e-09 -4.354999369715e-02 
 8.232800000000e-09  1.101996856219e-01 
 8.242800000000e-09  2.561981775531e-01 
 8.252800000000e-09  3.764420550484e-01 
 8.262800000000e-09  4.476393466184e-01 
 8.272800000000e-09  4.545754190907e-01 
 8.282800000000e-09  3.988218953502e-01 
 8.292800000000e-09  2.950136553709e-01 
 8.302800000000e-09  1.622330956708e-01 
 8.312800000000e-09  1.324124394704e-02 
 8.322800000000e-09 -1.402698529614e-01 
 8.332800000000e-09 -2.827321424057e-01 
 8.342800000000e-09 -3.951980327621e-01 
 8.352800000000e-09 -4.542755167542e-01 
 8.362800000000e-09 -4.482080930067e-01 
 8.372800000000e-09 -3.814241347881e-01 
 8.382800000000e-09 -2.704946501246e-01 
 8.392800000000e-09 -1.336649740691e-01 
 8.402800000000e-09  1.727031746383e-02 
 8.412800000000e-09  1.699092337856e-01 
 8.422800000000e-09  3.081172209210e-01 
 8.432800000000e-09  4.117985386333e-01 
 8.442800000000e-09  4.583036638601e-01 
 8.452800000000e-09  4.394139036794e-01 
 8.462800000000e-09  3.622840373502e-01 
 8.472800000000e-09  2.449880725932e-01 
 8.482800000000e-09  1.045360371982e-01 
 8.492800000000e-09 -4.786490526375e-02 
 8.502800000000e-09 -1.989888494927e-01 
 8.512800000000e-09 -3.321775226324e-01 
 8.522800000000e-09 -4.260885290376e-01 
 8.532800000000e-09 -4.597280271680e-01 
 8.542800000000e-09 -4.282974705922e-01 
 8.552800000000e-09 -3.415770579210e-01 
 8.562800000000e-09 -2.185998524674e-01 
 8.572800000000e-09 -7.492851584581e-02 
 8.582800000000e-09  7.842493929286e-02 
 8.592800000000e-09  2.273901207720e-01 
 8.602800000000e-09  3.547309263524e-01 
 8.612800000000e-09  4.379495022308e-01 
 8.622800000000e-09  4.585550829991e-01 
 8.632800000000e-09  4.149721230637e-01 
 8.642800000000e-09  3.194635379672e-01 
 8.652800000000e-09  1.914122678922e-01 
 8.662800000000e-09  4.492244660905e-02 
 8.672800000000e-09 -1.088228619828e-01 
 8.682800000000e-09 -2.549651795855e-01 
 8.692800000000e-09 -3.755387103948e-01 
 8.702800000000e-09 -4.472737989888e-01 
 8.712800000000e-09 -4.548042124156e-01 
 8.722800000000e-09 -3.995679777586e-01 
 8.732800000000e-09 -2.961032418416e-01 
 8.742800000000e-09 -1.635181741184e-01 
 8.752800000000e-09 -1.462590279756e-02 
 8.762800000000e-09  1.389091364045e-01 
 8.772800000000e-09  2.815471927336e-01 
 8.782800000000e-09  3.943885631154e-01 
 8.792800000000e-09  4.540285272451e-01 
 8.802800000000e-09  4.485499301800e-01 
 8.812800000000e-09  3.822540269972e-01 
 8.822800000000e-09  2.716322291336e-01 
 8.832800000000e-09  1.349778529221e-01 
 8.842800000000e-09 -1.587858271501e-02 
 8.852800000000e-09 -1.685705431630e-01 
 8.862800000000e-09 -3.069877519341e-01 
 8.872800000000e-09 -4.110902631995e-01 
 8.882800000000e-09 -4.581751114450e-01 
 8.892800000000e-09 -4.398642093051e-01 
 8.902800000000e-09 -3.631899585561e-01 
 8.912800000000e-09 -2.461689205512e-01 
 8.922800000000e-09 -1.058734305854e-01 
 8.932800000000e-09  4.647119258498e-02 
 8.942800000000e-09  1.976778565035e-01 
 8.952800000000e-09  3.311123932483e-01 
 8.962800000000e-09  4.254888414535e-01 
 8.972800000000e-09  4.597186866084e-01 
 8.982800000000e-09  4.288515556050e-01 
 8.992800000000e-09  3.425508634028e-01 
 9.002800000000e-09  2.198188598797e-01 
 9.012800000000e-09  7.628579561699e-02 
 9.022800000000e-09 -7.703578072527e-02 
 9.032800000000e-09 -2.261134387818e-01 
 9.042800000000e-09 -3.537396453531e-01 
 9.052800000000e-09 -4.374629473154e-01 
 9.062800000000e-09 -4.586638126441e-01 
 9.072800000000e-09 -4.156242609958e-01 
 9.082800000000e-09 -3.204981348201e-01 
 9.092800000000e-09 -1.926659616071e-01 
 9.102800000000e-09 -4.629576897824e-02 
 9.112800000000e-09  1.074443173961e-01 
 9.122800000000e-09  2.537296686738e-01 
 9.132800000000e-09  3.746316208112e-01 
 9.142800000000e-09  4.469038654940e-01 
 9.152800000000e-09  4.550290988141e-01 
 9.162800000000e-09  4.003114466371e-01 
 9.172800000000e-09  2.971917393221e-01 
 9.182800000000e-09  1.648029842849e-01 
 9.192800000000e-09  1.601104387650e-02 
 9.202800000000e-09 -1.375468273716e-01 
 9.212800000000e-09 -2.803594143513e-01 
 9.222800000000e-09 -3.935745032409e-01 
 9.232800000000e-09 -4.537765296964e-01 
 9.242800000000e-09 -4.488876495900e-01 
 9.252800000000e-09 -3.830815890511e-01 
 9.262800000000e-09 -2.727691435492e-01 
 9.272800000000e-09 -1.362908428495e-01 
 9.282800000000e-09  1.448597839599e-02 
 9.292800000000e-09  1.672299946797e-01 
 9.302800000000e-09  3.058553445325e-01 
 9.312800000000e-09  4.103775266450e-01 
 9.322800000000e-09  4.580418636436e-01 
 9.332800000000e-09  4.403106146911e-01 
 9.342800000000e-09  3.640935997982e-01 
 9.352800000000e-09  2.473488903155e-01 
 9.362800000000e-09  1.072107329897e-01 
 9.372800000000e-09 -4.507660420704e-02 
 9.382800000000e-09 -1.963647947314e-01 
 9.392800000000e-09 -3.300437001618e-01 
 9.402800000000e-09 -4.248840634293e-01 
 9.412800000000e-09 -4.597044026570e-01 
 9.422800000000e-09 -4.294019270835e-01 
 9.432800000000e-09 -3.435228571026e-01 
 9.442800000000e-09 -2.210373288952e-01 
 9.452800000000e-09 -7.764327168796e-02 
 9.462800000000e-09  7.564544958938e-02 
 9.472800000000e-09  2.248345042676e-01 
 9.482800000000e-09  3.527446270522e-01 
 9.492800000000e-09  4.369713970853e-01 
 9.502800000000e-09  4.587677471815e-01 
 9.512800000000e-09  4.162728159674e-01 
 9.522800000000e-09  3.215309511280e-01 
 9.532800000000e-09  1.939190155656e-01 
 9.542800000000e-09  4.766929530666e-02 
 9.552800000000e-09 -1.060644030395e-01 
 9.562800000000e-09 -2.524915369832e-01 
 9.572800000000e-09 -3.737201584630e-01 
 9.582800000000e-09 -4.465286623998e-01 
 9.592800000000e-09 -4.552492681920e-01 
 9.602800000000e-09 -4.010517313126e-01 
 9.612800000000e-09 -2.982788444345e-01 
 9.622800000000e-09 -1.660873561162e-01 
 9.632800000000e-09 -1.739657445154e-02 
 9.642800000000e-09  1.361829795129e-01 
 9.652800000000e-09  2.791688694633e-01 
 9.662800000000e-09  3.927558993220e-01 
 9.672800000000e-09  4.535193357299e-01 
 9.682800000000e-09  4.492207791653e-01 
 9.692800000000e-09  3.839061422052e-01 
 9.702800000000e-09  2.739047254317e-01 
 9.712800000000e-09  1.376034204327e-01 
 9.722800000000e-09 -1.309282677719e-02 
 9.732800000000e-09 -1.658876505348e-01 
 9.742800000000e-09 -3.047197329275e-01 
 9.752800000000e-09 -4.096598061857e-01 
 9.762800000000e-09 -4.579033678081e-01 
 9.772800000000e-09 -4.407526856773e-01 
 9.782800000000e-09 -3.649946833957e-01 
 9.792800000000e-09 -2.485278045836e-01 
 9.802800000000e-09 -1.085478052280e-01 
 9.812800000000e-09  4.368124771834e-02 
 9.822800000000e-09  1.950497501595e-01 
 9.832800000000e-09  3.289715184838e-01 
 9.842800000000e-09  4.242741456483e-01 
 9.852800000000e-09  4.596849051728e-01 
 9.862800000000e-09  4.299481310120e-01 
 9.872800000000e-09  3.444925285094e-01 
 9.882800000000e-09  2.222548503829e-01 
 9.892800000000e-09  7.900066858957e-02 
 9.902800000000e-09 -7.425406386901e-02 
 9.912800000000e-09 -2.235532465668e-01 
 9.922800000000e-09 -3.517456057815e-01 
 9.932800000000e-09 -4.364744968751e-01 
 9.942800000000e-09 -4.588665687762e-01 
 9.952800000000e-09 -4.169175571918e-01 
 9.962800000000e-09 -3.225618251470e-01 
 9.972800000000e-09 -1.951712959900e-01 
 9.982800000000e-09 -4.904290626021e-02 
 9.992800000000e-09  1.046832153662e-01 
 1.000000000000e-08  2.125361692080e-01 
