 1.628000000000e-10  2.369409946641e-02 
 1.728000000000e-10  1.438307307141e-02 
 1.828000000000e-10  3.124304554469e-03 
 1.928000000000e-10 -8.847299270870e-03 
 2.028000000000e-10 -2.017171936418e-02 
 2.128000000000e-10 -2.951435690654e-02 
 2.228000000000e-10 -3.573146799822e-02 
 2.328000000000e-10 -3.800662091546e-02 
 2.428000000000e-10 -3.595874069712e-02 
 2.528000000000e-10 -2.969536724227e-02 
 2.628000000000e-10 -1.981439384001e-02 
 2.728000000000e-10 -7.345807953147e-03 
 2.828000000000e-10  6.351909546743e-03 
 2.928000000000e-10  1.973740203157e-02 
 3.028000000000e-10  3.125348173535e-02 
 3.128000000000e-10  3.951042631523e-02 
 3.228000000000e-10  4.345348578227e-02 
 3.328000000000e-10  4.249824307825e-02 
 3.428000000000e-10  3.660985614694e-02 
 3.528000000000e-10  2.631933808235e-02 
 3.628000000000e-10  1.267628233382e-02 
 3.728000000000e-10 -2.851047751519e-03 
 3.828000000000e-10 -1.853059404955e-02 
 3.928000000000e-10 -3.255253838055e-02 
 4.028000000000e-10 -4.323912212339e-02 
 4.128000000000e-10 -4.924856119825e-02 
 4.228000000000e-10 -4.974534752018e-02 
 4.328000000000e-10 -4.451093845434e-02 
 4.428000000000e-10 -3.398442206996e-02 
 4.528000000000e-10 -1.922150287784e-02 
 4.628000000000e-10 -1.791847657840e-03 
 4.728000000000e-10  1.638007823214e-02 
 4.828000000000e-10  3.321826105461e-02 
 4.928000000000e-10  4.673029150301e-02 
 5.028000000000e-10  5.524621401411e-02 
 5.128000000000e-10  5.763088643552e-02 
 5.228000000000e-10  5.343210271938e-02 
 5.328000000000e-10  4.294561668178e-02 
 5.428000000000e-10  2.719325739146e-02 
 5.528000000000e-10  7.825988574542e-03 
 5.628000000000e-10 -1.304102603460e-02 
 5.728000000000e-10 -3.304519755559e-02 
 5.828000000000e-10 -4.983849301484e-02 
 5.928000000000e-10 -6.136784162976e-02 
 6.028000000000e-10 -6.613787532278e-02 
 6.128000000000e-10 -6.340430797053e-02 
 6.228000000000e-10 -5.327582200690e-02 
 6.328000000000e-10 -3.671088366332e-02 
 6.428000000000e-10 -1.542124824978e-02 
 6.528000000000e-10  8.295184045765e-03 
 6.628000000000e-10  3.178264166122e-02 
 6.728000000000e-10  5.231211186449e-02 
 6.828000000000e-10  6.740153757099e-02 
 6.928000000000e-10  7.513168768331e-02 
 7.028000000000e-10  7.439910638027e-02 
 7.128000000000e-10  6.506187370992e-02 
 7.228000000000e-10  4.796078531601e-02 
 7.328000000000e-10  2.483323473998e-02 
 7.428000000000e-10 -1.856049374720e-03 
 7.528000000000e-10 -2.915127617977e-02 
 7.628000000000e-10 -5.390978339640e-02 
 7.728000000000e-10 -7.316328552376e-02 
 7.828000000000e-10 -8.449629903987e-02 
 7.928000000000e-10 -8.637018290462e-02 
 8.028000000000e-10 -7.832582104855e-02 
 8.128000000000e-10 -6.103719281935e-02 
 8.228000000000e-10 -3.623311104586e-02 
 8.328000000000e-10 -6.523013250683e-03 
 8.428000000000e-10  2.484498804721e-02 
 8.528000000000e-10  5.430010509399e-02 
 8.628000000000e-10  7.834395971077e-02 
 8.728000000000e-10  9.399302823695e-02 
 8.828000000000e-10  9.918541602811e-02 
 8.928000000000e-10  9.305974935014e-02 
 9.028000000000e-10  7.605370354179e-02 
 9.128000000000e-10  4.983685365903e-02 
 9.228000000000e-10  1.713155022364e-02 
 9.328000000000e-10 -1.853457078476e-02 
 9.428000000000e-10 -5.314956492017e-02 
 9.528000000000e-10 -8.263821232464e-02 
 9.628000000000e-10 -1.033703077666e-01 
 9.728000000000e-10 -1.126656158264e-01 
 9.828000000000e-10 -1.091690647589e-01 
 9.928000000000e-10 -9.301028231547e-02 
 1.002800000000e-09 -6.574984071338e-02 
 1.012800000000e-09 -3.018682754757e-02 
 1.022800000000e-09  9.898263684855e-03 
 1.032800000000e-09  5.006160423293e-02 
 1.042800000000e-09  8.562587031648e-02 
 1.052800000000e-09  1.122450050564e-01 
 1.062800000000e-09  1.265174973056e-01 
 1.072800000000e-09  1.264837232513e-01 
 1.082800000000e-09  1.118709841011e-01 
 1.092800000000e-09  8.406529005797e-02 
 1.102800000000e-09  4.589926187655e-02 
 1.112800000000e-09  1.373543259904e-03 
 1.122800000000e-09 -4.465440173681e-02 
 1.132800000000e-09 -8.689001808099e-02 
 1.142800000000e-09 -1.202072212264e-01 
 1.152800000000e-09 -1.403773801259e-01 
 1.162800000000e-09 -1.447172527048e-01 
 1.172800000000e-09 -1.324510048447e-01 
 1.182800000000e-09 -1.047218702203e-01 
 1.192800000000e-09 -6.435143203421e-02 
 1.202800000000e-09 -1.552013809483e-02 
 1.212800000000e-09  3.654165826592e-02 
 1.222800000000e-09  8.593906866998e-02 
 1.232800000000e-09  1.267273658582e-01 
 1.242800000000e-09  1.537505109200e-01 
 1.252800000000e-09  1.634676290570e-01 
 1.262800000000e-09  1.544737057896e-01 
 1.272800000000e-09  1.275810646300e-01 
 1.282800000000e-09  8.555013496880e-02 
 1.292800000000e-09  3.270193444047e-02 
 1.302800000000e-09 -2.540860918058e-02 
 1.312800000000e-09 -8.232491181176e-02 
 1.322800000000e-09 -1.312700792838e-01 
 1.332800000000e-09 -1.660747654987e-01 
 1.342800000000e-09 -1.822059150190e-01 
 1.352800000000e-09 -1.774923289043e-01 
 1.362800000000e-09 -1.523150943343e-01 
 1.372800000000e-09 -1.093199279373e-01 
 1.382800000000e-09 -5.293190874287e-02 
 1.392800000000e-09  1.102749207134e-02 
 1.402800000000e-09  7.561262875784e-02 
 1.412800000000e-09  1.332461893932e-01 
 1.422800000000e-09  1.766907516676e-01 
 1.432800000000e-09  2.002896336209e-01 
 1.442800000000e-09  2.009480430505e-01 
 1.452800000000e-09  1.784863349983e-01 
 1.462800000000e-09  1.353649144303e-01 
 1.472800000000e-09  7.608321656880e-02 
 1.482800000000e-09  6.681091662027e-03 
 1.492800000000e-09 -6.549538925544e-02 
 1.502800000000e-09 -1.321417061906e-01 
 1.512800000000e-09 -1.849392168277e-01 
 1.522800000000e-09 -2.169989399938e-01 
 1.532800000000e-09 -2.241441382707e-01 
 1.542800000000e-09 -2.054851362808e-01 
 1.552800000000e-09 -1.632053278699e-01 
 1.562800000000e-09 -1.018475019301e-01 
 1.572800000000e-09 -2.763418797856e-02 
 1.582800000000e-09  5.178706036583e-02 
 1.592800000000e-09  1.275064277862e-01 
 1.602800000000e-09  1.901690296021e-01 
 1.612800000000e-09  2.315798109031e-01 
 1.622800000000e-09  2.463248994057e-01 
 1.632800000000e-09  2.326306098092e-01 
 1.642800000000e-09  1.922723136720e-01 
 1.652800000000e-09  1.297899045321e-01 
 1.662800000000e-09  5.157739065491e-02 
 1.672800000000e-09 -3.449681232318e-02 
 1.682800000000e-09 -1.190680990512e-01 
 1.692800000000e-09 -1.918515229293e-01 
 1.702800000000e-09 -2.433247698888e-01 
 1.712800000000e-09 -2.667046057868e-01 
 1.722800000000e-09 -2.591560735141e-01 
 1.732800000000e-09 -2.218872211925e-01 
 1.742800000000e-09 -1.593517180534e-01 
 1.752800000000e-09 -7.811123737922e-02 
 1.762800000000e-09  1.379489531825e-02 
 1.772800000000e-09  1.067102522330e-01 
 1.782800000000e-09  1.895878643455e-01 
 1.792800000000e-09  2.516176897444e-01 
 1.802800000000e-09  2.845467986921e-01 
 1.812800000000e-09  2.843012916160e-01 
 1.822800000000e-09  2.513437485794e-01 
 1.832800000000e-09  1.899142116408e-01 
 1.842800000000e-09  1.067242386110e-01 
 1.852800000000e-09  9.976948902780e-03 
 1.862800000000e-09 -9.051947626661e-02 
 1.872800000000e-09 -1.831685329376e-01 
 1.882800000000e-09 -2.559838451828e-01 
 1.892800000000e-09 -2.991919594847e-01 
 1.902800000000e-09 -3.073144482214e-01 
 1.912800000000e-09 -2.798941117971e-01 
 1.922800000000e-09 -2.207986729947e-01 
 1.932800000000e-09 -1.368280330849e-01 
 1.942800000000e-09 -3.636382927171e-02 
 1.952800000000e-09  7.073060802415e-02 
 1.962800000000e-09  1.725442914193e-01 
 1.972800000000e-09  2.560959865385e-01 
 1.982800000000e-09  3.100998682596e-01 
 1.992800000000e-09  3.275286378069e-01 
 2.002800000000e-09  3.068243775370e-01 
 2.012800000000e-09  2.513188322945e-01 
 2.022800000000e-09  1.677906629790e-01 
 2.032800000000e-09  6.481331947675e-02 
 2.042800000000e-09 -4.773418275913e-02 
 2.052800000000e-09 -1.578476741173e-01 
 2.062800000000e-09 -2.517935558154e-01 
 2.072800000000e-09 -3.168579951167e-01 
 2.082800000000e-09 -3.443669798443e-01 
 2.092800000000e-09 -3.314721659599e-01 
 2.102800000000e-09 -2.808086272054e-01 
 2.112800000000e-09 -1.989789705585e-01 
 2.122800000000e-09 -9.473847152909e-02 
 2.132800000000e-09  2.201259300506e-02 
 2.142800000000e-09  1.393553230565e-01 
 2.152800000000e-09  2.430868862200e-01 
 2.162800000000e-09  3.192218072992e-01 
 2.172800000000e-09  3.574002883002e-01 
 2.182800000000e-09  3.532988520147e-01 
 2.192800000000e-09  3.086822642885e-01 
 2.202800000000e-09  2.298020151245e-01 
 2.212800000000e-09  1.255466944526e-01 
 2.222800000000e-09  5.877895786979e-03 
 2.232800000000e-09 -1.174844813709e-01 
 2.242800000000e-09 -2.301608643650e-01 
 2.252800000000e-09 -3.171174709845e-01 
 2.262800000000e-09 -3.663422634537e-01 
 2.272800000000e-09 -3.718863652179e-01 
 2.282800000000e-09 -3.344416089209e-01 
 2.292800000000e-09 -2.597378456826e-01 
 2.302800000000e-09 -1.566920869794e-01 
 2.312800000000e-09 -3.537808028816e-02 
 2.322800000000e-09  9.272744719935e-02 
 2.332800000000e-09  2.133358103557e-01 
 2.342800000000e-09  3.106365738584e-01 
 2.352800000000e-09  3.710685235447e-01 
 2.362800000000e-09  3.869438443274e-01 
 2.372800000000e-09  3.576946274982e-01 
 2.382800000000e-09  2.883556995226e-01 
 2.392800000000e-09  1.876942777434e-01 
 2.402800000000e-09  6.595314135744e-02 
 2.412800000000e-09 -6.561475560627e-02 
 2.422800000000e-09 -1.930255074897e-01 
 2.432800000000e-09 -2.999919857601e-01 
 2.442800000000e-09 -3.715797891129e-01 
 2.452800000000e-09 -3.983017103142e-01 
 2.462800000000e-09 -3.781520524120e-01 
 2.472800000000e-09 -3.152907664495e-01 
 2.482800000000e-09 -2.181383777694e-01 
 2.492800000000e-09 -9.711800018895e-02 
 2.502800000000e-09  3.667104167066e-02 
 2.512800000000e-09  1.696921569531e-01 
 2.522800000000e-09  2.854887462012e-01 
 2.532800000000e-09  3.679817109005e-01 
 2.542800000000e-09  4.058882786642e-01 
 2.552800000000e-09  3.956025751643e-01 
 2.562800000000e-09  3.402310508855e-01 
 2.572800000000e-09  2.476703903784e-01 
 2.582800000000e-09  1.284457436813e-01 
 2.592800000000e-09 -6.390457063587e-03 
 2.602800000000e-09 -1.438115488840e-01 
 2.612800000000e-09 -2.674843097451e-01 
 2.622800000000e-09 -3.604503100986e-01 
 2.632800000000e-09 -4.097070738165e-01 
 2.642800000000e-09 -4.099025076550e-01 
 2.652800000000e-09 -3.629316156204e-01 
 2.662800000000e-09 -2.760076577328e-01 
 2.672800000000e-09 -1.595846618403e-01 
 2.682800000000e-09 -2.478791777442e-02 
 2.692800000000e-09  1.158490846097e-01 
 2.702800000000e-09  2.463725040390e-01 
 2.712800000000e-09  3.492277380738e-01 
 2.722800000000e-09  4.098347499086e-01 
 2.732800000000e-09  4.209791800848e-01 
 2.742800000000e-09  3.832112433181e-01 
 2.752800000000e-09  3.028985883941e-01 
 2.762800000000e-09  1.902192167072e-01 
 2.772800000000e-09  5.646037178941e-02 
 2.782800000000e-09 -8.625939778452e-02 
 2.792800000000e-09 -2.225607823740e-01 
 2.802800000000e-09 -3.345822298022e-01 
 2.812800000000e-09 -4.063758655969e-01 
 2.822800000000e-09 -4.287962089417e-01 
 2.832800000000e-09 -4.009184826782e-01 
 2.842800000000e-09 -3.281051810623e-01 
 2.852800000000e-09 -2.200698139835e-01 
 2.862800000000e-09 -8.826973513595e-02 
 2.872800000000e-09  5.546613432660e-02 
 2.882800000000e-09  1.964496667361e-01 
 2.892800000000e-09  3.167984957130e-01 
 2.902800000000e-09  3.994510929900e-01 
 2.912800000000e-09  4.333364355975e-01 
 2.922800000000e-09  4.159194307125e-01 
 2.932800000000e-09  3.514115439460e-01 
 2.942800000000e-09  2.489040498672e-01 
 2.952800000000e-09  1.199239481273e-01 
 2.962800000000e-09 -2.383517692541e-02 
 2.972800000000e-09 -1.684070205054e-01 
 2.982800000000e-09 -2.961615622987e-01 
 2.992800000000e-09 -3.892024356207e-01 
 3.002800000000e-09 -4.346198880674e-01 
 3.012800000000e-09 -4.281236660918e-01 
 3.022800000000e-09 -3.726536848482e-01 
 3.032800000000e-09 -2.765367391730e-01 
 3.042800000000e-09 -1.511887652230e-01 
 3.052800000000e-09 -8.320298208826e-03 
 3.062800000000e-09  1.387773293586e-01 
 3.072800000000e-09  2.729717830565e-01 
 3.082800000000e-09  3.758142287968e-01 
 3.092800000000e-09  4.327146707796e-01 
 3.102800000000e-09  4.374891353962e-01 
 3.112800000000e-09  3.917077461100e-01 
 3.122800000000e-09  3.027915532225e-01 
 3.132800000000e-09  1.818422145010e-01 
 3.142800000000e-09  4.070047076136e-02 
 3.152800000000e-09 -1.079096038405e-01 
 3.162800000000e-09 -2.475513329553e-01 
 3.172800000000e-09 -3.595018280073e-01 
 3.182800000000e-09 -4.277049741065e-01 
 3.192800000000e-09 -4.439842084788e-01 
 3.202800000000e-09 -4.084513174896e-01 
 3.212800000000e-09 -3.274759983036e-01 
 3.222800000000e-09 -2.116669605270e-01 
 3.232800000000e-09 -7.302398695763e-02 
 3.242800000000e-09  7.614525657294e-02 
 3.252800000000e-09  2.202240124404e-01 
 3.262800000000e-09  3.404852768664e-01 
 3.272800000000e-09  4.196728717755e-01 
 3.282800000000e-09  4.475838389462e-01 
 3.292800000000e-09  4.227639638853e-01 
 3.302800000000e-09  3.504065867384e-01 
 3.312800000000e-09  2.404780336846e-01 
 3.322800000000e-09  1.050581413804e-01 
 3.332800000000e-09 -4.378438638404e-02 
 3.342800000000e-09 -1.912891279374e-01 
 3.352800000000e-09 -3.189837555277e-01 
 3.362800000000e-09 -4.087013680606e-01 
 3.372800000000e-09 -4.482727616883e-01 
 3.382800000000e-09 -4.345470548849e-01 
 3.392800000000e-09 -3.714351703560e-01 
 3.402800000000e-09 -2.681295423851e-01 
 3.412800000000e-09 -1.366262799401e-01 
 3.422800000000e-09  1.106964733329e-02 
 3.432800000000e-09  1.610087027589e-01 
 3.442800000000e-09  2.952126102286e-01 
 3.452800000000e-09  3.948955481194e-01 
 3.462800000000e-09  4.460694803486e-01 
 3.472800000000e-09  4.437392678729e-01 
 3.482800000000e-09  3.904480614764e-01 
 3.492800000000e-09  2.944856169027e-01 
 3.502800000000e-09  1.675663922470e-01 
 3.512800000000e-09  2.177360764208e-02 
 3.522800000000e-09 -1.296436993272e-01 
 3.532800000000e-09 -2.694104369277e-01 
 3.542800000000e-09 -3.784024838045e-01 
 3.552800000000e-09 -4.410221383006e-01 
 3.562800000000e-09 -4.502979490818e-01 
 3.572800000000e-09 -4.073353783256e-01 
 3.582800000000e-09 -3.193857277081e-01 
 3.592800000000e-09 -1.977016933660e-01 
 3.602800000000e-09 -5.451369264040e-02 
 3.612800000000e-09  9.747487283289e-02 
 3.622800000000e-09  2.418439255385e-01 
 3.632800000000e-09  3.593968847401e-01 
 3.642800000000e-09  4.331885769684e-01 
 3.652800000000e-09  4.541877401153e-01 
 3.662800000000e-09  4.219807516584e-01 
 3.672800000000e-09  3.426597656842e-01 
 3.682800000000e-09  2.268641677154e-01 
 3.692800000000e-09  8.693777472381e-02 
 3.702800000000e-09 -6.477598447130e-02 
 3.712800000000e-09 -2.127815537990e-01 
 3.722800000000e-09 -3.380648676655e-01 
 3.732800000000e-09 -4.226241400557e-01 
 3.742800000000e-09 -4.553733318841e-01 
 3.752800000000e-09 -4.342744293526e-01 
 3.762800000000e-09 -3.641568374908e-01 
 3.772800000000e-09 -2.549177945748e-01 
 3.782800000000e-09 -1.188827323653e-01 
 3.792800000000e-09  3.177243752526e-02 
 3.802800000000e-09  1.824577378517e-01 
 3.812800000000e-09  3.145809560305e-01 
 3.822800000000e-09  4.093853384705e-01 
 3.832800000000e-09  4.538360536016e-01 
 3.842800000000e-09  4.441332060553e-01 
 3.852800000000e-09  3.837588776343e-01 
 3.862800000000e-09  2.817460672237e-01 
 3.872800000000e-09  1.502171108289e-01 
 3.882800000000e-09  1.348853606737e-03 
 3.892800000000e-09 -1.510828758602e-01 
 3.902800000000e-09 -2.891251795494e-01 
 3.912800000000e-09 -3.935575807883e-01 
 3.922800000000e-09 -4.495863220500e-01 
 3.932800000000e-09 -4.514996726067e-01 
 3.942800000000e-09 -4.013630442675e-01 
 3.952800000000e-09 -3.072195744186e-01 
 3.962800000000e-09 -1.807998286740e-01 
 3.972800000000e-09 -3.439587575094e-02 
 3.982800000000e-09  1.188860089767e-01 
 3.992800000000e-09  2.619132211473e-01 
 4.002800000000e-09  3.752749040703e-01 
 4.012800000000e-09  4.426596615995e-01 
 4.022800000000e-09  4.563236722526e-01 
 4.032800000000e-09  4.168548847664e-01 
 4.042800000000e-09  3.311786546473e-01 
 4.052800000000e-09  2.104730444209e-01 
 4.062800000000e-09  6.716837560575e-02 
 4.072800000000e-09 -8.611786477759e-02 
 4.082800000000e-09 -2.331872473936e-01 
 4.092800000000e-09 -3.546952807459e-01 
 4.102800000000e-09 -4.330985922398e-01 
 4.112800000000e-09 -4.585646322684e-01 
 4.122800000000e-09 -4.301203921247e-01 
 4.132800000000e-09 -3.534676326551e-01 
 4.142800000000e-09 -2.390966754940e-01 
 4.152800000000e-09 -9.949421773804e-02 
 4.162800000000e-09  5.301155187488e-02 
 4.172800000000e-09  2.031822630441e-01 
 4.182800000000e-09  3.319836138138e-01 
 4.192800000000e-09  4.209437030236e-01 
 4.202800000000e-09  4.581853756147e-01 
 4.212800000000e-09  4.410599886346e-01 
 4.222800000000e-09  3.739565175596e-01 
 4.232800000000e-09  2.665570485412e-01 
 4.242800000000e-09  1.312446063281e-01 
 4.252800000000e-09 -1.975214820889e-02 
 4.262800000000e-09 -1.720975840705e-01 
 4.272800000000e-09 -3.072931765834e-01 
 4.282800000000e-09 -4.062416031451e-01 
 4.292800000000e-09 -4.551667810629e-01 
 4.302800000000e-09 -4.495985894683e-01 
 4.312800000000e-09 -3.925399832862e-01 
 4.322800000000e-09 -2.927454426232e-01 
 4.332800000000e-09 -1.623026868003e-01 
 4.342800000000e-09 -1.349372083175e-02 
 4.352800000000e-09  1.401261851135e-01 
 4.362800000000e-09  2.807963936001e-01 
 4.372800000000e-09  3.890792441414e-01 
 4.382800000000e-09  4.495197101931e-01 
 4.392800000000e-09  4.556792674543e-01 
 4.402800000000e-09  4.091132807960e-01 
 4.412800000000e-09  3.175240861968e-01 
 4.422800000000e-09  1.925290583696e-01 
 4.432800000000e-09  4.654420549759e-02 
 4.442800000000e-09 -1.074901555072e-01 
 4.452800000000e-09 -2.527064218567e-01 
 4.462800000000e-09 -3.695923687367e-01 
 4.472800000000e-09 -4.412757237427e-01 
 4.482800000000e-09 -4.592484433280e-01 
 4.492800000000e-09 -4.235580390543e-01 
 4.502800000000e-09 -3.407341691555e-01 
 4.512800000000e-09 -2.217773474816e-01 
 4.522800000000e-09 -7.921752143449e-02 
 4.532800000000e-09  7.442477736545e-02 
 4.542800000000e-09  2.232537078741e-01 
 4.552800000000e-09  3.479320469165e-01 
 4.562800000000e-09  4.304697590382e-01 
 4.572800000000e-09  4.602651427108e-01 
 4.582800000000e-09  4.357653342200e-01 
 4.592800000000e-09  3.622326459282e-01 
 4.602800000000e-09  2.499250739339e-01 
 4.612800000000e-09  1.113679129304e-01 
 4.622800000000e-09 -4.113578108944e-02 
 4.632800000000e-09 -1.926510777904e-01 
 4.642800000000e-09 -3.242508467669e-01 
 4.652800000000e-09 -4.171354940307e-01 
 4.662800000000e-09 -4.586934056898e-01 
 4.672800000000e-09 -4.456444147067e-01 
 4.682800000000e-09 -3.819033351622e-01 
 4.692800000000e-09 -2.768683911206e-01 
 4.702800000000e-09 -1.428831634279e-01 
 4.712800000000e-09  7.786792020998e-03 
 4.722800000000e-09  1.610803006669e-01 
 4.732800000000e-09  2.986955843174e-01 
 4.742800000000e-09  4.013224962993e-01 
 4.752800000000e-09  4.545188187244e-01 
 4.762800000000e-09  4.531258506611e-01 
 4.772800000000e-09  3.996447433923e-01 
 4.782800000000e-09  3.024934093971e-01 
 4.792800000000e-09  1.736456748647e-01 
 4.802800000000e-09  2.545982504526e-02 
 4.812800000000e-09 -1.287335276114e-01 
 4.822800000000e-09 -2.714444102440e-01 
 4.832800000000e-09 -3.831302422193e-01 
 4.842800000000e-09 -4.477563899124e-01 
 4.852800000000e-09 -4.581505900347e-01 
 4.862800000000e-09 -4.153453404231e-01 
 4.872800000000e-09 -3.266526575423e-01 
 4.882800000000e-09 -2.035137651707e-01 
 4.892800000000e-09 -5.842442634885e-02 
 4.902800000000e-09  9.583458333269e-02 
 4.912800000000e-09  2.427139324527e-01 
 4.922800000000e-09  3.626960453638e-01 
 4.932800000000e-09  4.384376310596e-01 
 4.942800000000e-09  4.606718375878e-01 
 4.952800000000e-09  4.288903981535e-01 
 4.962800000000e-09  3.491932034626e-01 
 4.972800000000e-09  2.323519379617e-01 
 4.982800000000e-09  9.094027330695e-02 
 4.992800000000e-09 -6.260811701715e-02 
 5.002800000000e-09 -2.127290179381e-01 
 5.012800000000e-09 -3.401740098330e-01 
 5.022800000000e-09 -4.265951790669e-01 
 5.032800000000e-09 -4.606458817548e-01 
 5.042800000000e-09 -4.401754686883e-01 
 5.052800000000e-09 -3.699822857494e-01 
 5.062800000000e-09 -2.600485047228e-01 
 5.072800000000e-09 -1.228805821108e-01 
 5.082800000000e-09  2.923699794194e-02 
 5.092800000000e-09  1.816832061680e-01 
 5.102800000000e-09  3.157055449774e-01 
 5.112800000000e-09  4.122595827669e-01 
 5.122800000000e-09  4.580407192063e-01 
 5.132800000000e-09  4.491173684149e-01 
 5.142800000000e-09  3.889126195237e-01 
 5.152800000000e-09  2.865031565637e-01 
 5.162800000000e-09  1.541395699951e-01 
 5.172800000000e-09  4.123982203388e-03 
 5.182800000000e-09 -1.497530381747e-01 
 5.192800000000e-09 -2.894415360480e-01 
 5.202800000000e-09 -3.954926548953e-01 
 5.212800000000e-09 -4.528507947372e-01 
 5.222800000000e-09 -4.556488189709e-01 
 5.232800000000e-09 -4.058806085210e-01 
 5.242800000000e-09 -3.115925817412e-01 
 5.252800000000e-09 -1.845939795889e-01 
 5.262800000000e-09 -3.731150207059e-02 
 5.272800000000e-09  1.171365087441e-01 
 5.282800000000e-09  2.615708068324e-01 
 5.292800000000e-09  3.764083658112e-01 
 5.302800000000e-09  4.450973264402e-01 
 5.312800000000e-09  4.597213744110e-01 
 5.322800000000e-09  4.207752666853e-01 
 5.332800000000e-09  3.351577034152e-01 
 5.342800000000e-09  2.140975031491e-01 
 5.352800000000e-09  7.014391047325e-02 
 5.362800000000e-09 -8.406362963406e-02 
 5.372800000000e-09 -2.323167341563e-01 
 5.382800000000e-09 -3.551500784616e-01 
 5.392800000000e-09 -4.348108058976e-01 
 5.402800000000e-09 -4.612793764254e-01 
 5.412800000000e-09 -4.334774556034e-01 
 5.422800000000e-09 -3.570555293403e-01 
 5.432800000000e-09 -2.425268256584e-01 
 5.442800000000e-09 -1.024722039695e-01 
 5.452800000000e-09  5.074311512324e-02 
 5.462800000000e-09  2.018928055191e-01 
 5.472800000000e-09  3.318673051558e-01 
 5.482800000000e-09  4.220213042782e-01 
 5.492800000000e-09  4.602855389860e-01 
 5.502800000000e-09  4.438931829827e-01 
 5.512800000000e-09  3.771638247541e-01 
 5.522800000000e-09  2.697782012851e-01 
 5.532800000000e-09  1.341829208669e-01 
 5.542800000000e-09 -1.734129772603e-02 
 5.552800000000e-09 -1.704800040630e-01 
 5.562800000000e-09 -3.066987608802e-01 
 5.572800000000e-09 -4.067643606331e-01 
 5.582800000000e-09 -4.567144578873e-01 
 5.592800000000e-09 -4.519434795726e-01 
 5.602800000000e-09 -3.953787854576e-01 
 5.612800000000e-09 -2.957487813324e-01 
 5.622800000000e-09 -1.651699352794e-01 
 5.632800000000e-09 -1.599052556494e-02 
 5.642800000000e-09  1.382553375247e-01 
 5.652800000000e-09  2.798037907796e-01 
 5.662800000000e-09  3.891185225162e-01 
 5.672800000000e-09  4.505697120983e-01 
 5.682800000000e-09  4.575742204819e-01 
 5.692800000000e-09  4.115979925335e-01 
 5.702800000000e-09  3.202953800306e-01 
 5.712800000000e-09  1.952955060593e-01 
 5.722800000000e-09  4.907677793083e-02 
 5.732800000000e-09 -1.054329548802e-01 
 5.742800000000e-09 -2.513877058097e-01 
 5.752800000000e-09 -3.692096474848e-01 
 5.762800000000e-09 -4.418773595631e-01 
 5.772800000000e-09 -4.607252628800e-01 
 5.782800000000e-09 -4.256997023096e-01 
 5.792800000000e-09 -3.432683912459e-01 
 5.802800000000e-09 -2.244240401144e-01 
 5.812800000000e-09 -8.174850867244e-02 
 5.822800000000e-09  7.223705268601e-02 
 5.832800000000e-09  2.216733883535e-01 
 5.842800000000e-09  3.471886597932e-01 
 5.852800000000e-09  4.306699046756e-01 
 5.862800000000e-09  4.613540000513e-01 
 5.872800000000e-09  4.375775209034e-01 
 5.882800000000e-09  3.645278611759e-01 
 5.892800000000e-09  2.524391699959e-01 
 5.902800000000e-09  1.138702144827e-01 
 5.912800000000e-09 -3.886103631551e-02 
 5.922800000000e-09 -1.908616642150e-01 
 5.932800000000e-09 -3.231975619869e-01 
 5.942800000000e-09 -4.169741047409e-01 
 5.952800000000e-09 -4.594229374347e-01 
 5.962800000000e-09 -4.471419972186e-01 
 5.972800000000e-09 -3.839613588447e-01 
 5.982800000000e-09 -2.792405412804e-01 
 5.992800000000e-09 -1.453358602309e-01 
 6.002800000000e-09  5.460202997506e-03 
 6.012800000000e-09  1.591262636412e-01 
 6.022800000000e-09  2.973775642000e-01 
 6.032800000000e-09  4.008362368733e-01 
 6.042800000000e-09  4.549157161696e-01 
 6.052800000000e-09  4.543232470156e-01 
 6.062800000000e-09  4.014677807860e-01 
 6.072800000000e-09  3.047140639266e-01 
 6.082800000000e-09  1.760301463031e-01 
 6.092800000000e-09  2.780761823920e-02 
 6.102800000000e-09 -1.266548981848e-01 
 6.112800000000e-09 -2.699037702088e-01 
 6.122800000000e-09 -3.823543608878e-01 
 6.132800000000e-09 -4.478455083573e-01 
 6.142800000000e-09 -4.590608083743e-01 
 6.152800000000e-09 -4.169343651974e-01 
 6.162800000000e-09 -3.287119635905e-01 
 6.172800000000e-09 -2.058138963801e-01 
 6.182800000000e-09 -6.076717282640e-02 
 6.192800000000e-09  9.366748239380e-02 
 6.202800000000e-09  2.409897465699e-01 
 6.212800000000e-09  3.616639139328e-01 
 6.222800000000e-09  4.382417703039e-01 
 6.232800000000e-09  4.613072412119e-01 
 6.242800000000e-09  4.302467604218e-01 
 6.252800000000e-09  3.510834989247e-01 
 6.262800000000e-09  2.345557085894e-01 
 6.272800000000e-09  9.325784524312e-02 
 6.282800000000e-09 -6.038259744013e-02 
 6.292800000000e-09 -2.108552970280e-01 
 6.302800000000e-09 -3.389157139816e-01 
 6.312800000000e-09 -4.261345959996e-01 
 6.322800000000e-09 -4.610183820224e-01 
 6.332800000000e-09 -4.413021023288e-01 
 6.342800000000e-09 -3.716992158237e-01 
 6.352800000000e-09 -2.621473456536e-01 
 6.362800000000e-09 -1.251582255879e-01 
 6.372800000000e-09  2.697676632658e-02 
 6.382800000000e-09  1.796883958121e-01 
 6.392800000000e-09  3.142478249374e-01 
 6.402800000000e-09  4.115529188419e-01 
 6.412800000000e-09  4.581620108283e-01 
 6.422800000000e-09  4.500182823936e-01 
 6.432800000000e-09  3.904535491802e-01 
 6.442800000000e-09  2.884889193853e-01 
 6.452800000000e-09  1.563643107210e-01 
 6.462800000000e-09  6.398442265969e-03 
 6.472800000000e-09 -1.476627713086e-01 
 6.482800000000e-09 -2.878100785641e-01 
 6.492800000000e-09 -3.945591904537e-01 
 6.502800000000e-09 -4.527328427648e-01 
 6.512800000000e-09 -4.563308982382e-01 
 6.522800000000e-09 -4.072435083270e-01 
 6.532800000000e-09 -3.134529983051e-01 
 6.542800000000e-09 -1.867505273741e-01 
 6.552800000000e-09 -3.957843117973e-02 
 6.562800000000e-09  1.149780711161e-01 
 6.572800000000e-09  2.597931973095e-01 
 6.582800000000e-09  3.752692550967e-01 
 6.592800000000e-09  4.447517949608e-01 
 6.602800000000e-09  4.601816649940e-01 
 6.612800000000e-09  4.219521852305e-01 
 6.622800000000e-09  3.368861467936e-01 
 6.632800000000e-09  2.161765468864e-01 
 6.642800000000e-09  7.238858503517e-02 
 6.652800000000e-09 -8.185871265633e-02 
 6.662800000000e-09 -2.304167365997e-01 
 6.672800000000e-09 -3.538249267758e-01 
 6.682800000000e-09 -4.342491007774e-01 
 6.692800000000e-09 -4.615258069627e-01 
 6.702800000000e-09 -4.344683432440e-01 
 6.712800000000e-09 -3.586437025389e-01 
 6.722800000000e-09 -2.445196023373e-01 
 6.732800000000e-09 -1.046819372589e-01 
 6.742800000000e-09  4.851082926257e-02 
 6.752800000000e-09  1.998917847504e-01 
 6.762800000000e-09  3.303740383274e-01 
 6.772800000000e-09  4.212530342702e-01 
 6.782800000000e-09  4.603220226407e-01 
 6.792800000000e-09  4.446964085637e-01 
 6.802800000000e-09  3.786062146704e-01 
 6.812800000000e-09  2.716775223575e-01 
 6.822800000000e-09  1.363478565243e-01 
 6.832800000000e-09 -1.509703519989e-02 
 6.842800000000e-09 -1.683962889053e-01 
 6.852800000000e-09 -3.050542640537e-01 
 6.862800000000e-09 -4.057997613462e-01 
 6.872800000000e-09 -4.565458138041e-01 
 6.882800000000e-09 -4.525612520523e-01 
 6.892800000000e-09 -3.966719221388e-01 
 6.902800000000e-09 -2.975441121288e-01 
 6.912800000000e-09 -1.672778462078e-01 
 6.922800000000e-09 -1.822982426614e-02 
 6.932800000000e-09  1.361092359799e-01 
 6.942800000000e-09  2.780277685805e-01 
 6.952800000000e-09  3.879711587191e-01 
 6.962800000000e-09  4.502020192017e-01 
 6.972800000000e-09  4.579998159366e-01 
 6.982800000000e-09  4.127319210665e-01 
 6.992800000000e-09  3.219794663591e-01 
 7.002800000000e-09  1.973375340013e-01 
 7.012800000000e-09  5.129824182284e-02 
 7.022800000000e-09 -1.032421235602e-01 
 7.032800000000e-09 -2.494985800824e-01 
 7.042800000000e-09 -3.678933883944e-01 
 7.052800000000e-09 -4.413171472288e-01 
 7.062800000000e-09 -4.609622852141e-01 
 7.072800000000e-09 -4.266713341189e-01 
 7.082800000000e-09 -3.448310990097e-01 
 7.092800000000e-09 -2.263907257372e-01 
 7.102800000000e-09 -8.393950476310e-02 
 7.112800000000e-09  7.001923962582e-02 
 7.122800000000e-09  2.196897429112e-01 
 7.132800000000e-09  3.457175341318e-01 
 7.142800000000e-09  4.299227666910e-01 
 7.152800000000e-09  4.614025391782e-01 
 7.162800000000e-09  4.383820417626e-01 
 7.172800000000e-09  3.659615458080e-01 
 7.182800000000e-09  2.543231766235e-01 
 7.192800000000e-09  1.160215062173e-01 
 7.202800000000e-09 -3.663023411470e-02 
 7.212800000000e-09 -1.887991271682e-01 
 7.222800000000e-09 -3.215843222985e-01 
 7.232800000000e-09 -4.160454220500e-01 
 7.242800000000e-09 -4.592837575350e-01 
 7.252800000000e-09 -4.477759773442e-01 
 7.262800000000e-09 -3.852599799731e-01 
 7.272800000000e-09 -2.810348286548e-01 
 7.282800000000e-09 -1.474392669723e-01 
 7.292800000000e-09  3.228537338279e-03 
 7.302800000000e-09  1.569992293678e-01 
 7.312800000000e-09  2.956354960971e-01 
 7.322800000000e-09  3.997335021569e-01 
 7.332800000000e-09  4.545911674878e-01 
 7.342800000000e-09  4.547842060400e-01 
 7.352800000000e-09  4.026252184332e-01 
 7.362800000000e-09  3.064097482155e-01 
 7.372800000000e-09  1.780761478148e-01 
 7.382800000000e-09  3.002720724547e-02 
 7.392800000000e-09 -1.244794388844e-01 
 7.402800000000e-09 -2.680486959963e-01 
 7.412800000000e-09 -3.810882420628e-01 
 7.422800000000e-09 -4.473393442427e-01 
 7.432800000000e-09 -4.593465829534e-01 
 7.442800000000e-09 -4.179435797482e-01 
 7.452800000000e-09 -3.302987436084e-01 
 7.462800000000e-09 -2.077925657238e-01 
 7.472800000000e-09 -6.296182378436e-02 
 7.482800000000e-09  9.146056158322e-02 
 7.492800000000e-09  2.390386781051e-01 
 7.502800000000e-09  3.602463567100e-01 
 7.512800000000e-09  4.375578788437e-01 
 7.522800000000e-09  4.614160828637e-01 
 7.532800000000e-09  4.311011141428e-01 
 7.542800000000e-09  3.525520602667e-01 
 7.552800000000e-09  2.364588087666e-01 
 7.562800000000e-09  9.541735745122e-02 
 7.572800000000e-09 -5.815886647192e-02 
 7.582800000000e-09 -2.088236221975e-01 
 7.592800000000e-09 -3.373580265743e-01 
 7.602800000000e-09 -4.252762968495e-01 
 7.612800000000e-09 -4.609489414122e-01 
 7.622800000000e-09 -4.419962901429e-01 
 7.632800000000e-09 -3.730422553583e-01 
 7.642800000000e-09 -2.639681616992e-01 
 7.652800000000e-09 -1.272749515062e-01 
 7.662800000000e-09  2.474775524689e-02 
 7.672800000000e-09  1.775891167980e-01 
 7.682800000000e-09  3.125607306297e-01 
 7.692800000000e-09  4.105243127776e-01 
 7.702800000000e-09  4.579141020553e-01 
 7.712800000000e-09  4.505483277854e-01 
 7.722800000000e-09  3.916647708365e-01 
 7.732800000000e-09  2.902199570972e-01 
 7.742800000000e-09  1.584302842538e-01 
 7.752800000000e-09  8.621605273063e-03 
 7.762800000000e-09 -1.455091783549e-01 
 7.772800000000e-09 -2.860060759382e-01 
 7.782800000000e-09 -3.933674739844e-01 
 7.792800000000e-09 -4.523081974676e-01 
 7.802800000000e-09 -4.566936236915e-01 
 7.812800000000e-09 -4.083159948023e-01 
 7.822800000000e-09 -3.150846976823e-01 
 7.832800000000e-09 -1.887562569725e-01 
 7.842800000000e-09 -4.178336383064e-02 
 7.852800000000e-09  1.127857276446e-01 
 7.862800000000e-09  2.578875666666e-01 
 7.872800000000e-09  3.739246241396e-01 
 7.882800000000e-09  4.441532828952e-01 
 7.892800000000e-09  4.603742213337e-01 
 7.902800000000e-09  4.228784122696e-01 
 7.912800000000e-09  3.384082308511e-01 
 7.922800000000e-09  2.181128112293e-01 
 7.932800000000e-09  7.456378843072e-02 
 7.942800000000e-09 -7.964314769125e-02 
 7.952800000000e-09 -2.284250826661e-01 
 7.962800000000e-09 -3.523381471032e-01 
 7.972800000000e-09 -4.334794225593e-01 
 7.982800000000e-09 -4.615458179944e-01 
 7.992800000000e-09 -4.352416471063e-01 
 8.002800000000e-09 -3.600474374097e-01 
 8.012800000000e-09 -2.463790041305e-01 
 8.022800000000e-09 -1.068187717831e-01 
 8.032800000000e-09  4.628470657028e-02 
 8.042800000000e-09  1.978276006659e-01 
 8.052800000000e-09  3.287550827717e-01 
 8.062800000000e-09  4.203146399333e-01 
 8.072800000000e-09  4.601677303749e-01 
 8.082800000000e-09  4.453115448879e-01 
 8.092800000000e-09  3.798846639310e-01 
 8.102800000000e-09  2.734534442664e-01 
 8.112800000000e-09  1.384392502823e-01 
 8.122800000000e-09 -1.287077947486e-02 
 8.132800000000e-09 -1.662715325609e-01 
 8.142800000000e-09 -3.033134031859e-01 
 8.152800000000e-09 -4.046969321609e-01 
 8.162800000000e-09 -4.562170859638e-01 
 8.172800000000e-09 -4.530141776637e-01 
 8.182800000000e-09 -3.978185028982e-01 
 8.192800000000e-09 -2.992283564005e-01 
 8.202800000000e-09 -1.693154744366e-01 
 8.212800000000e-09 -2.044507047811e-02 
 8.222800000000e-09  1.339373788734e-01 
 8.232800000000e-09  2.761778988118e-01 
 8.242800000000e-09  3.867117244785e-01 
 8.252800000000e-09  4.497005971082e-01 
 8.262800000000e-09  4.582870646564e-01 
 8.272800000000e-09  4.137391529674e-01 
 8.282800000000e-09  3.235619153104e-01 
 8.292800000000e-09  1.993118718588e-01 
 8.302800000000e-09  5.349040607069e-02 
 8.312800000000e-09 -1.010386299257e-01 
 8.322800000000e-09 -2.475548884632e-01 
 8.332800000000e-09 -3.664874551161e-01 
 8.342800000000e-09 -4.406455262221e-01 
 8.352800000000e-09 -4.610809069894e-01 
 8.362800000000e-09 -4.275317057586e-01 
 8.372800000000e-09 -3.463018321303e-01 
 8.382800000000e-09 -2.282932552878e-01 
 8.392800000000e-09 -8.609826220439e-02 
 8.402800000000e-09  6.779846903785e-02 
 8.412800000000e-09  2.176668493426e-01 
 8.422800000000e-09  3.441752391143e-01 
 8.432800000000e-09  4.290830588476e-01 
 8.442800000000e-09  4.613499791474e-01 
 8.452800000000e-09  4.390891853119e-01 
 8.462800000000e-09  3.673124887034e-01 
 8.472800000000e-09  2.561470642069e-01 
 8.482800000000e-09  1.181392643022e-01 
 8.492800000000e-09 -3.440346044968e-02 
 8.502800000000e-09 -1.867093174439e-01 
 8.512800000000e-09 -3.199150693162e-01 
 8.522800000000e-09 -4.150400447394e-01 
 8.532800000000e-09 -4.590584032804e-01 
 8.542800000000e-09 -4.483249193606e-01 
 8.552800000000e-09 -3.864844315699e-01 
 8.562800000000e-09 -2.827731573287e-01 
 8.572800000000e-09 -1.495088937365e-01 
 8.582800000000e-09  1.005907781430e-03 
 8.592800000000e-09  1.548543549713e-01 
 8.602800000000e-09  2.938499536206e-01 
 8.612800000000e-09  3.985676364106e-01 
 8.622800000000e-09  4.541933785036e-01 
 8.632800000000e-09  4.551710276492e-01 
 8.642800000000e-09  4.037162615379e-01 
 8.652800000000e-09  3.080535355009e-01 
 8.662800000000e-09  1.800887934934e-01 
 8.672800000000e-09  3.223418865276e-02 
 8.682800000000e-09 -1.222936464272e-01 
 8.692800000000e-09 -2.661605626182e-01 
 8.702800000000e-09 -3.797705708442e-01 
 8.712800000000e-09 -4.467710781294e-01 
 8.722800000000e-09 -4.595678109994e-01 
 8.732800000000e-09 -4.188934477984e-01 
 8.742800000000e-09 -3.318376298835e-01 
 8.752800000000e-09 -2.097388779898e-01 
 8.762800000000e-09 -6.514153494716e-02 
 8.772800000000e-09  8.924912153752e-02 
 8.782800000000e-09  2.370630438408e-01 
 8.792800000000e-09  3.587869765903e-01 
 8.802800000000e-09  4.368213496298e-01 
 8.812800000000e-09  4.614687488708e-01 
 8.822800000000e-09  4.319025171622e-01 
 8.832800000000e-09  3.539766733122e-01 
 8.842800000000e-09  2.383309748099e-01 
 8.852800000000e-09  9.756062778036e-02 
 8.862800000000e-09 -5.593490039034e-02 
 8.872800000000e-09 -2.067741009225e-01 
 8.882800000000e-09 -3.357665411758e-01 
 8.892800000000e-09 -4.243733295113e-01 
 8.902800000000e-09 -4.608305744294e-01 
 8.912800000000e-09 -4.426432835515e-01 
 8.922800000000e-09 -3.743451291506e-01 
 8.932800000000e-09 -2.657596439217e-01 
 8.942800000000e-09 -1.293748063373e-01 
 8.952800000000e-09  2.252163453594e-02 
 8.962800000000e-09  1.754773084540e-01 
 8.972800000000e-09  3.108465213117e-01 
 8.982800000000e-09  4.094578912323e-01 
 8.992800000000e-09  4.576235920398e-01 
 9.002800000000e-09  4.510362986149e-01 
 9.012800000000e-09  3.928392772656e-01 
 9.022800000000e-09  2.919231904639e-01 
 9.032800000000e-09  1.604790821225e-01 
 9.042800000000e-09  1.083948024205e-02 
 9.052800000000e-09 -1.433474346614e-01 
 9.062800000000e-09 -2.841806793232e-01 
 9.072800000000e-09 -3.921439691163e-01 
 9.082800000000e-09 -4.518465004163e-01 
 9.092800000000e-09 -4.570188012642e-01 
 9.102800000000e-09 -4.093548374840e-01 
 9.112800000000e-09 -3.166900169433e-01 
 9.122800000000e-09 -1.907447493257e-01 
 9.132800000000e-09 -4.398118140252e-02 
 9.142800000000e-09  1.105888785224e-01 
 9.152800000000e-09  2.559654431203e-01 
 9.162800000000e-09  3.725534522616e-01 
 9.172800000000e-09  4.435225069691e-01 
 9.182800000000e-09  4.605332015503e-01 
 9.192800000000e-09  4.237737593348e-01 
 9.202800000000e-09  3.399053570496e-01 
 9.212800000000e-09  2.200320637819e-01 
 9.222800000000e-09  7.673065974646e-02 
 9.232800000000e-09 -7.742591780147e-02 
 9.242800000000e-09 -2.264209479321e-01 
 9.252800000000e-09 -3.508292437069e-01 
 9.262800000000e-09 -4.326815191702e-01 
 9.272800000000e-09 -4.615357089150e-01 
 9.282800000000e-09 -4.359866003020e-01 
 9.292800000000e-09 -3.614276778309e-01 
 9.302800000000e-09 -2.482218355524e-01 
 9.312800000000e-09 -1.089465648032e-01 
 9.322800000000e-09  4.405900966948e-02 
 9.332800000000e-09  1.957541174922e-01 
 9.342800000000e-09  3.271176881116e-01 
 9.352800000000e-09  4.193514719110e-01 
 9.362800000000e-09  4.599863428598e-01 
 9.372800000000e-09  4.459006223555e-01 
 9.382800000000e-09  3.811410211867e-01 
 9.392800000000e-09  2.752132474445e-01 
 9.402800000000e-09  1.405211218785e-01 
 9.412800000000e-09 -1.064657861032e-02 
 9.422800000000e-09 -1.641401146611e-01 
 9.432800000000e-09 -3.015573194037e-01 
 9.442800000000e-09 -4.035724591987e-01 
 9.452800000000e-09 -4.558639856568e-01 
 9.462800000000e-09 -4.534430954406e-01 
 9.472800000000e-09 -3.989442128941e-01 
 9.482800000000e-09 -3.008968032497e-01 
 9.492800000000e-09 -1.713431487363e-01 
 9.502800000000e-09 -2.265685230755e-02 
 9.512800000000e-09  1.317612330671e-01 
 9.522800000000e-09  2.743157534130e-01 
 9.532800000000e-09  3.854335553579e-01 
 9.542800000000e-09  4.491772416513e-01 
 9.552800000000e-09  4.585521155166e-01 
 9.562800000000e-09  4.147265454303e-01 
 9.572800000000e-09  3.251288155780e-01 
 9.582800000000e-09  2.012759357834e-01 
 9.592800000000e-09  5.567796947885e-02 
 9.602800000000e-09 -9.883290932007e-02 
 9.612800000000e-09 -2.456015273318e-01 
 9.622800000000e-09 -3.650653759725e-01 
 9.632800000000e-09 -4.399540696511e-01 
 9.642800000000e-09 -4.611789155394e-01 
 9.652800000000e-09 -4.283731749082e-01 
 9.662800000000e-09 -3.477573303925e-01 
 9.672800000000e-09 -2.301853834044e-01 
 9.682800000000e-09 -8.825165408837e-02 
 9.692800000000e-09  6.557706975760e-02 
 9.702800000000e-09  2.156364202888e-01 
 9.712800000000e-09  3.426189911405e-01 
 9.722800000000e-09  4.282252790624e-01 
 9.732800000000e-09  4.612781894697e-01 
 9.742800000000e-09  4.397783123218e-01 
 9.752800000000e-09  3.686485881431e-01 
 9.762800000000e-09  2.579599070563e-01 
 9.772800000000e-09  1.202509503920e-01 
 9.782800000000e-09 -3.217676691640e-02 
 9.792800000000e-09 -1.846131736422e-01 
 9.802800000000e-09 -3.182332784070e-01 
 9.812800000000e-09 -4.140178010413e-01 
 9.822800000000e-09 -4.588148299073e-01 
 9.832800000000e-09 -4.488565874282e-01 
 9.842800000000e-09 -3.876944782748e-01 
 9.852800000000e-09 -2.845011972652e-01 
 9.862800000000e-09 -1.515725093465e-01 
 9.872800000000e-09 -1.215529952676e-03 
 9.882800000000e-09  1.527047721160e-01 
 9.892800000000e-09  2.920537059039e-01 
 9.902800000000e-09  3.973865335950e-01 
 9.912800000000e-09  4.537785948289e-01 
 9.922800000000e-09  4.555413174827e-01 
 9.932800000000e-09  4.047931375010e-01 
 9.942800000000e-09  3.096867868379e-01 
 9.952800000000e-09  1.820948939531e-01 
 9.962800000000e-09  3.443893300933e-02 
 9.972800000000e-09 -1.201047340890e-01 
 9.982800000000e-09 -2.642635514060e-01 
 9.992800000000e-09 -3.784392831484e-01 
 1.000000000000e-08 -4.326722016579e-01 
