 1.628000000000e-10  2.391130307301e-02 
 1.728000000000e-10  1.467338482446e-02 
 1.828000000000e-10  3.453163213603e-03 
 1.928000000000e-10 -8.519904575674e-03 
 2.028000000000e-10 -1.988989839256e-02 
 2.128000000000e-10 -2.932227755322e-02 
 2.228000000000e-10 -3.566417211696e-02 
 2.328000000000e-10 -3.808547922634e-02 
 2.428000000000e-10 -3.618836596156e-02 
 2.528000000000e-10 -3.006354208495e-02 
 2.628000000000e-10 -2.029240203514e-02 
 2.728000000000e-10 -7.888330060196e-03 
 2.828000000000e-10  5.803370661816e-03 
 2.928000000000e-10  1.924911891753e-02 
 3.028000000000e-10  3.089316255356e-02 
 3.128000000000e-10  3.933820173011e-02 
 3.228000000000e-10  4.351228131159e-02 
 3.328000000000e-10  4.280574801750e-02 
 3.428000000000e-10  3.715351288730e-02 
 3.528000000000e-10  2.705398307747e-02 
 3.628000000000e-10  1.352726183032e-02 
 3.728000000000e-10 -1.979963571173e-03 
 3.828000000000e-10 -1.774653370944e-02 
 3.928000000000e-10 -3.195999679736e-02 
 4.028000000000e-10 -4.292577231148e-02 
 4.128000000000e-10 -4.927231316452e-02 
 4.228000000000e-10 -5.012742816532e-02 
 4.328000000000e-10 -4.523222282713e-02 
 4.428000000000e-10 -3.498533617404e-02 
 4.528000000000e-10 -2.040667839052e-02 
 4.628000000000e-10 -3.036594746571e-03 
 4.728000000000e-10  1.521862869040e-02 
 4.828000000000e-10  3.228626469940e-02 
 4.928000000000e-10  4.615900785006e-02 
 5.028000000000e-10  5.513325558872e-02 
 5.128000000000e-10  5.802437726805e-02 
 5.228000000000e-10  5.432143631236e-02 
 5.328000000000e-10  4.425921930713e-02 
 5.428000000000e-10  2.880351843118e-02 
 5.528000000000e-10  9.560875906964e-03 
 5.628000000000e-10 -1.138108363814e-02 
 5.728000000000e-10 -3.166510805210e-02 
 5.828000000000e-10 -4.892276779303e-02 
 5.928000000000e-10 -6.105525935140e-02 
 6.028000000000e-10 -6.650069157874e-02 
 6.128000000000e-10 -6.443875586734e-02 
 6.228000000000e-10 -5.490142139768e-02 
 6.328000000000e-10 -3.877541468355e-02 
 6.428000000000e-10 -1.771318130610e-02 
 6.528000000000e-10  6.028732224528e-03 
 6.628000000000e-10  2.981149481580e-02 
 6.728000000000e-10  5.089160072823e-02 
 6.828000000000e-10  6.673766743257e-02 
 6.928000000000e-10  7.534990632523e-02 
 7.028000000000e-10  7.552395945154e-02 
 7.128000000000e-10  6.701107697600e-02 
 7.228000000000e-10  5.055235872158e-02 
 7.328000000000e-10  2.780183767521e-02 
 7.428000000000e-10  1.164345586237e-03 
 7.528000000000e-10 -2.643287309487e-02 
 7.628000000000e-10 -5.183544647557e-02 
 7.728000000000e-10 -7.201776044037e-02 
 7.828000000000e-10 -8.446510653314e-02 
 7.928000000000e-10 -8.751220264388e-02 
 8.028000000000e-10 -8.056430447328e-02 
 8.128000000000e-10 -6.416827324104e-02 
 8.228000000000e-10 -3.994540895535e-02 
 8.328000000000e-10 -1.042247558231e-02 
 8.428000000000e-10  2.120198609878e-02 
 8.528000000000e-10  5.136082754850e-02 
 8.628000000000e-10  7.650143923870e-02 
 8.728000000000e-10  9.352683479842e-02 
 8.828000000000e-10  1.002172193540e-01 
 8.928000000000e-10  9.553520826495e-02 
 9.028000000000e-10  7.975057946251e-02 
 9.128000000000e-10  5.438960259872e-02 
 9.228000000000e-10  2.206294522669e-02 
 9.328000000000e-10 -1.377506150520e-02 
 9.428000000000e-10 -4.913305549660e-02 
 9.528000000000e-10 -7.988575368784e-02 
 9.628000000000e-10 -1.022750545070e-01 
 9.728000000000e-10 -1.134300607499e-01 
 9.828000000000e-10 -1.117762173259e-01 
 9.928000000000e-10 -9.723150548720e-02 
 1.002800000000e-09 -7.117552198726e-02 
 1.012800000000e-09 -3.626293605953e-02 
 1.022800000000e-09  3.830946274840e-03 
 1.032800000000e-09  4.471327617710e-02 
 1.042800000000e-09  8.167639694625e-02 
 1.052800000000e-09  1.102425563386e-01 
 1.062800000000e-09  1.267864505767e-01 
 1.072800000000e-09  1.290743348072e-01 
 1.082800000000e-09  1.165608222259e-01 
 1.092800000000e-09  9.039861350996e-02 
 1.102800000000e-09  5.323692480207e-02 
 1.112800000000e-09  8.937441871622e-03 
 1.122800000000e-09 -3.772743474551e-02 
 1.132800000000e-09 -8.146003918790e-02 
 1.142800000000e-09 -1.170067079778e-01 
 1.152800000000e-09 -1.398850371571e-01 
 1.162800000000e-09 -1.470785819164e-01 
 1.172800000000e-09 -1.374708027765e-01 
 1.182800000000e-09 -1.119130968475e-01 
 1.192800000000e-09 -7.299972062172e-02 
 1.202800000000e-09 -2.473423079018e-02 
 1.212800000000e-09  2.778214015389e-02 
 1.222800000000e-09  7.869736344441e-02 
 1.232800000000e-09  1.219637569279e-01 
 1.242800000000e-09  1.521518170305e-01 
 1.252800000000e-09  1.653222055379e-01 
 1.262800000000e-09  1.596413386581e-01 
 1.272800000000e-09  1.355502187998e-01 
 1.282800000000e-09  9.552827316822e-02 
 1.292800000000e-09  4.368302817493e-02 
 1.302800000000e-09 -1.460228585095e-02 
 1.312800000000e-09 -7.296921178775e-02 
 1.322800000000e-09 -1.245813263853e-01 
 1.332800000000e-09 -1.629924679171e-01 
 1.342800000000e-09 -1.832095541160e-01 
 1.352800000000e-09 -1.825351384618e-01 
 1.362800000000e-09 -1.608836837057e-01 
 1.372800000000e-09 -1.205546312381e-01 
 1.382800000000e-09 -6.572198606558e-02 
 1.392800000000e-09 -1.994390928381e-03 
 1.402800000000e-09  6.384820554195e-02 
 1.412800000000e-09  1.242404114625e-01 
 1.422800000000e-09  1.716922697291e-01 
 1.432800000000e-09  2.000347915562e-01 
 1.442800000000e-09  2.055348779436e-01 
 1.452800000000e-09  1.874228968818e-01 
 1.462800000000e-09  1.477261678037e-01 
 1.472800000000e-09  9.065378388178e-02 
 1.482800000000e-09  2.200426441434e-02 
 1.492800000000e-09 -5.110592658081e-02 
 1.502800000000e-09 -1.204774537385e-01 
 1.512800000000e-09 -1.775975576250e-01 
 1.522800000000e-09 -2.150348207769e-01 
 1.532800000000e-09 -2.278630310429e-01 
 1.542800000000e-09 -2.144609285554e-01 
 1.552800000000e-09 -1.764647330641e-01 
 1.562800000000e-09 -1.180748831350e-01 
 1.572800000000e-09 -4.525583197627e-02 
 1.582800000000e-09  3.462774592156e-02 
 1.592800000000e-09  1.128825210978e-01 
 1.602800000000e-09  1.800607157472e-01 
 1.612800000000e-09  2.274304072454e-01 
 1.622800000000e-09  2.487211667262e-01 
 1.632800000000e-09  2.412640420105e-01 
 1.642800000000e-09  2.061413804183e-01 
 1.652800000000e-09  1.474748104719e-01 
 1.662800000000e-09  7.139365956972e-02 
 1.672800000000e-09 -1.454108272852e-02 
 1.682800000000e-09 -1.012921555304e-01 
 1.692800000000e-09 -1.786226771156e-01 
 1.702800000000e-09 -2.365259465926e-01 
 1.712800000000e-09 -2.672809423753e-01 
 1.722800000000e-09 -2.669867234846e-01 
 1.732800000000e-09 -2.359866076350e-01 
 1.742800000000e-09 -1.782056403906e-01 
 1.752800000000e-09 -9.992494081825e-02 
 1.762800000000e-09 -8.882679857457e-03 
 1.772800000000e-09  8.568474725533e-02 
 1.782800000000e-09  1.729528847633e-01 
 1.792800000000e-09  2.417386175598e-01 
 1.802800000000e-09  2.828068087889e-01 
 1.812800000000e-09  2.908414261464e-01 
 1.822800000000e-09  2.652442717005e-01 
 1.832800000000e-09  2.095838392936e-01 
 1.842800000000e-09  1.302514468401e-01 
 1.852800000000e-09  3.518276826221e-02 
 1.862800000000e-09 -6.628441905615e-02 
 1.872800000000e-09 -1.629630910056e-01 
 1.882800000000e-09 -2.426659367984e-01 
 1.892800000000e-09 -2.946522052945e-01 
 1.902800000000e-09 -3.120441441263e-01 
 1.912800000000e-09 -2.931031793081e-01 
 1.922800000000e-09 -2.408593189201e-01 
 1.932800000000e-09 -1.617127932332e-01 
 1.942800000000e-09 -6.381629250721e-02 
 1.952800000000e-09  4.343574793038e-02 
 1.962800000000e-09  1.487152253382e-01 
 1.972800000000e-09  2.390663587397e-01 
 1.982800000000e-09  3.023246266415e-01 
 1.992800000000e-09  3.299453911378e-01 
 2.002800000000e-09  3.188384634979e-01 
 2.012800000000e-09  2.713106754605e-01 
 2.022800000000e-09  1.936239579174e-01 
 2.032800000000e-09  9.414941001907e-02 
 2.042800000000e-09 -1.764995064921e-02 
 2.052800000000e-09 -1.304815731503e-01 
 2.062800000000e-09 -2.309040163731e-01 
 2.072800000000e-09 -3.054893849478e-01 
 2.082800000000e-09 -3.439922967710e-01 
 2.092800000000e-09 -3.417814937730e-01 
 2.102800000000e-09 -3.002444217479e-01 
 2.112800000000e-09 -2.253197480757e-01 
 2.122800000000e-09 -1.255497730757e-01 
 2.132800000000e-09 -1.050953483965e-02 
 2.142800000000e-09  1.086569931559e-01 
 2.152800000000e-09  2.183159136986e-01 
 2.162800000000e-09  3.040055808054e-01 
 2.172800000000e-09  3.538208575656e-01 
 2.182800000000e-09  3.614315685635e-01 
 2.192800000000e-09  3.270802844305e-01 
 2.202800000000e-09  2.561963392261e-01 
 2.212800000000e-09  1.573956815224e-01 
 2.222800000000e-09  4.042118987175e-02 
 2.232800000000e-09 -8.376988765618e-02 
 2.242800000000e-09 -2.016185981762e-01 
 2.252800000000e-09 -2.979093291244e-01 
 2.262800000000e-09 -3.592067760835e-01 
 2.272800000000e-09 -3.773867239010e-01 
 2.282800000000e-09 -3.513254454567e-01 
 2.292800000000e-09 -2.857426772827e-01 
 2.302800000000e-09 -1.891510498634e-01 
 2.312800000000e-09 -7.151385309614e-02 
 2.322800000000e-09  5.637109106635e-02 
 2.332800000000e-09  1.812282814860e-01 
 2.342800000000e-09  2.874029463299e-01 
 2.352800000000e-09  3.601224761212e-01 
 2.362800000000e-09  3.894266582144e-01 
 2.372800000000e-09  3.726307514944e-01 
 2.382800000000e-09  3.135310597780e-01 
 2.392800000000e-09  2.203363190777e-01 
 2.402800000000e-09  1.032383093622e-01 
 2.412800000000e-09 -2.704478297855e-02 
 2.422800000000e-09 -1.576523813567e-01 
 2.432800000000e-09 -2.728066738632e-01 
 2.442800000000e-09 -3.566501021977e-01 
 2.452800000000e-09 -3.974268400531e-01 
 2.462800000000e-09 -3.907248370212e-01 
 2.472800000000e-09 -3.391998910170e-01 
 2.482800000000e-09 -2.505582531792e-01 
 2.492800000000e-09 -1.351338651313e-01 
 2.502800000000e-09 -3.679281759834e-03 
 2.512800000000e-09  1.314063423322e-01 
 2.522800000000e-09  2.545155849741e-01 
 2.532800000000e-09  3.489893056613e-01 
 2.542800000000e-09  4.013885456116e-01 
 2.552800000000e-09  4.054416044048e-01 
 2.562800000000e-09  3.624706419608e-01 
 2.572800000000e-09  2.794894519100e-01 
 2.582800000000e-09  1.667996812456e-01 
 2.592800000000e-09  3.530988692456e-02 
 2.602800000000e-09 -1.030097175313e-01 
 2.612800000000e-09 -2.329696716035e-01 
 2.622800000000e-09 -3.374015202149e-01 
 2.632800000000e-09 -4.013721489708e-01 
 2.642800000000e-09 -4.166765581351e-01 
 2.652800000000e-09 -3.831286118564e-01 
 2.662800000000e-09 -3.068498710152e-01 
 2.672800000000e-09 -1.978989348109e-01 
 2.682800000000e-09 -6.741861411472e-02 
 2.692800000000e-09  7.295201058288e-02 
 2.702800000000e-09  2.086145252486e-01 
 2.712800000000e-09  3.221969972629e-01 
 2.722800000000e-09  3.975106304106e-01 
 2.732800000000e-09  4.243913860587e-01 
 2.742800000000e-09  4.010044276918e-01 
 2.752800000000e-09  3.323768319238e-01 
 2.762800000000e-09  2.281282515454e-01 
 2.772800000000e-09  9.962147281795e-02 
 2.782800000000e-09 -4.169257510790e-02 
 2.792800000000e-09 -1.818947636603e-01 
 2.802800000000e-09 -3.037012262493e-01 
 2.812800000000e-09 -3.899470628648e-01 
 2.822800000000e-09 -4.285726982753e-01 
 2.832800000000e-09 -4.159568610224e-01 
 2.842800000000e-09 -3.558488658561e-01 
 2.852800000000e-09 -2.572500024991e-01 
 2.862800000000e-09 -1.316186605252e-01 
 2.872800000000e-09  9.617096267499e-03 
 2.882800000000e-09  1.532161561492e-01 
 2.892800000000e-09  2.822518498563e-01 
 2.902800000000e-09  3.788746440663e-01 
 2.912800000000e-09  4.292696766258e-01 
 2.922800000000e-09  4.279009374391e-01 
 2.932800000000e-09  3.770966801443e-01 
 2.942800000000e-09  2.850620404822e-01 
 2.952800000000e-09  1.631534300504e-01 
 2.962800000000e-09  2.293046851728e-02 
 2.972800000000e-09 -1.229670262134e-01 
 2.982800000000e-09 -2.582018609363e-01 
 2.992800000000e-09 -3.645200790828e-01 
 3.002800000000e-09 -4.265620292035e-01 
 3.012800000000e-09 -4.367958939275e-01 
 3.022800000000e-09 -3.959857131648e-01 
 3.032800000000e-09 -3.113611882943e-01 
 3.042800000000e-09 -1.939830004087e-01 
 3.052800000000e-09 -5.562835531844e-02 
 3.062800000000e-09  9.152957388679e-02 
 3.072800000000e-09  2.319082892688e-01 
 3.082800000000e-09  3.471367210412e-01 
 3.092800000000e-09  4.205627579276e-01 
 3.102800000000e-09  4.426085771096e-01 
 3.112800000000e-09  4.123805886628e-01 
 3.122800000000e-09  3.359479003253e-01 
 3.132800000000e-09  2.238887471202e-01 
 3.142800000000e-09  8.819054618130e-02 
 3.152800000000e-09 -5.926433049512e-02 
 3.162800000000e-09 -2.037284558105e-01 
 3.172800000000e-09 -3.269827572637e-01 
 3.182800000000e-09 -4.113733028361e-01 
 3.192800000000e-09 -4.453199586991e-01 
 3.202800000000e-09 -4.261603687494e-01 
 3.212800000000e-09 -3.586406220153e-01 
 3.222800000000e-09 -2.526917684209e-01 
 3.232800000000e-09 -1.203945579532e-01 
 3.242800000000e-09  2.646858957675e-02 
 3.252800000000e-09  1.739748196304e-01 
 3.262800000000e-09  3.043079247645e-01 
 3.272800000000e-09  3.991120960837e-01 
 3.282800000000e-09  4.449386065369e-01 
 3.292800000000e-09  4.372367000404e-01 
 3.302800000000e-09  3.792968503184e-01 
 3.312800000000e-09  2.802401860076e-01 
 3.322800000000e-09  1.520575994982e-01 
 3.332800000000e-09  6.604256561061e-03 
 3.342800000000e-09 -1.429338815120e-01 
 3.352800000000e-09 -2.793700158483e-01 
 3.362800000000e-09 -3.839276309335e-01 
 3.372800000000e-09 -4.415012680006e-01 
 3.382800000000e-09 -4.455499526586e-01 
 3.392800000000e-09 -3.977948355170e-01 
 3.402800000000e-09 -3.063765142046e-01 
 3.412800000000e-09 -1.830004235918e-01 
 3.422800000000e-09 -3.971124910330e-02 
 3.432800000000e-09  1.108968801375e-01 
 3.442800000000e-09  2.524418829730e-01 
 3.452800000000e-09  3.660082992345e-01 
 3.462800000000e-09  4.350868535501e-01 
 3.472800000000e-09  4.510644177783e-01 
 3.482800000000e-09  4.140156101511e-01 
 3.492800000000e-09  3.309262987985e-01 
 3.502800000000e-09  2.130383587032e-01 
 3.512800000000e-09  7.261173482701e-02 
 3.522800000000e-09 -7.816687939152e-02 
 3.532800000000e-09 -2.238239523141e-01 
 3.542800000000e-09 -3.455643911246e-01 
 3.552800000000e-09 -4.257660664745e-01 
 3.562800000000e-09 -4.537428572147e-01 
 3.572800000000e-09 -4.278360893755e-01 
 3.582800000000e-09 -3.537202268172e-01 
 3.592800000000e-09 -2.420157635920e-01 
 3.602800000000e-09 -1.051106913267e-01 
 3.612800000000e-09  4.500947279910e-02 
 3.622800000000e-09  1.937897216044e-01 
 3.632800000000e-09  3.227998725051e-01 
 3.642800000000e-09  4.136119519559e-01 
 3.652800000000e-09  4.535613483391e-01 
 3.662800000000e-09  4.391521919222e-01 
 3.672800000000e-09  3.746166143604e-01 
 3.682800000000e-09  2.698003119350e-01 
 3.692800000000e-09  1.370557002356e-01 
 3.702800000000e-09 -1.163957918498e-02 
 3.712800000000e-09 -1.625759741877e-01 
 3.722800000000e-09 -2.979115224746e-01 
 3.732800000000e-09 -3.987128182974e-01 
 3.742800000000e-09 -4.505217909457e-01 
 3.752800000000e-09 -4.478858924527e-01 
 3.762800000000e-09 -3.934977068803e-01 
 3.772800000000e-09 -2.962643259900e-01 
 3.782800000000e-09 -1.683065974674e-01 
 3.792800000000e-09 -2.174696136375e-02 
 3.802800000000e-09  1.304147664682e-01 
 3.812800000000e-09  2.711195616234e-01 
 3.822800000000e-09  3.811977599961e-01 
 3.832800000000e-09  4.446495959997e-01 
 3.842800000000e-09  4.539831652156e-01 
 3.852800000000e-09  4.102473584362e-01 
 3.862800000000e-09  3.212472064029e-01 
 3.872800000000e-09  1.987023347012e-01 
 3.882800000000e-09  5.494277242626e-02 
 3.892800000000e-09 -9.756028611300e-02 
 3.902800000000e-09 -2.426649387527e-01 
 3.912800000000e-09 -3.612346083407e-01 
 3.922800000000e-09 -4.360074513750e-01 
 3.932800000000e-09 -4.573926273817e-01 
 3.942800000000e-09 -4.247397658143e-01 
 3.952800000000e-09 -3.445889052193e-01 
 3.962800000000e-09 -2.280939098293e-01 
 3.972800000000e-09 -8.775665899197e-02 
 3.982800000000e-09  6.427055950510e-02 
 3.992800000000e-09  2.128123367755e-01 
 4.002800000000e-09  3.390107514656e-01 
 4.012800000000e-09  4.246490867463e-01 
 4.022800000000e-09  4.580775870204e-01 
 4.032800000000e-09  4.368618131823e-01 
 4.042800000000e-09  3.661402124398e-01 
 4.052800000000e-09  2.563518677493e-01 
 4.062800000000e-09  1.200384568484e-01 
 4.072800000000e-09 -3.075774384667e-02 
 4.082800000000e-09 -1.817875011438e-01 
 4.092800000000e-09 -3.146989781254e-01 
 4.102800000000e-09 -4.106299143806e-01 
 4.112800000000e-09 -4.560128090482e-01 
 4.122800000000e-09 -4.465210133992e-01 
 4.132800000000e-09 -3.857800598159e-01 
 4.142800000000e-09 -2.833610542023e-01 
 4.152800000000e-09 -1.516643910638e-01 
 4.162800000000e-09 -2.800475507612e-03 
 4.172800000000e-09  1.497939084465e-01 
 4.182800000000e-09  2.884795801444e-01 
 4.192800000000e-09  3.940313110326e-01 
 4.202800000000e-09  4.511918009829e-01 
 4.212800000000e-09  4.536393728473e-01 
 4.222800000000e-09  4.033907101522e-01 
 4.232800000000e-09  3.089865056521e-01 
 4.242800000000e-09  1.825008975470e-01 
 4.252800000000e-09  3.622667397406e-02 
 4.262800000000e-09 -1.170456609362e-01 
 4.272800000000e-09 -2.605528599940e-01 
 4.282800000000e-09 -3.749836256637e-01 
 4.292800000000e-09 -4.436570909433e-01 
 4.302800000000e-09 -4.581646792690e-01 
 4.312800000000e-09 -4.188548882024e-01 
 4.322800000000e-09 -3.330727177781e-01 
 4.332800000000e-09 -2.123988840220e-01 
 4.342800000000e-09 -6.933008913631e-02 
 4.352800000000e-09  8.378854294975e-02 
 4.362800000000e-09  2.311664693085e-01 
 4.372800000000e-09  3.536562081454e-01 
 4.382800000000e-09  4.334529632412e-01 
 4.392800000000e-09  4.600474324199e-01 
 4.402800000000e-09  4.320501110175e-01 
 4.412800000000e-09  3.554640005514e-01 
 4.422800000000e-09  2.412268982713e-01 
 4.432800000000e-09  1.019506666181e-01 
 4.442800000000e-09 -5.024716691107e-02 
 4.452800000000e-09 -2.005526783000e-01 
 4.462800000000e-09 -3.302170052849e-01 
 4.472800000000e-09 -4.206244020052e-01 
 4.482800000000e-09 -4.592486498118e-01 
 4.492800000000e-09 -4.428702051615e-01 
 4.502800000000e-09 -3.760281884357e-01 
 4.512800000000e-09 -2.688702317346e-01 
 4.522800000000e-09 -1.339628610955e-01 
 4.532800000000e-09  1.660327427586e-02 
 4.542800000000e-09  1.689113322083e-01 
 4.552800000000e-09  3.048255047688e-01 
 4.562800000000e-09  4.052241410617e-01 
 4.572800000000e-09  4.557464147323e-01 
 4.582800000000e-09  4.512294355531e-01 
 4.592800000000e-09  3.946514110532e-01 
 4.602800000000e-09  2.952128479230e-01 
 4.612800000000e-09  1.652492949064e-01 
 4.622800000000e-09  1.697897397965e-02 
 4.632800000000e-09 -1.364358158291e-01 
 4.642800000000e-09 -2.776624588503e-01 
 4.652800000000e-09 -3.873443472921e-01 
 4.662800000000e-09 -4.495412089901e-01 
 4.672800000000e-09 -4.570530607222e-01 
 4.682800000000e-09 -4.112125750355e-01 
 4.692800000000e-09 -3.201101235858e-01 
 4.702800000000e-09 -1.956740631975e-01 
 4.712800000000e-09 -5.032498181302e-02 
 4.722800000000e-09  1.033424826191e-01 
 4.732800000000e-09  2.489336225754e-01 
 4.742800000000e-09  3.671249833177e-01 
 4.752800000000e-09  4.406793140535e-01 
 4.762800000000e-09  4.602905394074e-01 
 4.772800000000e-09  4.255919406174e-01 
 4.782800000000e-09  3.434057096870e-01 
 4.792800000000e-09  2.250954238706e-01 
 4.802800000000e-09  8.325788247109e-02 
 4.812800000000e-09 -6.986734216814e-02 
 4.822800000000e-09 -2.188809581612e-01 
 4.832800000000e-09 -3.447341190125e-01 
 4.842800000000e-09 -4.292010712071e-01 
 4.852800000000e-09 -4.608944505380e-01 
 4.862800000000e-09 -4.376724903356e-01 
 4.872800000000e-09 -3.649548491391e-01 
 4.882800000000e-09 -2.533953330845e-01 
 4.892800000000e-09 -1.156397841014e-01 
 4.902800000000e-09  3.621124715806e-02 
 4.912800000000e-09  1.877174567863e-01 
 4.922800000000e-09  3.203299156362e-01 
 4.932800000000e-09  4.151474055358e-01 
 4.942800000000e-09  4.588291044029e-01 
 4.952800000000e-09  4.473563870444e-01 
 4.962800000000e-09  3.846365481043e-01 
 4.972800000000e-09  2.804639249262e-01 
 4.982800000000e-09  1.473566705126e-01 
 4.992800000000e-09 -2.538504930632e-03 
 5.002800000000e-09 -1.556294145313e-01 
 5.012800000000e-09 -2.940723969166e-01 
 5.022800000000e-09 -3.985776147546e-01 
 5.032800000000e-09 -4.540727323016e-01 
 5.042800000000e-09 -4.545556025110e-01 
 5.052800000000e-09 -4.023326373717e-01 
 5.062800000000e-09 -3.061770804188e-01 
 5.072800000000e-09 -1.782897153184e-01 
 5.082800000000e-09 -3.099191551542e-02 
 5.092800000000e-09  1.228080509032e-01 
 5.102800000000e-09  2.661389271561e-01 
 5.112800000000e-09  3.796011896873e-01 
 5.122800000000e-09  4.466550359245e-01 
 5.132800000000e-09  4.592201487718e-01 
 5.142800000000e-09  4.179311039428e-01 
 5.152800000000e-09  3.303797970426e-01 
 5.162800000000e-09  2.082939975897e-01 
 5.172800000000e-09  6.419608739514e-02 
 5.182800000000e-09 -8.948763100050e-02 
 5.192800000000e-09 -2.367645030391e-01 
 5.202800000000e-09 -3.583755999781e-01 
 5.212800000000e-09 -4.366126490316e-01 
 5.222800000000e-09 -4.612864205373e-01 
 5.232800000000e-09 -4.313020654662e-01 
 5.242800000000e-09 -3.529208458969e-01 
 5.252800000000e-09 -2.372425242615e-01 
 5.262800000000e-09 -9.691870365904e-02 
 5.272800000000e-09  5.588667579677e-02 
 5.282800000000e-09  2.061746584957e-01 
 5.292800000000e-09  3.350619457890e-01 
 5.302800000000e-09  4.239855840684e-01 
 5.312800000000e-09  4.607144170351e-01 
 5.322800000000e-09  4.423386895106e-01 
 5.332800000000e-09  3.736658608398e-01 
 5.342800000000e-09  2.650222938064e-01 
 5.352800000000e-09  1.290360591912e-01 
 5.362800000000e-09 -2.218503824640e-02 
 5.372800000000e-09 -1.745651274602e-01 
 5.382800000000e-09 -3.098120020932e-01 
 5.392800000000e-09 -4.088163408582e-01 
 5.402800000000e-09 -4.574742513768e-01 
 5.412800000000e-09 -4.509507297854e-01 
 5.422800000000e-09 -3.925005251387e-01 
 5.432800000000e-09 -2.915224046237e-01 
 5.442800000000e-09 -1.604370747226e-01 
 5.452800000000e-09 -1.145997876769e-02 
 5.462800000000e-09  1.421194767337e-01 
 5.472800000000e-09  2.827934828472e-01 
 5.482800000000e-09  3.911816899617e-01 
 5.492800000000e-09  4.515561677433e-01 
 5.502800000000e-09  4.570585175737e-01 
 5.512800000000e-09  4.093048819013e-01 
 5.522800000000e-09  3.166045073123e-01 
 5.532800000000e-09  1.909930359687e-01 
 5.542800000000e-09  4.488225545936e-02 
 5.552800000000e-09 -1.090418830913e-01 
 5.562800000000e-09 -2.541996221411e-01 
 5.572800000000e-09 -3.712098713922e-01 
 5.582800000000e-09 -4.429997615783e-01 
 5.592800000000e-09 -4.606079667398e-01 
 5.602800000000e-09 -4.239593958905e-01 
 5.612800000000e-09 -3.401142263351e-01 
 5.622800000000e-09 -2.205638457981e-01 
 5.632800000000e-09 -7.790635860733e-02 
 5.642800000000e-09  7.556440525998e-02 
 5.652800000000e-09  2.242674021391e-01 
 5.662800000000e-09  3.490638345283e-01 
 5.672800000000e-09  4.318428901935e-01 
 5.682800000000e-09  4.615488793874e-01 
 5.692800000000e-09  4.363447369833e-01 
 5.702800000000e-09  3.619044552611e-01 
 5.712800000000e-09  2.490301246464e-01 
 5.722800000000e-09  1.103915012088e-01 
 5.732800000000e-09 -4.189080627128e-02 
 5.742800000000e-09 -1.932110321457e-01 
 5.752800000000e-09 -3.248999975979e-01 
 5.762800000000e-09 -4.181232987294e-01 
 5.772800000000e-09 -4.598417463315e-01 
 5.782800000000e-09 -4.463595069169e-01 
 5.792800000000e-09 -3.818516409348e-01 
 5.802800000000e-09 -2.762832396753e-01 
 5.812800000000e-09 -1.422241248312e-01 
 5.822800000000e-09  8.186017061862e-03 
 5.832800000000e-09  1.612153862927e-01 
 5.842800000000e-09  2.988702130359e-01 
 5.852800000000e-09  4.018930869377e-01 
 5.862800000000e-09  4.554662178173e-01 
 5.872800000000e-09  4.539177297379e-01 
 5.882800000000e-09  3.998420501644e-01 
 5.892800000000e-09  3.022061337633e-01 
 5.902800000000e-09  1.732900968739e-01 
 5.912800000000e-09  2.539339854464e-02 
 5.922800000000e-09 -1.284684436979e-01 
 5.932800000000e-09 -2.711552709810e-01 
 5.942800000000e-09 -3.832501895371e-01 
 5.952800000000e-09 -4.484257269942e-01 
 5.962800000000e-09 -4.589538519692e-01 
 5.972800000000e-09 -4.157562414403e-01 
 5.982800000000e-09 -3.266443020508e-01 
 5.992800000000e-09 -2.034490371520e-01 
 6.002800000000e-09 -5.867258356318e-02 
 6.012800000000e-09  9.518810349723e-02 
 6.022800000000e-09  2.419628751786e-01 
 6.032800000000e-09  3.623377490279e-01 
 6.042800000000e-09  4.387659646038e-01 
 6.052800000000e-09  4.614084581653e-01 
 6.062800000000e-09  4.294684537441e-01 
 6.072800000000e-09  3.494475820561e-01 
 6.082800000000e-09  2.325715146427e-01 
 6.092800000000e-09  9.148950249005e-02 
 6.102800000000e-09 -6.160068005377e-02 
 6.112800000000e-09 -2.115288946257e-01 
 6.122800000000e-09 -3.393213555734e-01 
 6.132800000000e-09 -4.265250456818e-01 
 6.142800000000e-09 -4.612393139795e-01 
 6.152800000000e-09 -4.408685201278e-01 
 6.162800000000e-09 -3.704777990580e-01 
 6.172800000000e-09 -2.605426811206e-01 
 6.182800000000e-09 -1.237166458459e-01 
 6.192800000000e-09  2.789105731284e-02 
 6.202800000000e-09  1.800523355671e-01 
 6.212800000000e-09  3.143520907579e-01 
 6.222800000000e-09  4.117417687610e-01 
 6.232800000000e-09  4.584125362658e-01 
 6.242800000000e-09  4.498629280390e-01 
 6.252800000000e-09  3.896190339419e-01 
 6.262800000000e-09  2.872542751524e-01 
 6.272800000000e-09  1.552446236484e-01 
 6.282800000000e-09  5.783855053836e-03 
 6.292800000000e-09 -1.477143183575e-01 
 6.302800000000e-09 -2.875912218992e-01 
 6.312800000000e-09 -3.944828954594e-01 
 6.322800000000e-09 -4.529116688911e-01 
 6.332800000000e-09 -4.563689113136e-01 
 6.342800000000e-09 -4.067527255177e-01 
 6.352800000000e-09 -3.125733986140e-01 
 6.362800000000e-09 -1.859493170271e-01 
 6.372800000000e-09 -3.926218717138e-02 
 6.382800000000e-09  1.147118711421e-01 
 6.392800000000e-09  2.592238758503e-01 
 6.402800000000e-09  3.748678927936e-01 
 6.412800000000e-09  4.447714319281e-01 
 6.422800000000e-09  4.603299258149e-01 
 6.432800000000e-09  4.217600461094e-01 
 6.442800000000e-09  3.363473629513e-01 
 6.452800000000e-09  2.156907233574e-01 
 6.462800000000e-09  7.236749641535e-02 
 6.472800000000e-09 -8.127566133238e-02 
 6.482800000000e-09 -2.294844229868e-01 
 6.492800000000e-09 -3.530564542417e-01 
 6.502800000000e-09 -4.340288152149e-01 
 6.512800000000e-09 -4.616938854862e-01 
 6.522800000000e-09 -4.345196466698e-01 
 6.532800000000e-09 -3.584260597858e-01 
 6.542800000000e-09 -2.443463197747e-01 
 6.552800000000e-09 -1.049533727963e-01 
 6.562800000000e-09  4.761518070991e-02 
 6.572800000000e-09  1.985911836248e-01 
 6.582800000000e-09  3.292060824309e-01 
 6.592800000000e-09  4.207212348010e-01 
 6.602800000000e-09  4.604190116004e-01 
 6.612800000000e-09  4.449267751608e-01 
 6.622800000000e-09  3.786822910821e-01 
 6.632800000000e-09  2.718067933238e-01 
 6.642800000000e-09  1.369037308332e-01 
 6.652800000000e-09 -1.389966248746e-02 
 6.662800000000e-09 -1.667315973244e-01 
 6.672800000000e-09 -3.034667684838e-01 
 6.682800000000e-09 -4.048950054168e-01 
 6.692800000000e-09 -4.564800028112e-01 
 6.702800000000e-09 -4.528950382636e-01 
 6.712800000000e-09 -3.970033402655e-01 
 6.722800000000e-09 -2.979571160678e-01 
 6.732800000000e-09 -1.681058155639e-01 
 6.742800000000e-09 -1.971459966560e-02 
 6.752800000000e-09  1.340908638857e-01 
 6.762800000000e-09  2.760131199492e-01 
 6.772800000000e-09  3.866387001911e-01 
 6.782800000000e-09  4.498743169536e-01 
 6.792800000000e-09  4.583477542065e-01 
 6.802800000000e-09  4.132666397959e-01 
 6.812800000000e-09  3.226522276579e-01 
 6.822800000000e-09  1.984260889307e-01 
 6.832800000000e-09  5.305902566021e-02 
 6.842800000000e-09 -1.008782767380e-01 
 6.852800000000e-09 -2.470445759659e-01 
 6.862800000000e-09 -3.660882546844e-01 
 6.872800000000e-09 -4.406450546075e-01 
 6.882800000000e-09 -4.612330175472e-01 
 6.892800000000e-09 -4.273523884154e-01 
 6.902800000000e-09 -3.457381240437e-01 
 6.912800000000e-09 -2.277309214157e-01 
 6.922800000000e-09 -8.596530745223e-02 
 6.932800000000e-09  6.732460568602e-02 
 6.942800000000e-09  2.167994302620e-01 
 6.952800000000e-09  3.434092665131e-01 
 6.962800000000e-09  4.288303976568e-01 
 6.972800000000e-09  4.615032492635e-01 
 6.982800000000e-09  4.391447504577e-01 
 6.992800000000e-09  3.670728082950e-01 
 7.002800000000e-09  2.559024121865e-01 
 7.012800000000e-09  1.183004193048e-01 
 7.022800000000e-09 -3.362148647407e-02 
 7.032800000000e-09 -1.854817221668e-01 
 7.042800000000e-09 -3.187539609513e-01 
 7.052800000000e-09 -4.144674846764e-01 
 7.062800000000e-09 -4.591216640442e-01 
 7.072800000000e-09 -4.485470594251e-01 
 7.082800000000e-09 -3.865379738686e-01 
 7.092800000000e-09 -2.828336952060e-01 
 7.102800000000e-09 -1.499548562679e-01 
 7.112800000000e-09 -7.228002341320e-05 
 7.122800000000e-09  1.532726892302e-01 
 7.132800000000e-09  2.922793843684e-01 
 7.142800000000e-09  3.976149354940e-01 
 7.152800000000e-09  4.540661440051e-01 
 7.162800000000e-09  4.554710620902e-01 
 7.172800000000e-09  4.040148343190e-01 
 7.182800000000e-09  3.083992498954e-01 
 7.192800000000e-09  1.808104147853e-01 
 7.202800000000e-09  3.360003455992e-02 
 7.212800000000e-09 -1.203617055121e-01 
 7.222800000000e-09 -2.641620105079e-01 
 7.232800000000e-09 -3.783828279497e-01 
 7.242800000000e-09 -4.463663746040e-01 
 7.252800000000e-09 -4.598668611794e-01 
 7.262800000000e-09 -4.193910226852e-01 
 7.272800000000e-09 -3.324438113987e-01 
 7.282800000000e-09 -2.107237629145e-01 
 7.292800000000e-09 -6.678073920254e-02 
 7.302800000000e-09  8.698104158791e-02 
 7.312800000000e-09  2.346357474364e-01 
 7.322800000000e-09  3.569285232525e-01 
 7.332800000000e-09  4.360583137281e-01 
 7.342800000000e-09  4.616708351997e-01 
 7.352800000000e-09  4.325368906225e-01 
 7.362800000000e-09  3.548178293259e-01 
 7.372800000000e-09  2.395708818562e-01 
 7.382800000000e-09  9.946401675641e-02 
 7.392800000000e-09 -5.334417143695e-02 
 7.402800000000e-09 -2.039218295264e-01 
 7.412800000000e-09 -3.334104025344e-01 
 7.422800000000e-09 -4.231800309440e-01 
 7.432800000000e-09 -4.608430120403e-01 
 7.442800000000e-09 -4.433471272032e-01 
 7.452800000000e-09 -3.753895143509e-01 
 7.462800000000e-09 -2.672407433962e-01 
 7.472800000000e-09 -1.315298098736e-01 
 7.482800000000e-09  1.962609413964e-02 
 7.492800000000e-09  1.722117450275e-01 
 7.502800000000e-09  3.079780691862e-01 
 7.512800000000e-09  4.077736803941e-01 
 7.522800000000e-09  4.573539918922e-01 
 7.532800000000e-09  4.517324107163e-01 
 7.542800000000e-09  3.940453685376e-01 
 7.552800000000e-09  2.936218092720e-01 
 7.562800000000e-09  1.628676221453e-01 
 7.572800000000e-09  1.401769872906e-02 
 7.582800000000e-09 -1.396878754069e-01 
 7.592800000000e-09 -2.807998641948e-01 
 7.602800000000e-09 -3.899184439172e-01 
 7.612800000000e-09 -4.511954554454e-01 
 7.622800000000e-09 -4.576135822732e-01 
 7.632800000000e-09 -4.106645632830e-01 
 7.642800000000e-09 -3.185738148730e-01 
 7.652800000000e-09 -1.933480913495e-01 
 7.662800000000e-09 -4.742129514644e-02 
 7.672800000000e-09  1.065551532366e-01 
 7.682800000000e-09  2.520702587972e-01 
 7.692800000000e-09  3.697444599313e-01 
 7.702800000000e-09  4.424077850949e-01 
 7.712800000000e-09  4.609370179396e-01 
 7.722800000000e-09  4.251273154541e-01 
 7.732800000000e-09  3.419424510270e-01 
 7.742800000000e-09  2.228324539219e-01 
 7.752800000000e-09  8.041169075634e-02 
 7.762800000000e-09 -7.304396763541e-02 
 7.772800000000e-09 -2.220252866093e-01 
 7.782800000000e-09 -3.474144909118e-01 
 7.792800000000e-09 -4.310281648992e-01 
 7.802800000000e-09 -4.616529332879e-01 
 7.812800000000e-09 -4.373153528504e-01 
 7.822800000000e-09 -3.635825837170e-01 
 7.832800000000e-09 -2.512035100536e-01 
 7.842800000000e-09 -1.128518128555e-01 
 7.852800000000e-09  3.935395655694e-02 
 7.862800000000e-09  1.908757648831e-01 
 7.872800000000e-09  3.230832401655e-01 
 7.882800000000e-09  4.170936813700e-01 
 7.892800000000e-09  4.597223955572e-01 
 7.902800000000e-09  4.471286849425e-01 
 7.912800000000e-09  3.833724500761e-01 
 7.922800000000e-09  2.783531541044e-01 
 7.932800000000e-09  1.446297495856e-01 
 7.942800000000e-09 -5.647324880813e-03 
 7.952800000000e-09 -1.588045064296e-01 
 7.962800000000e-09 -2.969025289312e-01 
 7.972800000000e-09 -4.006583134615e-01 
 7.982800000000e-09 -4.551267075097e-01 
 7.992800000000e-09 -4.544823837241e-01 
 8.002800000000e-09 -4.011983423693e-01 
 8.012800000000e-09 -3.041626610128e-01 
 8.022800000000e-09 -1.756304611328e-01 
 8.032800000000e-09 -2.791916069385e-02 
 8.042800000000e-09  1.260006375114e-01 
 8.052800000000e-09  2.690555657843e-01 
 8.062800000000e-09  3.818235677669e-01 
 8.072800000000e-09  4.478712794663e-01 
 8.082800000000e-09  4.593116174672e-01 
 8.092800000000e-09  4.169397583326e-01 
 8.102800000000e-09  3.284757043566e-01 
 8.112800000000e-09  2.057128948166e-01 
 8.122800000000e-09  6.117065848037e-02 
 8.132800000000e-09 -9.268306020325e-02 
 8.142800000000e-09 -2.397512835054e-01 
 8.152800000000e-09 -3.607340709027e-01 
 8.162800000000e-09 -4.380021812161e-01 
 8.172800000000e-09 -4.615574993299e-01 
 8.182800000000e-09 -4.304713692624e-01 
 8.192800000000e-09 -3.511430747634e-01 
 8.202800000000e-09 -2.347493235919e-01 
 8.212800000000e-09 -9.394796767328e-02 
 8.222800000000e-09  5.907573048432e-02 
 8.232800000000e-09  2.092239820871e-01 
 8.242800000000e-09  3.375549013492e-01 
 8.252800000000e-09  4.255570354532e-01 
 8.262800000000e-09  4.611784841655e-01 
 8.272800000000e-09  4.416844351993e-01 
 8.282800000000e-09  3.720286970978e-01 
 8.292800000000e-09  2.626264077345e-01 
 8.302800000000e-09  1.261263284512e-01 
 8.312800000000e-09 -2.536004444899e-02 
 8.322800000000e-09 -1.776699270213e-01 
 8.332800000000e-09 -3.124362775901e-01 
 8.342800000000e-09 -4.105752434386e-01 
 8.352800000000e-09 -4.581418579413e-01 
 8.362800000000e-09 -4.504867215935e-01 
 8.372800000000e-09 -3.910175684839e-01 
 8.382800000000e-09 -2.892351324956e-01 
 8.392800000000e-09 -1.575963817362e-01 
 8.402800000000e-09 -8.308012752517e-03 
 8.412800000000e-09  1.452700494124e-01 
 8.422800000000e-09  2.855411177759e-01 
 8.432800000000e-09  3.931269326501e-01 
 8.442800000000e-09  4.524334026216e-01 
 8.452800000000e-09  4.567964705336e-01 
 8.462800000000e-09  4.079904892051e-01 
 8.472800000000e-09  3.144404082755e-01 
 8.482800000000e-09  1.882325355923e-01 
 8.492800000000e-09  4.176554937692e-02 
 8.502800000000e-09 -1.122235371801e-01 
 8.512800000000e-09 -2.570572513522e-01 
 8.522800000000e-09 -3.733348267060e-01 
 8.532800000000e-09 -4.440896081596e-01 
 8.542800000000e-09 -4.605579966300e-01 
 8.552800000000e-09 -4.228282232422e-01 
 8.562800000000e-09 -3.380888714951e-01 
 8.572800000000e-09 -2.178950628114e-01 
 8.582800000000e-09 -7.483708239424e-02 
 8.592800000000e-09  7.876109080323e-02 
 8.602800000000e-09  2.272196526660e-01 
 8.612800000000e-09  3.513596187736e-01 
 8.622800000000e-09  4.331475040814e-01 
 8.632800000000e-09  4.617198674925e-01 
 8.642800000000e-09  4.354102767598e-01 
 8.652800000000e-09  3.600318927691e-01 
 8.662800000000e-09  2.464631827022e-01 
 8.672800000000e-09  1.073792004478e-01 
 8.682800000000e-09 -4.508913614757e-02 
 8.692800000000e-09 -1.962443028028e-01 
 8.702800000000e-09 -3.273578646366e-01 
 8.712800000000e-09 -4.196442248286e-01 
 8.722800000000e-09 -4.602410840178e-01 
 8.732800000000e-09 -4.456333546833e-01 
 8.742800000000e-09 -3.801440551165e-01 
 8.752800000000e-09 -2.738281835085e-01 
 8.762800000000e-09 -1.392774143932e-01 
 8.772800000000e-09  1.137441015855e-02 
 8.782800000000e-09  1.643168577264e-01 
 8.792800000000e-09  3.014797479988e-01 
 8.802800000000e-09  4.036280410282e-01 
 8.812800000000e-09  4.560981629115e-01 
 8.822800000000e-09  4.534094922050e-01 
 8.832800000000e-09  3.983112553982e-01 
 8.842800000000e-09  2.998752625454e-01 
 8.852800000000e-09  1.704195961573e-01 
 8.862800000000e-09  2.222820690164e-02 
 8.872800000000e-09 -1.316221219806e-01 
 8.882800000000e-09 -2.739011885443e-01 
 8.892800000000e-09 -3.851906280201e-01 
 8.902800000000e-09 -4.492906487196e-01 
 8.912800000000e-09 -4.586717309623e-01 
 8.922800000000e-09 -4.144157458688e-01 
 8.932800000000e-09 -3.244531084307e-01 
 8.942800000000e-09 -2.006675715871e-01 
 8.952800000000e-09 -5.554556448225e-02 
 8.962800000000e-09  9.837491290054e-02 
 8.972800000000e-09  2.448267671523e-01 
 8.982800000000e-09  3.644721478763e-01 
 8.992800000000e-09  4.398632090311e-01 
 9.002800000000e-09  4.613596805246e-01 
 9.012800000000e-09  4.283311025133e-01 
 9.022800000000e-09  3.474107999297e-01 
 9.032800000000e-09  2.298905614319e-01 
 9.042800000000e-09  8.841335679009e-02 
 9.052800000000e-09 -6.480285572735e-02 
 9.062800000000e-09 -2.144927038354e-01 
 9.072800000000e-09 -3.416375145125e-01 
 9.082800000000e-09 -4.278536660240e-01 
 9.092800000000e-09 -4.614298395713e-01 
 9.102800000000e-09 -4.399454450655e-01 
 9.112800000000e-09 -3.686078485689e-01 
 9.122800000000e-09 -2.579721515528e-01 
 9.132800000000e-09 -1.207011878286e-01 
 9.142800000000e-09  3.109438674236e-02 
 9.152800000000e-09  1.831005547079e-01 
 9.162800000000e-09  3.168381348439e-01 
 9.172800000000e-09  4.132995273671e-01 
 9.182800000000e-09  4.588464799074e-01 
 9.192800000000e-09  4.491634603801e-01 
 9.202800000000e-09  3.879271365851e-01 
 9.212800000000e-09  2.848050956875e-01 
 9.222800000000e-09  1.522999308089e-01 
 9.232800000000e-09  2.592910784071e-03 
 9.242800000000e-09 -1.508311121996e-01 
 9.252800000000e-09 -2.902325973245e-01 
 9.262800000000e-09 -3.962627497011e-01 
 9.272800000000e-09 -4.535898539064e-01 
 9.282800000000e-09 -4.559008215607e-01 
 9.292800000000e-09 -4.052507729796e-01 
 9.302800000000e-09 -3.102594201375e-01 
 9.312800000000e-09 -1.830877945699e-01 
 9.322800000000e-09 -3.609914340655e-02 
 9.332800000000e-09  1.178778910625e-01 
 9.342800000000e-09  2.620017686997e-01 
 9.352800000000e-09  3.768578619003e-01 
 9.362800000000e-09  4.456918347240e-01 
 9.372800000000e-09  4.600996327618e-01 
 9.382800000000e-09  4.204605142972e-01 
 9.392800000000e-09  3.341837233616e-01 
 9.402800000000e-09  2.129250796401e-01 
 9.412800000000e-09  6.924755793319e-02 
 9.422800000000e-09 -8.447046808890e-02 
 9.432800000000e-09 -2.323782874578e-01 
 9.442800000000e-09 -3.552425341218e-01 
 9.452800000000e-09 -4.351889022162e-01 
 9.462800000000e-09 -4.617068295514e-01 
 9.472800000000e-09 -4.334340668444e-01 
 9.482800000000e-09 -3.564263574146e-01 
 9.492800000000e-09 -2.416873684981e-01 
 9.502800000000e-09 -1.018884315580e-01 
 9.512800000000e-09  5.082152487402e-02 
 9.522800000000e-09  2.015827626241e-01 
 9.532800000000e-09  3.315749801131e-01 
 9.542800000000e-09  4.221185921033e-01 
 9.552800000000e-09  4.606795235239e-01 
 9.562800000000e-09  4.440648174584e-01 
 9.572800000000e-09  3.768578948992e-01 
 9.582800000000e-09  2.692645550540e-01 
 9.592800000000e-09  1.339036938583e-01 
 9.602800000000e-09 -1.710330394999e-02 
 9.612800000000e-09 -1.698047099769e-01 
 9.622800000000e-09 -3.060048121228e-01 
 9.632800000000e-09 -4.065247176656e-01 
 9.642800000000e-09 -4.569900348948e-01 
 9.652800000000e-09 -4.522647161905e-01 
 9.662800000000e-09 -3.953652353432e-01 
 9.672800000000e-09 -2.955436387382e-01 
 9.682800000000e-09 -1.651819800451e-01 
 9.692800000000e-09 -1.652854588897e-02 
 9.702800000000e-09  1.372274976480e-01 
 9.712800000000e-09  2.787029098203e-01 
 9.722800000000e-09  3.884904344562e-01 
 9.732800000000e-09  4.506325103743e-01 
 9.742800000000e-09  4.579556763172e-01 
 9.752800000000e-09  4.118268155473e-01 
 9.762800000000e-09  3.203822491050e-01 
 9.772800000000e-09  1.955925014996e-01 
 9.782800000000e-09  4.990700102558e-02 
 9.792800000000e-09 -1.040584294071e-01 
 9.802800000000e-09 -2.498664972476e-01 
 9.812800000000e-09 -3.681489305393e-01 
 9.822800000000e-09 -4.416488967720e-01 
 9.832800000000e-09 -4.610849669428e-01 
 9.842800000000e-09 -4.261227293577e-01 
 9.852800000000e-09 -3.436259089870e-01 
 9.862800000000e-09 -2.249971504961e-01 
 9.872800000000e-09 -8.286049330179e-02 
 9.882800000000e-09  7.052726451188e-02 
 9.892800000000e-09  2.197315764095e-01 
 9.902800000000e-09  3.456634630005e-01 
 9.912800000000e-09  4.300762202969e-01 
 9.922800000000e-09  4.616034833018e-01 
 9.932800000000e-09  4.381358259833e-01 
 9.942800000000e-09  3.651312213823e-01 
 9.952800000000e-09  2.532803347968e-01 
 9.962800000000e-09  1.152547707933e-01 
 9.972800000000e-09 -3.683050569751e-02 
 9.982800000000e-09 -1.885065850927e-01 
 9.992800000000e-09 -3.211879564486e-01 
 1.000000000000e-08 -3.945061200931e-01 
