 1.628000000000e-10  2.408648234727e-02 
 1.728000000000e-10  1.502281715402e-02 
 1.828000000000e-10  3.962515322417e-03 
 1.928000000000e-10 -7.891154117524e-03 
 2.028000000000e-10 -1.920633131790e-02 
 2.128000000000e-10 -2.866726452329e-02 
 2.228000000000e-10 -3.512957824154e-02 
 2.328000000000e-10 -3.775885378825e-02 
 2.428000000000e-10 -3.613984453905e-02 
 2.528000000000e-10 -3.033210552119e-02 
 2.628000000000e-10 -2.087669265457e-02 
 2.728000000000e-10 -8.744339934576e-03 
 2.828000000000e-10  4.759691090863e-03 
 2.928000000000e-10  1.813276820622e-02 
 3.028000000000e-10  2.983468371670e-02 
 3.128000000000e-10  3.846945164360e-02 
 3.228000000000e-10  4.295390573189e-02 
 3.328000000000e-10  4.265111022924e-02 
 3.428000000000e-10  3.745502835394e-02 
 3.528000000000e-10  2.781764524532e-02 
 3.628000000000e-10  1.470684850569e-02 
 3.728000000000e-10 -4.887547298573e-04 
 3.828000000000e-10 -1.609644809873e-02 
 3.928000000000e-10 -3.033646596191e-02 
 4.028000000000e-10 -4.152972745615e-02 
 4.128000000000e-10 -4.829607372880e-02 
 4.228000000000e-10 -4.972657133162e-02 
 4.328000000000e-10 -4.550151581829e-02 
 4.428000000000e-10 -3.594315500985e-02 
 4.528000000000e-10 -2.198788991511e-02 
 4.628000000000e-10 -5.094388282372e-03 
 4.728000000000e-10  1.289873719443e-02 
 4.828000000000e-10  2.996292751928e-02 
 4.928000000000e-10  4.410838833431e-02 
 5.028000000000e-10  5.361725378587e-02 
 5.128000000000e-10  5.725883619167e-02 
 5.228000000000e-10  5.444683652588e-02 
 5.328000000000e-10  4.532204599574e-02 
 5.428000000000e-10  3.074354453341e-02 
 5.528000000000e-10  1.220968183379e-02 
 5.628000000000e-10 -8.285875269175e-03 
 5.728000000000e-10 -2.845865973572e-02 
 5.828000000000e-10 -4.597986233330e-02 
 5.928000000000e-10 -5.874710395659e-02 
 6.028000000000e-10 -6.514799967798e-02 
 6.128000000000e-10 -6.426497489562e-02 
 6.228000000000e-10 -5.599895528768e-02 
 6.328000000000e-10 -4.108971609296e-02 
 6.428000000000e-10 -2.104270675850e-02 
 6.528000000000e-10  2.015189696428e-03 
 6.628000000000e-10  2.554476260721e-02 
 6.728000000000e-10  4.685941158751e-02 
 6.828000000000e-10  6.343059612037e-02 
 6.928000000000e-10  7.320153454686e-02 
 7.028000000000e-10  7.485429323456e-02 
 7.128000000000e-10  6.798296065820e-02 
 7.228000000000e-10  5.314476068619e-02 
 7.328000000000e-10  3.180482659449e-02 
 7.428000000000e-10  6.194427781137e-03 
 7.528000000000e-10 -2.090264110463e-02 
 7.628000000000e-10 -4.642720370400e-02 
 7.728000000000e-10 -6.738177100033e-02 
 7.828000000000e-10 -8.119931299019e-02 
 7.928000000000e-10 -8.608147392123e-02 
 8.028000000000e-10 -8.123409788519e-02 
 8.128000000000e-10 -6.696581453180e-02 
 8.228000000000e-10 -4.465204482642e-02 
 8.328000000000e-10 -1.659110708697e-02 
 8.428000000000e-10  1.420984784430e-02 
 8.528000000000e-10  4.431828298128e-02 
 8.628000000000e-10  7.023677400620e-02 
 8.728000000000e-10  8.882484894795e-02 
 8.828000000000e-10  9.771551520210e-02 
 8.928000000000e-10  9.563610968965e-02 
 9.028000000000e-10  8.256595738716e-02 
 9.128000000000e-10  5.972369334046e-02 
 9.228000000000e-10  2.942690110727e-02 
 9.328000000000e-10 -5.125666939687e-03 
 9.428000000000e-10 -4.013817719788e-02 
 9.528000000000e-10 -7.159043485590e-02 
 9.628000000000e-10 -9.570685177621e-02 
 9.728000000000e-10 -1.094603873115e-01 
 9.828000000000e-10 -1.109963776403e-01 
 9.928000000000e-10 -9.987012065359e-02 
 1.002800000000e-09 -7.707145852678e-02 
 1.012800000000e-09 -4.488423809688e-02 
 1.022800000000e-09 -6.657186534858e-03 
 1.032800000000e-09  3.347798879940e-02 
 1.042800000000e-09  7.097623590192e-02 
 1.052800000000e-09  1.013796859071e-01 
 1.062800000000e-09  1.209095417576e-01 
 1.072800000000e-09  1.270147531167e-01 
 1.082800000000e-09  1.187137408268e-01 
 1.092800000000e-09  9.667744407195e-02 
 1.102800000000e-09  6.309372157316e-02 
 1.112800000000e-09  2.141211790544e-02 
 1.122800000000e-09 -2.394048345663e-02 
 1.132800000000e-09 -6.791082849464e-02 
 1.142800000000e-09 -1.053277852659e-01 
 1.152800000000e-09 -1.315740477650e-01 
 1.162800000000e-09 -1.432748219019e-01 
 1.172800000000e-09 -1.387888734097e-01 
 1.182800000000e-09 -1.183732542624e-01 
 1.192800000000e-09 -8.404775808931e-02 
 1.202800000000e-09 -3.930770658014e-02 
 1.212800000000e-09  1.117864964955e-02 
 1.222800000000e-09  6.189442026539e-02 
 1.232800000000e-09  1.069562260665e-01 
 1.242800000000e-09  1.408407603242e-01 
 1.252800000000e-09  1.592259603370e-01 
 1.262800000000e-09  1.596646552430e-01 
 1.272800000000e-09  1.418735733811e-01 
 1.282800000000e-09  1.076240771597e-01 
 1.292800000000e-09  6.040308084152e-02 
 1.302800000000e-09  5.061225403663e-03 
 1.312800000000e-09 -5.248638229208e-02 
 1.322800000000e-09 -1.056791144776e-01 
 1.332800000000e-09 -1.480488147936e-01 
 1.342800000000e-09 -1.742096623686e-01 
 1.352800000000e-09 -1.807529003517e-01 
 1.362800000000e-09 -1.667121764786e-01 
 1.372800000000e-09 -1.335137444973e-01 
 1.382800000000e-09 -8.457973805740e-02 
 1.392800000000e-09 -2.488697126833e-02 
 1.402800000000e-09  3.933464789249e-02 
 1.412800000000e-09  1.009253711070e-01 
 1.422800000000e-09  1.524803051704e-01 
 1.432800000000e-09  1.874583031467e-01 
 1.442800000000e-09  2.013291581430e-01 
 1.452800000000e-09  1.922746118510e-01 
 1.462800000000e-09  1.612504191409e-01 
 1.472800000000e-09  1.115499171093e-01 
 1.482800000000e-09  4.823115997692e-02 
 1.492800000000e-09 -2.224489935520e-02 
 1.502800000000e-09 -9.223249807089e-02 
 1.512800000000e-09 -1.534528070025e-01 
 1.522800000000e-09 -1.981606594468e-01 
 1.532800000000e-09 -2.205583414131e-01 
 1.542800000000e-09 -2.177914467723e-01 
 1.552800000000e-09 -1.901896544401e-01 
 1.562800000000e-09 -1.408322145137e-01 
 1.572800000000e-09 -7.482293907466e-02 
 1.582800000000e-09  1.214720486169e-03 
 1.592800000000e-09  7.928602019896e-02 
 1.602800000000e-09  1.503645319139e-01 
 1.612800000000e-09  2.055134661965e-01 
 1.622800000000e-09  2.375513136261e-01 
 1.632800000000e-09  2.423998467387e-01 
 1.642800000000e-09  2.195704765708e-01 
 1.652800000000e-09  1.718031859969e-01 
 1.662800000000e-09  1.042114369435e-01 
 1.672800000000e-09  2.354361947152e-02 
 1.682800000000e-09 -6.198797932680e-02 
 1.692800000000e-09 -1.427877262187e-01 
 1.702800000000e-09 -2.088148341837e-01 
 1.712800000000e-09 -2.514382884644e-01 
 1.722800000000e-09 -2.651806526257e-01 
 1.732800000000e-09 -2.485295467144e-01 
 1.742800000000e-09 -2.037147532180e-01 
 1.752800000000e-09 -1.357908287985e-01 
 1.762800000000e-09 -5.162289053762e-02 
 1.772800000000e-09  4.045768778825e-02 
 1.782800000000e-09  1.304960125201e-01 
 1.792800000000e-09  2.075151852865e-01 
 1.802800000000e-09  2.614377422701e-01 
 1.812800000000e-09  2.852392729873e-01 
 1.822800000000e-09  2.761712738465e-01 
 1.832800000000e-09  2.357519358766e-01 
 1.842800000000e-09  1.688544677923e-01 
 1.852800000000e-09  8.245692788240e-02 
 1.862800000000e-09 -1.503187983933e-02 
 1.872800000000e-09 -1.135001919818e-01 
 1.882800000000e-09 -2.012734316831e-01 
 1.892800000000e-09 -2.669138487927e-01 
 1.902800000000e-09 -3.017512698036e-01 
 1.912800000000e-09 -3.015948688199e-01 
 1.922800000000e-09 -2.670455626904e-01 
 1.932800000000e-09 -2.026190653566e-01 
 1.942800000000e-09 -1.153661410682e-01 
 1.952800000000e-09 -1.378136594027e-02 
 1.962800000000e-09  9.202237106335e-02 
 1.972800000000e-09  1.899579110173e-01 
 1.982800000000e-09  2.674036394373e-01 
 1.992800000000e-09  3.140140330801e-01 
 2.002800000000e-09  3.239641208688e-01 
 2.012800000000e-09  2.967275368195e-01 
 2.022800000000e-09  2.362650650504e-01 
 2.032800000000e-09  1.495993888916e-01 
 2.042800000000e-09  4.533825044389e-02 
 2.052800000000e-09 -6.648477831786e-02 
 2.062800000000e-09 -1.736584105908e-01 
 2.072800000000e-09 -2.626409609998e-01 
 2.082800000000e-09 -3.214710939011e-01 
 2.092800000000e-09 -3.425417409254e-01 
 2.102800000000e-09 -3.239731057668e-01 
 2.112800000000e-09 -2.689767297304e-01 
 2.122800000000e-09 -1.843821963610e-01 
 2.132800000000e-09 -7.892063758460e-02 
 2.142800000000e-09  3.746006991569e-02 
 2.152800000000e-09  1.526682279699e-01 
 2.162800000000e-09  2.525734635984e-01 
 2.172800000000e-09  3.237537755734e-01 
 2.182800000000e-09  3.567405737392e-01 
 2.192800000000e-09  3.480699968214e-01 
 2.202800000000e-09  3.000021883114e-01 
 2.212800000000e-09  2.189660603588e-01 
 2.222800000000e-09  1.137861456124e-01 
 2.232800000000e-09 -5.628545035522e-03 
 2.242800000000e-09 -1.274665270722e-01 
 2.252800000000e-09 -2.373693520240e-01 
 2.262800000000e-09 -3.207010267091e-01 
 2.272800000000e-09 -3.661412232469e-01 
 2.282800000000e-09 -3.684379957091e-01 
 2.292800000000e-09 -3.286733418577e-01 
 2.302800000000e-09 -2.526651153937e-01 
 2.312800000000e-09 -1.492236903420e-01 
 2.322800000000e-09 -2.829353198662e-02 
 2.332800000000e-09  9.865799096413e-02 
 2.342800000000e-09  2.173841993972e-01 
 2.352800000000e-09  3.123549357994e-01 
 2.362800000000e-09  3.705054992176e-01 
 2.372800000000e-09  3.846401642821e-01 
 2.382800000000e-09  3.544303373959e-01 
 2.392800000000e-09  2.848825522534e-01 
 2.402800000000e-09  1.845901333437e-01 
 2.412800000000e-09  6.360767074410e-02 
 2.422800000000e-09 -6.691412942020e-02 
 2.432800000000e-09 -1.931111220316e-01 
 2.442800000000e-09 -2.989272250039e-01 
 2.452800000000e-09 -3.697575881070e-01 
 2.462800000000e-09 -3.963784245176e-01 
 2.472800000000e-09 -3.768299064739e-01 
 2.482800000000e-09 -3.150957971429e-01 
 2.492800000000e-09 -2.193129890260e-01 
 2.502800000000e-09 -9.966441734029e-02 
 2.512800000000e-09  3.291895147815e-02 
 2.522800000000e-09  1.651256430179e-01 
 2.532800000000e-09  2.807601119541e-01 
 2.542800000000e-09  3.639606252971e-01 
 2.552800000000e-09  4.034815529309e-01 
 2.562800000000e-09  3.955248503861e-01 
 2.572800000000e-09  3.428393894188e-01 
 2.582800000000e-09  2.528917598654e-01 
 2.592800000000e-09  1.358855008906e-01 
 2.602800000000e-09  2.673752890214e-03 
 2.612800000000e-09 -1.340401409642e-01 
 2.622800000000e-09 -2.582893384732e-01 
 2.632800000000e-09 -3.532918834329e-01 
 2.642800000000e-09 -4.058895633477e-01 
 2.652800000000e-09 -4.102611259263e-01 
 2.662800000000e-09 -3.677313615066e-01 
 2.672800000000e-09 -2.849041856303e-01 
 2.682800000000e-09 -1.717759267361e-01 
 2.692800000000e-09 -3.926737751101e-02 
 2.702800000000e-09  1.004749924344e-01 
 2.712800000000e-09  2.320192226672e-01 
 2.722800000000e-09  3.380282727775e-01 
 2.732800000000e-09  4.036413739735e-01 
 2.742800000000e-09  4.208787906887e-01 
 2.752800000000e-09  3.894701890992e-01 
 2.762800000000e-09  3.149611216961e-01 
 2.772800000000e-09  2.068854082212e-01 
 2.782800000000e-09  7.630918193876e-02 
 2.792800000000e-09 -6.504585359433e-02 
 2.802800000000e-09 -2.024880121900e-01 
 2.812800000000e-09 -3.185021707142e-01 
 2.822800000000e-09 -3.968216058326e-01 
 2.832800000000e-09 -4.272646340100e-01 
 2.842800000000e-09 -4.077884454736e-01 
 2.852800000000e-09 -3.426876758387e-01 
 2.862800000000e-09 -2.408167643488e-01 
 2.872800000000e-09 -1.133211508049e-01 
 2.882800000000e-09  2.831577150424e-02 
 2.892800000000e-09  1.702236695842e-01 
 2.902800000000e-09  2.950799289887e-01 
 2.912800000000e-09  3.855627421961e-01 
 2.922800000000e-09  4.293626052239e-01 
 2.932800000000e-09  4.224700572306e-01 
 2.942800000000e-09  3.677652128137e-01 
 2.952800000000e-09  2.732412355134e-01 
 2.962800000000e-09  1.499125897667e-01 
 2.972800000000e-09  9.224318263491e-03 
 2.982800000000e-09 -1.357336317632e-01 
 2.992800000000e-09 -2.681691546346e-01 
 3.002800000000e-09 -3.700750758820e-01 
 3.012800000000e-09 -4.272012630942e-01 
 3.022800000000e-09 -4.333822127503e-01 
 3.032800000000e-09 -3.899495371824e-01 
 3.042800000000e-09 -3.038576891403e-01 
 3.052800000000e-09 -1.857272803696e-01 
 3.062800000000e-09 -4.711418316385e-02 
 3.072800000000e-09  9.953643716598e-02 
 3.082800000000e-09  2.382280594743e-01 
 3.092800000000e-09  3.506385760309e-01 
 3.102800000000e-09  4.208589367256e-01 
 3.112800000000e-09  4.404345018784e-01 
 3.122800000000e-09  4.090189633232e-01 
 3.132800000000e-09  3.323490564177e-01 
 3.142800000000e-09  2.204200300741e-01 
 3.152800000000e-09  8.492076194934e-02 
 3.162800000000e-09 -6.214682928040e-02 
 3.172800000000e-09 -2.057311053904e-01 
 3.182800000000e-09 -3.275597325883e-01 
 3.192800000000e-09 -4.104187835369e-01 
 3.202800000000e-09 -4.435446463481e-01 
 3.212800000000e-09 -4.247555870411e-01 
 3.222800000000e-09 -3.584120550286e-01 
 3.232800000000e-09 -2.536980332074e-01 
 3.242800000000e-09 -1.222931914253e-01 
 3.252800000000e-09  2.400941091984e-02 
 3.262800000000e-09  1.711170625212e-01 
 3.272800000000e-09  3.011546625816e-01 
 3.282800000000e-09  3.959909620215e-01 
 3.292800000000e-09  4.426750712024e-01 
 3.302800000000e-09  4.369944716804e-01 
 3.312800000000e-09  3.818050419550e-01 
 3.322800000000e-09  2.853148816874e-01 
 3.332800000000e-09  1.589459416956e-01 
 3.342800000000e-09  1.449550372663e-02 
 3.352800000000e-09 -1.347995072530e-01 
 3.362800000000e-09 -2.717719790758e-01 
 3.372800000000e-09 -3.777573603991e-01 
 3.382800000000e-09 -4.378583741492e-01 
 3.392800000000e-09 -4.456344453541e-01 
 3.402800000000e-09 -4.023316061505e-01 
 3.412800000000e-09 -3.150136961199e-01 
 3.422800000000e-09 -1.945911717363e-01 
 3.432800000000e-09 -5.299079091232e-02 
 3.442800000000e-09  9.722026140392e-02 
 3.452800000000e-09  2.398166929318e-01 
 3.462800000000e-09  3.559693716619e-01 
 3.472800000000e-09  4.291621191656e-01 
 3.482800000000e-09  4.505940650043e-01 
 3.492800000000e-09  4.197910788970e-01 
 3.502800000000e-09  3.425106836018e-01 
 3.512800000000e-09  2.289446204899e-01 
 3.522800000000e-09  9.112105121374e-02 
 3.532800000000e-09 -5.882195868742e-02 
 3.542800000000e-09 -2.057101461414e-01 
 3.552800000000e-09 -3.309034862934e-01 
 3.562800000000e-09 -4.166539491667e-01 
 3.572800000000e-09 -4.517978693085e-01 
 3.582800000000e-09 -4.339898801654e-01 
 3.592800000000e-09 -3.675455202137e-01 
 3.602800000000e-09 -2.617697544904e-01 
 3.612800000000e-09 -1.286079534176e-01 
 3.622800000000e-09  1.997700573927e-02 
 3.632800000000e-09  1.698325661954e-01 
 3.642800000000e-09  3.028386311844e-01 
 3.652800000000e-09  4.004218962828e-01 
 3.662800000000e-09  4.492091973467e-01 
 3.672800000000e-09  4.447848280646e-01 
 3.682800000000e-09  3.899132562961e-01 
 3.692800000000e-09  2.928555721861e-01 
 3.702800000000e-09  1.652164247130e-01 
 3.712800000000e-09  1.899299575369e-02 
 3.722800000000e-09 -1.325439746435e-01 
 3.732800000000e-09 -2.720861934858e-01 
 3.742800000000e-09 -3.806247602515e-01 
 3.752800000000e-09 -4.428519540508e-01 
 3.762800000000e-09 -4.520804418211e-01 
 3.772800000000e-09 -4.094321399698e-01 
 3.782800000000e-09 -3.219618843056e-01 
 3.792800000000e-09 -2.006929853762e-01 
 3.802800000000e-09 -5.775687490864e-02 
 3.812800000000e-09  9.424230999136e-02 
 3.822800000000e-09  2.390192039701e-01 
 3.832800000000e-09  3.574951496111e-01 
 3.842800000000e-09  4.327826801744e-01 
 3.852800000000e-09  4.557952158723e-01 
 3.862800000000e-09  4.259092990351e-01 
 3.872800000000e-09  3.488235039275e-01 
 3.882800000000e-09  2.347878524926e-01 
 3.892800000000e-09  9.600467813506e-02 
 3.902800000000e-09 -5.532737156843e-02 
 3.912800000000e-09 -2.040267561034e-01 
 3.922800000000e-09 -3.312910511686e-01 
 3.932800000000e-09 -4.190584052625e-01 
 3.942800000000e-09 -4.558564458536e-01 
 3.952800000000e-09 -4.391652328491e-01 
 3.962800000000e-09 -3.732048903431e-01 
 3.972800000000e-09 -2.672934452770e-01 
 3.982800000000e-09 -1.334970777675e-01 
 3.992800000000e-09  1.613098512238e-02 
 4.002800000000e-09  1.674554476236e-01 
 4.012800000000e-09  3.022701887869e-01 
 4.022800000000e-09  4.017544141460e-01 
 4.032800000000e-09  4.522265082006e-01 
 4.042800000000e-09  4.490669248131e-01 
 4.052800000000e-09  3.949185106955e-01 
 4.062800000000e-09  2.980133694790e-01 
 4.072800000000e-09  1.700225604192e-01 
 4.082800000000e-09  2.305492779826e-02 
 4.092800000000e-09 -1.296380940162e-01 
 4.102800000000e-09 -2.707257613811e-01 
 4.112800000000e-09 -3.810190219186e-01 
 4.122800000000e-09 -4.449239583418e-01 
 4.132800000000e-09 -4.555196393949e-01 
 4.142800000000e-09 -4.137868457017e-01 
 4.152800000000e-09 -3.267132872494e-01 
 4.162800000000e-09 -2.053445239284e-01 
 4.172800000000e-09 -6.192316016084e-02 
 4.182800000000e-09  9.095062353231e-02 
 4.192800000000e-09  2.370153404380e-01 
 4.202800000000e-09  3.570765232203e-01 
 4.212800000000e-09  4.339992945369e-01 
 4.222800000000e-09  4.584415454553e-01 
 4.232800000000e-09  4.296209262283e-01 
 4.242800000000e-09  3.531386331977e-01 
 4.252800000000e-09  2.392325362597e-01 
 4.262800000000e-09  1.001901419613e-01 
 4.272800000000e-09 -5.176811762832e-02 
 4.282800000000e-09 -2.015094701410e-01 
 4.292800000000e-09 -3.301746423800e-01 
 4.302800000000e-09 -4.195033785036e-01 
 4.312800000000e-09 -4.577617788880e-01 
 4.322800000000e-09 -4.422500714406e-01 
 4.332800000000e-09 -3.770687642890e-01 
 4.342800000000e-09 -2.714941774182e-01 
 4.352800000000e-09 -1.376378596045e-01 
 4.362800000000e-09  1.239917662414e-02 
 4.372800000000e-09  1.645355875330e-01 
 4.382800000000e-09  3.005601879689e-01 
 4.392800000000e-09  4.015061627530e-01 
 4.402800000000e-09  4.534430897280e-01 
 4.412800000000e-09  4.515470112583e-01 
 4.422800000000e-09  3.983246992033e-01 
 4.432800000000e-09  3.019381444207e-01 
 4.442800000000e-09  1.740652432212e-01 
 4.452800000000e-09  2.687880271772e-02 
 4.462800000000e-09 -1.264139856424e-01 
 4.472800000000e-09 -2.685196695038e-01 
 4.482800000000e-09 -3.801542271113e-01 
 4.492800000000e-09 -4.455028239875e-01 
 4.502800000000e-09 -4.574174994978e-01 
 4.512800000000e-09 -4.167296684755e-01 
 4.522800000000e-09 -3.303311550534e-01 
 4.532800000000e-09 -2.092435982679e-01 
 4.542800000000e-09 -6.577074129816e-02 
 4.552800000000e-09  8.751074271236e-02 
 4.562800000000e-09  2.344046293651e-01 
 4.572800000000e-09  3.556697145312e-01 
 4.582800000000e-09  4.339887522998e-01 
 4.592800000000e-09  4.597799585638e-01 
 4.602800000000e-09  4.320971089712e-01 
 4.612800000000e-09  3.564251503310e-01 
 4.622800000000e-09  2.429538422091e-01 
 4.632800000000e-09  1.040091536120e-01 
 4.642800000000e-09 -4.818602055621e-02 
 4.652800000000e-09 -1.985745912617e-01 
 4.662800000000e-09 -3.282947558834e-01 
 4.672800000000e-09 -4.189483293653e-01 
 4.682800000000e-09 -4.585651475467e-01 
 4.692800000000e-09 -4.442623828762e-01 
 4.702800000000e-09 -3.800090334820e-01 
 4.712800000000e-09 -2.750117352695e-01 
 4.722800000000e-09 -1.413883495249e-01 
 4.732800000000e-09  8.734226294346e-03 
 4.742800000000e-09  1.613456472850e-01 
 4.752800000000e-09  2.982711699502e-01 
 4.762800000000e-09  4.004509353784e-01 
 4.772800000000e-09  4.537377491563e-01 
 4.782800000000e-09  4.531023570588e-01 
 4.792800000000e-09  4.009083126765e-01 
 4.802800000000e-09  3.052265411223e-01 
 4.812800000000e-09  1.777111269771e-01 
 4.822800000000e-09  3.057385444146e-02 
 4.832800000000e-09 -1.230335134568e-01 
 4.842800000000e-09 -2.658851223832e-01 
 4.852800000000e-09 -3.786463684795e-01 
 4.862800000000e-09 -4.453165016353e-01 
 4.872800000000e-09 -4.585236758663e-01 
 4.882800000000e-09 -4.189456879475e-01 
 4.892800000000e-09 -3.333638884947e-01 
 4.902800000000e-09 -2.127522629037e-01 
 4.912800000000e-09 -6.944928112326e-02 
 4.922800000000e-09  8.400060868659e-02 
 4.932800000000e-09  2.314868968374e-01 
 4.942800000000e-09  3.537576498995e-01 
 4.952800000000e-09  4.333481071280e-01 
 4.962800000000e-09  4.604453800467e-01 
 4.972800000000e-09  4.339363797563e-01 
 4.982800000000e-09  3.591802135173e-01 
 4.992800000000e-09  2.462999974843e-01 
 5.002800000000e-09  1.076354681855e-01 
 5.012800000000e-09 -4.459700720621e-02 
 5.022800000000e-09 -1.954287394080e-01 
 5.032800000000e-09 -3.260237490051e-01 
 5.042800000000e-09 -4.178782687852e-01 
 5.052800000000e-09 -4.587999189153e-01 
 5.062800000000e-09 -4.457204328505e-01 
 5.072800000000e-09 -3.824711999033e-01 
 5.082800000000e-09 -2.781746430244e-01 
 5.092800000000e-09 -1.449343188343e-01 
 5.102800000000e-09  5.107727348451e-03 
 5.112800000000e-09  1.580196600710e-01 
 5.122800000000e-09  2.956848639557e-01 
 5.132800000000e-09  3.989787055645e-01 
 5.142800000000e-09  4.535550503178e-01 
 5.152800000000e-09  4.541782271507e-01 
 5.162800000000e-09  4.030648284689e-01 
 5.172800000000e-09  3.081837557356e-01 
 5.182800000000e-09  1.811491338405e-01 
 5.192800000000e-09  3.419888528857e-02 
 5.202800000000e-09 -1.195751129259e-01 
 5.212800000000e-09 -2.630302276167e-01 
 5.222800000000e-09 -3.768049993781e-01 
 5.232800000000e-09 -4.447322347680e-01 
 5.242800000000e-09 -4.592175856604e-01 
 5.252800000000e-09 -4.207827695384e-01 
 5.262800000000e-09 -3.360910042757e-01 
 5.272800000000e-09 -2.160561150396e-01 
 5.282800000000e-09 -7.303721910695e-02 
 5.292800000000e-09  8.045672478559e-02 
 5.302800000000e-09  2.284110030051e-01 
 5.312800000000e-09  3.515823096391e-01 
 5.322800000000e-09  4.323778018371e-01 
 5.332800000000e-09  4.607583423392e-01 
 5.342800000000e-09  4.354418348296e-01 
 5.352800000000e-09  3.616564576475e-01 
 5.362800000000e-09  2.494488521684e-01 
 5.372800000000e-09  1.111590617479e-01 
 5.382800000000e-09 -4.100670924762e-02 
 5.392800000000e-09 -1.921738876458e-01 
 5.402800000000e-09 -3.235476719008e-01 
 5.412800000000e-09 -4.165367465342e-01 
 5.422800000000e-09 -4.587348123475e-01 
 5.432800000000e-09 -4.468861096786e-01 
 5.442800000000e-09 -3.846811182103e-01 
 5.452800000000e-09 -2.811501979079e-01 
 5.462800000000e-09 -1.483712667583e-01 
 5.472800000000e-09  1.503390609903e-03 
 5.482800000000e-09  1.546232623490e-01 
 5.492800000000e-09  2.929416659855e-01 
 5.502800000000e-09  3.972849472869e-01 
 5.512800000000e-09  4.531185881552e-01 
 5.522800000000e-09  4.549992126577e-01 
 5.532800000000e-09  4.049943334369e-01 
 5.542800000000e-09  3.109647936586e-01 
 5.552800000000e-09  1.844758777967e-01 
 5.562800000000e-09  3.778508624543e-02 
 5.572800000000e-09 -1.160767018912e-01 
 5.582800000000e-09 -2.600583914974e-01 
 5.592800000000e-09 -3.747849850692e-01 
 5.602800000000e-09 -4.439344033443e-01 
 5.612800000000e-09 -4.596902644114e-01 
 5.622800000000e-09 -4.224165695757e-01 
 5.632800000000e-09 -3.386541298828e-01 
 5.642800000000e-09 -2.192497234522e-01 
 5.652800000000e-09 -7.657531210619e-02 
 5.662800000000e-09  7.689613312935e-02 
 5.672800000000e-09  2.252506300002e-01 
 5.682800000000e-09  3.492645024557e-01 
 5.692800000000e-09  4.312286318538e-01 
 5.702800000000e-09  4.608800298940e-01 
 5.712800000000e-09  4.367660265602e-01 
 5.722800000000e-09  3.639814582838e-01 
 5.732800000000e-09  2.524906168716e-01 
 5.742800000000e-09  1.146261068352e-01 
 5.752800000000e-09 -3.741692434698e-02 
 5.762800000000e-09 -1.888602688027e-01 
 5.772800000000e-09 -3.209591741674e-01 
 5.782800000000e-09 -4.150455779740e-01 
 5.792800000000e-09 -4.585046048309e-01 
 5.802800000000e-09 -4.478910893083e-01 
 5.812800000000e-09 -3.867526552834e-01 
 5.822800000000e-09 -2.840230631252e-01 
 5.832800000000e-09 -1.517479049137e-01 
 5.842800000000e-09 -2.087781302062e-03 
 5.852800000000e-09  1.511886094794e-01 
 5.862800000000e-09  2.901113900797e-01 
 5.872800000000e-09  3.954673373706e-01 
 5.882800000000e-09  4.525403909510e-01 
 5.892800000000e-09  4.556780997746e-01 
 5.902800000000e-09  4.067975512482e-01 
 5.912800000000e-09  3.136479294272e-01 
 5.922800000000e-09  1.877404316027e-01 
 5.932800000000e-09  4.134874971197e-02 
 5.942800000000e-09 -1.125566756115e-01 
 5.952800000000e-09 -2.570209429587e-01 
 5.962800000000e-09 -3.726636180309e-01 
 5.972800000000e-09 -4.430152757460e-01 
 5.982800000000e-09 -4.600375280681e-01 
 5.992800000000e-09 -4.239353908089e-01 
 6.002800000000e-09 -3.411246614286e-01 
 6.012800000000e-09 -2.223809914416e-01 
 6.022800000000e-09 -8.008452588157e-02 
 6.032800000000e-09  7.332685421767e-02 
 6.042800000000e-09  2.220422498351e-01 
 6.052800000000e-09  3.468644412807e-01 
 6.062800000000e-09  4.299754954966e-01 
 6.072800000000e-09  4.608910740717e-01 
 6.082800000000e-09  4.379861204484e-01 
 6.092800000000e-09  3.662198728981e-01 
 6.102800000000e-09  2.554712781947e-01 
 6.112800000000e-09  1.180604670470e-01 
 6.122800000000e-09 -3.382794458370e-02 
 6.132800000000e-09 -1.855126318296e-01 
 6.142800000000e-09 -3.183045061475e-01 
 6.152800000000e-09 -4.134658730813e-01 
 6.162800000000e-09 -4.581771239673e-01 
 6.172800000000e-09 -4.488018249452e-01 
 6.182800000000e-09 -3.887434572504e-01 
 6.192800000000e-09 -2.868362899916e-01 
 6.202800000000e-09 -1.550892416454e-01 
 6.212800000000e-09 -5.670809001013e-03 
 6.222800000000e-09  1.477314456690e-01 
 6.232800000000e-09  2.872288387421e-01 
 6.242800000000e-09  3.935748399602e-01 
 6.252800000000e-09  4.518767860126e-01 
 6.262800000000e-09  4.562717473737e-01 
 6.272800000000e-09  4.085254032097e-01 
 6.282800000000e-09  3.162728856607e-01 
 6.292800000000e-09  1.909678908298e-01 
 6.302800000000e-09  4.489848590423e-02 
 6.312800000000e-09 -1.090239207902e-01 
 6.322800000000e-09 -2.539434119861e-01 
 6.332800000000e-09 -3.704795910606e-01 
 6.342800000000e-09 -4.420211812349e-01 
 6.352800000000e-09 -4.603076226284e-01 
 6.362800000000e-09 -4.253838223141e-01 
 6.372800000000e-09 -3.435387838006e-01 
 6.382800000000e-09 -2.254743630034e-01 
 6.392800000000e-09 -8.357577687181e-02 
 6.402800000000e-09  6.975258141920e-02 
 6.412800000000e-09  2.188039234277e-01 
 6.422800000000e-09  3.444122126598e-01 
 6.432800000000e-09  4.286563231753e-01 
 6.442800000000e-09  4.608321356884e-01 
 6.452800000000e-09  4.391406157272e-01 
 6.462800000000e-09  3.684041063205e-01 
 6.472800000000e-09  2.584139488445e-01 
 6.482800000000e-09  1.214742313084e-01 
 6.492800000000e-09 -3.023975535825e-02 
 6.502800000000e-09 -1.821431992242e-01 
 6.512800000000e-09 -3.156066673653e-01 
 6.522800000000e-09 -4.118280845330e-01 
 6.532800000000e-09 -4.577862159741e-01 
 6.542800000000e-09 -4.496515172470e-01 
 6.552800000000e-09 -3.906823669899e-01 
 6.562800000000e-09 -2.896114597770e-01 
 6.572800000000e-09 -1.584078727981e-01 
 6.582800000000e-09 -9.248298161013e-03 
 6.592800000000e-09  1.442595617214e-01 
 6.602800000000e-09  2.843113466640e-01 
 6.612800000000e-09  3.916318756381e-01 
 6.622800000000e-09  4.511558735939e-01 
 6.632800000000e-09  4.568085397012e-01 
 6.642800000000e-09  4.102033294714e-01 
 6.652800000000e-09  3.188595323743e-01 
 6.662800000000e-09  1.941708568176e-01 
 6.672800000000e-09  4.843866102538e-02 
 6.682800000000e-09 -1.054828387672e-01 
 6.692800000000e-09 -2.508385270681e-01 
 6.702800000000e-09 -3.682522038548e-01 
 6.712800000000e-09 -4.409752135863e-01 
 6.722800000000e-09 -4.605246122799e-01 
 6.732800000000e-09 -4.267841207629e-01 
 6.742800000000e-09 -3.459145820157e-01 
 6.752800000000e-09 -2.285420970641e-01 
 6.762800000000e-09 -8.705457663866e-02 
 6.772800000000e-09  6.617512270657e-02 
 6.782800000000e-09  2.155446487470e-01 
 6.792800000000e-09  3.419228220631e-01 
 6.802800000000e-09  4.272899269813e-01 
 6.812800000000e-09  4.607234642960e-01 
 6.822800000000e-09  4.402488245844e-01 
 6.832800000000e-09  3.705504231169e-01 
 6.842800000000e-09  2.613302652008e-01 
 6.852800000000e-09  1.248735249736e-01 
 6.862800000000e-09 -2.665229846545e-02 
 6.872800000000e-09 -1.787580664200e-01 
 6.882800000000e-09 -3.128771728981e-01 
 6.892800000000e-09 -4.101474603044e-01 
 6.902800000000e-09 -4.573488301402e-01 
 6.912800000000e-09 -4.504542884795e-01 
 6.922800000000e-09 -3.925827681776e-01 
 6.932800000000e-09 -2.923616987543e-01 
 6.942800000000e-09 -1.617121417475e-01 
 6.952800000000e-09 -1.282356126045e-02 
 6.962800000000e-09  1.407751537577e-01 
 6.972800000000e-09  2.813663875694e-01 
 6.982800000000e-09  3.896501320640e-01 
 6.992800000000e-09  4.503918873131e-01 
 7.002800000000e-09  4.573035364168e-01 
 7.012800000000e-09  4.118454623211e-01 
 7.022800000000e-09  3.214195755787e-01 
 7.032800000000e-09  1.973576581574e-01 
 7.042800000000e-09  5.197354450445e-02 
 7.052800000000e-09 -1.019337736552e-01 
 7.062800000000e-09 -2.477112218340e-01 
 7.072800000000e-09 -3.659902948899e-01 
 7.082800000000e-09 -4.398888076423e-01 
 7.092800000000e-09 -4.607011441565e-01 
 7.102800000000e-09 -4.281486489596e-01 
 7.112800000000e-09 -3.482628046821e-01 
 7.122800000000e-09 -2.315923115955e-01 
 7.132800000000e-09 -9.052575972886e-02 
 7.142800000000e-09  6.259343724731e-02 
 7.152800000000e-09  2.122673201806e-01 
 7.162800000000e-09  3.394027243142e-01 
 7.172800000000e-09  4.258853359799e-01 
 7.182800000000e-09  4.605755381380e-01 
 7.192800000000e-09  4.413214092318e-01 
 7.202800000000e-09  3.726684853049e-01 
 7.212800000000e-09  2.642279093718e-01 
 7.222800000000e-09  1.282634347206e-01 
 7.232800000000e-09 -2.306356864969e-02 
 7.242800000000e-09 -1.753585610122e-01 
 7.252800000000e-09 -3.101205471257e-01 
 7.262800000000e-09 -4.084310275431e-01 
 7.272800000000e-09 -4.568735528043e-01 
 7.282800000000e-09 -4.512267578922e-01 
 7.292800000000e-09 -3.944564400421e-01 
 7.302800000000e-09 -2.950872278883e-01 
 7.312800000000e-09 -1.650011450613e-01 
 7.322800000000e-09 -1.639323799400e-02 
 7.332800000000e-09  1.372835741688e-01 
 7.342800000000e-09  2.784006731930e-01 
 7.352800000000e-09  3.876366427186e-01 
 7.362800000000e-09  4.495912540025e-01 
 7.372800000000e-09  4.577618249920e-01 
 7.382800000000e-09  4.134550811880e-01 
 7.392800000000e-09  3.239542406780e-01 
 7.402800000000e-09  2.005273466630e-01 
 7.412800000000e-09  5.550003204840e-02 
 7.422800000000e-09 -9.838160822219e-02 
 7.432800000000e-09 -2.445675923017e-01 
 7.442800000000e-09 -3.637002443186e-01 
 7.452800000000e-09 -4.387677258190e-01 
 7.462800000000e-09 -4.608417319638e-01 
 7.472800000000e-09 -4.294802458814e-01 
 7.482800000000e-09 -3.505843676532e-01 
 7.492800000000e-09 -2.346240465314e-01 
 7.502800000000e-09 -9.398655783462e-02 
 7.512800000000e-09  5.901189214350e-02 
 7.522800000000e-09  2.089774244121e-01 
 7.532800000000e-09  3.368577211320e-01 
 7.542800000000e-09  4.244478157280e-01 
 7.552800000000e-09  4.603924820826e-01 
 7.562800000000e-09  4.423609622265e-01 
 7.572800000000e-09  3.747591185136e-01 
 7.582800000000e-09  2.671059528121e-01 
 7.592800000000e-09  1.316413993343e-01 
 7.602800000000e-09 -1.947756845490e-02 
 7.612800000000e-09 -1.719497367603e-01 
 7.622800000000e-09 -3.073422012728e-01 
 7.632800000000e-09 -4.066837490045e-01 
 7.642800000000e-09 -4.563642559482e-01 
 7.652800000000e-09 -4.519638030158e-01 
 7.662800000000e-09 -3.963008871033e-01 
 7.672800000000e-09 -2.977940067813e-01 
 7.682800000000e-09 -1.682784562317e-01 
 7.692800000000e-09 -1.995954905786e-02 
 7.702800000000e-09  1.337844175047e-01 
 7.712800000000e-09  2.754156057245e-01 
 7.722800000000e-09  3.855944372284e-01 
 7.732800000000e-09  4.487581210240e-01 
 7.742800000000e-09  4.581882297079e-01 
 7.752800000000e-09  4.150370617677e-01 
 7.762800000000e-09  3.264679579289e-01 
 7.772800000000e-09  2.036835771484e-01 
 7.782800000000e-09  5.902069115219e-02 
 7.792800000000e-09 -9.482528051403e-02 
 7.802800000000e-09 -2.414081476788e-01 
 7.812800000000e-09 -3.613840702763e-01 
 7.822800000000e-09 -4.376151255944e-01 
 7.832800000000e-09 -4.609503544032e-01 
 7.842800000000e-09 -4.307831957021e-01 
 7.852800000000e-09 -3.528834229500e-01 
 7.862800000000e-09 -2.376408966708e-01 
 7.872800000000e-09 -9.743971059175e-02 
 7.882800000000e-09  5.542894691435e-02 
 7.892800000000e-09  2.056747621022e-01 
 7.902800000000e-09  3.342889993237e-01 
 7.912800000000e-09  4.229796825283e-01 
 7.922800000000e-09  4.601775025606e-01 
 7.932800000000e-09  4.433711479691e-01 
 7.942800000000e-09  3.768260545404e-01 
 7.952800000000e-09  2.699677718726e-01 
 7.962800000000e-09  1.350101804422e-01 
 7.972800000000e-09 -1.589246855984e-02 
 7.982800000000e-09 -1.685308865880e-01 
 7.992800000000e-09 -3.045426693767e-01 
 8.002800000000e-09 -4.049072575673e-01 
 8.012800000000e-09 -4.558234609652e-01 
 8.022800000000e-09 -4.526710073061e-01 
 8.032800000000e-09 -3.981204635655e-01 
 8.042800000000e-09 -3.004828444059e-01 
 8.052800000000e-09 -1.715447779666e-01 
 8.062800000000e-09 -2.352249519990e-02 
 8.072800000000e-09  1.302783506906e-01 
 8.082800000000e-09  2.724124470133e-01 
 8.092800000000e-09  3.835251182671e-01 
 8.102800000000e-09  4.478942184282e-01 
 8.112800000000e-09  4.585844111189e-01 
 8.122800000000e-09  4.165928451168e-01 
 8.132800000000e-09  3.289617919915e-01 
 8.142800000000e-09  2.068270243254e-01 
 8.152800000000e-09  6.253566186205e-02 
 8.162800000000e-09 -9.126523591779e-02 
 8.172800000000e-09 -2.382338595649e-01 
 8.182800000000e-09 -3.590430673006e-01 
 8.192800000000e-09 -4.364324200855e-01 
 8.202800000000e-09 -4.610284175588e-01 
 8.212800000000e-09 -4.320587617015e-01 
 8.222800000000e-09 -3.551609580170e-01 
 8.232800000000e-09 -2.406435294696e-01 
 8.242800000000e-09 -1.008854647837e-01 
 8.252800000000e-09  5.184484451047e-02 
 8.262800000000e-09  2.023600435966e-01 
 8.272800000000e-09  3.316975940102e-01 
 8.282800000000e-09  4.214821134924e-01 
 8.292800000000e-09  4.599317996225e-01 
 8.302800000000e-09  4.443530727165e-01 
 8.312800000000e-09  3.788701816101e-01 
 8.322800000000e-09  2.728139677195e-01 
 8.332800000000e-09  1.383700406522e-01 
 8.342800000000e-09 -1.230841080523e-02 
 8.352800000000e-09 -1.651025685241e-01 
 8.362800000000e-09 -3.017228270435e-01 
 8.372800000000e-09 -4.031025853765e-01 
 8.382800000000e-09 -4.552522105997e-01 
 8.392800000000e-09 -4.533493257252e-01 
 8.402800000000e-09 -3.999159305049e-01 
 8.412800000000e-09 -3.031542480713e-01 
 8.422800000000e-09 -1.748003576079e-01 
 8.432800000000e-09 -2.708198443152e-02 
 8.442800000000e-09  1.267658466687e-01 
 8.452800000000e-09  2.693919528901e-01 
 8.462800000000e-09  3.814295801466e-01 
 8.472800000000e-09  4.470004226501e-01 
 8.482800000000e-09  4.589511790778e-01 
 8.492800000000e-09  4.181230824786e-01 
 8.502800000000e-09  3.314361998579e-01 
 8.512800000000e-09  2.099579552088e-01 
 8.522800000000e-09  6.604494217071e-02 
 8.532800000000e-09 -8.770181653146e-02 
 8.542800000000e-09 -2.350453284260e-01 
 8.552800000000e-09 -3.566779696417e-01 
 8.562800000000e-09 -4.352203250042e-01 
 8.572800000000e-09 -4.610766058363e-01 
 8.582800000000e-09 -4.333075216644e-01 
 8.592800000000e-09 -3.574174076183e-01 
 8.602800000000e-09 -2.436322193646e-01 
 8.612800000000e-09 -1.043238889472e-01 
 8.622800000000e-09  4.825979808403e-02 
 8.632800000000e-09  1.990337181248e-01 
 8.642800000000e-09  3.290841062505e-01 
 8.652800000000e-09  4.199557216349e-01 
 8.662800000000e-09  4.596559699483e-01 
 8.672800000000e-09  4.453072495048e-01 
 8.682800000000e-09  3.808918913344e-01 
 8.692800000000e-09  2.756447688907e-01 
 8.702800000000e-09  1.417210461474e-01 
 8.712800000000e-09 -8.725560994129e-03 
 8.722800000000e-09 -1.616651718339e-01 
 8.732800000000e-09 -2.988832238839e-01 
 8.742800000000e-09 -4.012703127964e-01 
 8.752800000000e-09 -4.546510416354e-01 
 8.762800000000e-09 -4.539992033287e-01 
 8.772800000000e-09 -4.016876051375e-01 
 8.782800000000e-09 -3.058083819338e-01 
 8.792800000000e-09 -1.780452433195e-01 
 8.802800000000e-09 -3.063787030955e-02 
 8.812800000000e-09  1.232472714506e-01 
 8.822800000000e-09  2.663546330322e-01 
 8.832800000000e-09  3.793083527756e-01 
 8.842800000000e-09  4.460771891795e-01 
 8.852800000000e-09  4.592889084903e-01 
 8.862800000000e-09  4.196280378178e-01 
 8.872800000000e-09  3.338913286289e-01 
 8.882800000000e-09  2.130764422638e-01 
 8.892800000000e-09  6.954845627663e-02 
 8.902800000000e-09 -8.413530121646e-02 
 8.912800000000e-09 -2.318429706596e-01 
 8.922800000000e-09 -3.542892231157e-01 
 8.932800000000e-09 -4.339792103775e-01 
 8.942800000000e-09 -4.610952374393e-01 
 8.952800000000e-09 -4.345297159814e-01 
 8.962800000000e-09 -3.596529270766e-01 
 8.972800000000e-09 -2.466070493763e-01 
 8.982800000000e-09 -1.077549595246e-01 
 8.992800000000e-09  4.467399889661e-02 
 9.002800000000e-09  1.956961176835e-01 
 9.012800000000e-09  3.264489333361e-01 
 9.022800000000e-09  4.184008547703e-01 
 9.032800000000e-09  4.593503114359e-01 
 9.042800000000e-09  4.462339002632e-01 
 9.052800000000e-09  3.828913176762e-01 
 9.062800000000e-09  2.784602107793e-01 
 9.072800000000e-09  1.450631475814e-01 
 9.082800000000e-09 -5.144108602641e-03 
 9.092800000000e-09 -1.582190220560e-01 
 9.102800000000e-09 -2.960242596540e-01 
 9.112800000000e-09 -3.994108100646e-01 
 9.122800000000e-09 -4.540202420114e-01 
 9.132800000000e-09 -4.546208339529e-01 
 9.142800000000e-09 -4.034355758008e-01 
 9.152800000000e-09 -3.084452326729e-01 
 9.162800000000e-09 -1.812793707877e-01 
 9.172800000000e-09 -3.418996981834e-02 
 9.182800000000e-09  1.197229539083e-01 
 9.192800000000e-09  2.633008847087e-01 
 9.202800000000e-09  3.771617971381e-01 
 9.212800000000e-09  4.451247662470e-01 
 9.222800000000e-09  4.595977611290e-01 
 9.232800000000e-09  4.211077770358e-01 
 9.242800000000e-09  3.363271672601e-01 
 9.252800000000e-09  2.161824497134e-01 
 9.262800000000e-09  7.304608358639e-02 
 9.272800000000e-09 -8.056594982880e-02 
 9.282800000000e-09 -2.286271197995e-01 
 9.292800000000e-09 -3.518771411396e-01 
 9.302800000000e-09 -4.327092794068e-01 
 9.312800000000e-09 -4.610844522631e-01 
 9.322800000000e-09 -4.357254141125e-01 
 9.332800000000e-09 -3.618675281235e-01 
 9.342800000000e-09 -2.495679951689e-01 
 9.352800000000e-09 -1.111785959665e-01 
 9.362800000000e-09  4.108764080832e-02 
 9.372800000000e-09  1.923475161231e-01 
 9.382800000000e-09  3.237923659049e-01 
 9.392800000000e-09  4.168177263526e-01 
 9.402800000000e-09  4.590149724294e-01 
 9.412800000000e-09  4.471330987186e-01 
 9.422800000000e-09  3.848684658019e-01 
 9.432800000000e-09  2.812602298095e-01 
 9.442800000000e-09  1.483962398689e-01 
 9.452800000000e-09 -1.564253865030e-03 
 9.462800000000e-09 -1.547644098675e-01 
 9.472800000000e-09 -2.931462580985e-01 
 9.482800000000e-09 -3.975243397822e-01 
 9.492800000000e-09 -4.533599734007e-01 
 9.502800000000e-09 -4.552142832552e-01 
 9.512800000000e-09 -4.051598162125e-01 
 9.522800000000e-09 -3.110646984318e-01 
 9.532800000000e-09 -1.845026236774e-01 
 9.542800000000e-09 -3.773808624763e-02 
 9.552800000000e-09  1.161931981403e-01 
 9.562800000000e-09  2.602310446264e-01 
 9.572800000000e-09  3.749901845837e-01 
 9.582800000000e-09  4.441432953499e-01 
 9.592800000000e-09  4.598777898030e-01 
 9.602800000000e-09  4.225622685250e-01 
 9.612800000000e-09  3.387436279782e-01 
 9.622800000000e-09  2.192758923736e-01 
 9.632800000000e-09  7.653768675793e-02 
 9.642800000000e-09 -7.699400456695e-02 
 9.652800000000e-09 -2.253980615045e-01 
 9.662800000000e-09 -3.494419657145e-01 
 9.672800000000e-09 -4.314108521259e-01 
 9.682800000000e-09 -4.610443533294e-01 
 9.692800000000e-09 -4.368943640439e-01 
 9.702800000000e-09 -3.640609705013e-01 
 9.712800000000e-09 -2.525148158905e-01 
 9.722800000000e-09 -1.145945673390e-01 
 9.732800000000e-09  3.750098928120e-02 
 9.742800000000e-09  1.889881686285e-01 
 9.752800000000e-09  3.211145893052e-01 
 9.762800000000e-09  4.152063800731e-01 
 9.772800000000e-09  4.586498831347e-01 
 9.782800000000e-09  4.480046802976e-01 
 9.792800000000e-09  3.868231095839e-01 
 9.802800000000e-09  2.840445624601e-01 
 9.812800000000e-09  1.517200704124e-01 
 9.822800000000e-09  2.013718657651e-03 
 9.832800000000e-09 -1.513016406795e-01 
 9.842800000000e-09 -2.902494836177e-01 
 9.852800000000e-09 -3.956110392895e-01 
 9.862800000000e-09 -4.526702213279e-01 
 9.872800000000e-09 -4.557794152178e-01 
 9.882800000000e-09 -4.068600966083e-01 
 9.892800000000e-09 -3.136664962435e-01 
 9.902800000000e-09 -1.877147454335e-01 
 9.912800000000e-09 -4.128193396371e-02 
 9.922800000000e-09  1.126583398366e-01 
 9.932800000000e-09  2.571454179656e-01 
 9.942800000000e-09  3.727936953826e-01 
 9.952800000000e-09  4.431327785702e-01 
 9.962800000000e-09  4.601288807469e-01 
 9.972800000000e-09  4.239913070634e-01 
 9.982800000000e-09  3.411404620484e-01 
 9.992800000000e-09  2.223565510027e-01 
 1.000000000000e-08  1.212034826532e-01 
