 1.628000000000e-10  1.983957900246e-02 
 1.728000000000e-10  9.942788763984e-03 
 1.828000000000e-10 -1.387579498196e-03 
 1.928000000000e-10 -1.282874060475e-02 
 2.028000000000e-10 -2.300689842318e-02 
 2.128000000000e-10 -3.066012423340e-02 
 2.228000000000e-10 -3.480287540392e-02 
 2.328000000000e-10 -3.485397745253e-02 
 2.428000000000e-10 -3.072072087455e-02 
 2.528000000000e-10 -2.281355776913e-02 
 2.628000000000e-10 -1.200416117152e-02 
 2.728000000000e-10  4.765666716779e-04 
 2.828000000000e-10  1.317504539346e-02 
 2.928000000000e-10  2.458336278914e-02 
 3.028000000000e-10  3.331204577960e-02 
 3.128000000000e-10  3.825970856696e-02 
 3.228000000000e-10  3.874829997271e-02 
 3.328000000000e-10  3.461665132009e-02 
 3.428000000000e-10  2.624851456956e-02 
 3.528000000000e-10  1.454173695167e-02 
 3.628000000000e-10  8.138916845062e-04 
 3.728000000000e-10 -1.333918176367e-02 
 3.828000000000e-10 -2.622716035257e-02 
 3.928000000000e-10 -3.626548333602e-02 
 4.028000000000e-10 -4.217641765568e-02 
 4.128000000000e-10 -4.315481340718e-02 
 4.228000000000e-10 -3.897847219278e-02 
 4.328000000000e-10 -3.004156670262e-02 
 4.428000000000e-10 -1.731531906018e-02 
 4.528000000000e-10 -2.237401604270e-03 
 4.628000000000e-10  1.344610868811e-02 
 4.728000000000e-10  2.787845158298e-02 
 4.828000000000e-10  3.930591363279e-02 
 4.928000000000e-10  4.629160197083e-02 
 5.028000000000e-10  4.789598122964e-02 
 5.128000000000e-10  4.380501655544e-02 
 5.228000000000e-10  3.437855536837e-02 
 5.328000000000e-10  2.062029814907e-02 
 5.428000000000e-10  4.072348127447e-03 
 5.528000000000e-10 -1.335155032108e-02 
 5.628000000000e-10 -2.958207934198e-02 
 5.728000000000e-10 -4.263696847495e-02 
 5.828000000000e-10 -5.086850166317e-02 
 5.928000000000e-10 -5.317765809566e-02 
 6.028000000000e-10 -4.916171462176e-02 
 6.128000000000e-10 -3.917211681427e-02 
 6.228000000000e-10 -2.428014906925e-02 
 6.328000000000e-10 -6.155673374692e-03 
 6.428000000000e-10  1.311452155803e-02 
 6.528000000000e-10  3.125789880545e-02 
 6.628000000000e-10  4.607611907936e-02 
 6.728000000000e-10  5.571275642790e-02 
 6.828000000000e-10  5.889089754714e-02 
 6.928000000000e-10  5.508580984453e-02 
 7.028000000000e-10  4.460140089732e-02 
 7.128000000000e-10  2.854484182085e-02 
 7.228000000000e-10  8.706643366345e-03 
 7.328000000000e-10 -1.263247396292e-02 
 7.428000000000e-10 -3.295316708831e-02 
 7.528000000000e-10 -4.978762741058e-02 
 7.628000000000e-10 -6.102417265831e-02 
 7.728000000000e-10 -6.518259214480e-02 
 7.828000000000e-10 -6.161510959444e-02 
 7.928000000000e-10 -5.059555698188e-02 
 8.028000000000e-10 -3.329055972970e-02 
 8.128000000000e-10 -1.162720898875e-02 
 8.228000000000e-10  1.191554527985e-02 
 8.328000000000e-10  3.457469540000e-02 
 8.428000000000e-10  5.361400334312e-02 
 8.528000000000e-10  6.665607573704e-02 
 8.628000000000e-10  7.199125792043e-02 
 8.728000000000e-10  6.881135294335e-02 
 8.828000000000e-10  5.732311801737e-02 
 8.928000000000e-10  3.872930291956e-02 
 9.028000000000e-10  1.509244183761e-02 
 9.128000000000e-10 -1.088786430806e-02 
 9.228000000000e-10 -3.616422110489e-02 
 9.328000000000e-10 -5.768302793632e-02 
 9.428000000000e-10 -7.275697176204e-02 
 9.528000000000e-10 -7.941896204432e-02 
 9.628000000000e-10 -7.669334765334e-02 
 9.728000000000e-10 -6.472899786392e-02 
 9.828000000000e-10 -4.477946498589e-02 
 9.928000000000e-10 -1.905339880127e-02 
 1.002800000000e-09  9.524872131854e-03 
 1.012800000000e-09  3.762145948093e-02 
 1.022800000000e-09  6.185709554523e-02 
 1.032800000000e-09  7.921360376624e-02 
 1.042800000000e-09  8.743228547155e-02 
 1.052800000000e-09  8.532969706421e-02 
 1.062800000000e-09  7.296223531023e-02 
 1.072800000000e-09  5.161616139309e-02 
 1.082800000000e-09  2.364913623939e-02 
 1.092800000000e-09 -7.767373130255e-03 
 1.102800000000e-09 -3.897582778738e-02 
 1.112800000000e-09 -6.622626191700e-02 
 1.122800000000e-09 -8.612614875367e-02 
 1.132800000000e-09 -9.609328663557e-02 
 1.142800000000e-09 -9.472204806195e-02 
 1.152800000000e-09 -8.197742526180e-02 
 1.162800000000e-09 -5.918663309708e-02 
 1.172800000000e-09 -2.886358851000e-02 
 1.182800000000e-09  5.569038583056e-03 
 1.192800000000e-09  4.012444621796e-02 
 1.202800000000e-09  7.066708447085e-02 
 1.212800000000e-09  9.340101849878e-02 
 1.222800000000e-09  1.053793497615e-01 
 1.232800000000e-09  1.049305599526e-01 
 1.242800000000e-09  9.189496689448e-02 
 1.252800000000e-09  6.762678190823e-02 
 1.262800000000e-09  3.480209036203e-02 
 1.272800000000e-09 -2.883992025843e-03 
 1.282800000000e-09 -4.108299966338e-02 
 1.292800000000e-09 -7.523331898000e-02 
 1.302800000000e-09 -1.010926382383e-01 
 1.312800000000e-09 -1.153128483794e-01 
 1.322800000000e-09 -1.159345614848e-01 
 1.332800000000e-09 -1.026670747051e-01 
 1.342800000000e-09 -7.689524905342e-02 
 1.352800000000e-09 -4.146307583497e-02 
 1.362800000000e-09 -3.421303276476e-04 
 1.372800000000e-09  4.175077977014e-02 
 1.382800000000e-09  7.981021237162e-02 
 1.392800000000e-09  1.091135315649e-01 
 1.402800000000e-09  1.258647665668e-01 
 1.412800000000e-09  1.277692227380e-01 
 1.422800000000e-09  1.143725891750e-01 
 1.432800000000e-09  8.708040815715e-02 
 1.442800000000e-09  4.891321524703e-02 
 1.452800000000e-09  4.138361227280e-03 
 1.462800000000e-09 -4.213309541816e-02 
 1.472800000000e-09 -8.441812183521e-02 
 1.482800000000e-09 -1.174730221800e-01 
 1.492800000000e-09 -1.370137408921e-01 
 1.502800000000e-09 -1.403810606202e-01 
 1.512800000000e-09 -1.269443612082e-01 
 1.522800000000e-09 -9.813095702281e-02 
 1.532800000000e-09 -5.714401019032e-02 
 1.542800000000e-09 -8.550678358330e-03 
 1.552800000000e-09  4.213889964635e-02 
 1.562800000000e-09  8.894826388040e-02 
 1.572800000000e-09  1.260785071903e-01 
 1.582800000000e-09  1.487083964729e-01 
 1.592800000000e-09  1.537642331240e-01 
 1.602800000000e-09  1.404062159165e-01 
 1.612800000000e-09  1.100767015546e-01 
 1.622800000000e-09  6.617381625766e-02 
 1.632800000000e-09  1.358198096360e-02 
 1.642800000000e-09 -4.177207516996e-02 
 1.652800000000e-09 -9.339485797810e-02 
 1.662800000000e-09 -1.348975589127e-01 
 1.672800000000e-09 -1.608810056743e-01 
 1.682800000000e-09 -1.678223086425e-01 
 1.692800000000e-09 -1.546545127030e-01 
 1.702800000000e-09 -1.228350942447e-01 
 1.712800000000e-09 -7.596539628962e-02 
 1.722800000000e-09 -1.925168289324e-02 
 1.732800000000e-09  4.096233347228e-02 
 1.742800000000e-09  9.765761855442e-02 
 1.752800000000e-09  1.438273334318e-01 
 1.762800000000e-09  1.734478369566e-01 
 1.772800000000e-09  1.824967322830e-01 
 1.782800000000e-09  1.696468594775e-01 
 1.792800000000e-09  1.363670451035e-01 
 1.802800000000e-09  8.647818117638e-02 
 1.812800000000e-09  2.552462098228e-02 
 1.822800000000e-09 -3.972503389684e-02 
 1.832800000000e-09 -1.017165183515e-01 
 1.842800000000e-09 -1.528017525359e-01 
 1.852800000000e-09 -1.862970084329e-01 
 1.862800000000e-09 -1.976441740678e-01 
 1.872800000000e-09 -1.852339081758e-01 
 1.882800000000e-09 -1.505456008923e-01 
 1.892800000000e-09 -9.763104683973e-02 
 1.902800000000e-09 -3.237873797779e-02 
 1.912800000000e-09  3.802321485720e-02 
 1.922800000000e-09  1.054886449120e-01 
 1.932800000000e-09  1.617127661406e-01 
 1.942800000000e-09  1.993147658797e-01 
 1.952800000000e-09  2.131546205990e-01 
 1.962800000000e-09  2.013083455552e-01 
 1.972800000000e-09  1.652637052997e-01 
 1.982800000000e-09  1.093228140176e-01 
 1.992800000000e-09  3.973408862261e-02 
 2.002800000000e-09 -3.589607682109e-02 
 2.012800000000e-09 -1.089559986600e-01 
 2.022800000000e-09 -1.704776491771e-01 
 2.032800000000e-09 -2.123597082025e-01 
 2.042800000000e-09 -2.288483487028e-01 
 2.052800000000e-09 -2.176813439524e-01 
 2.062800000000e-09 -1.803526648946e-01 
 2.072800000000e-09 -1.214278728761e-01 
 2.082800000000e-09 -4.752297744345e-02 
 2.092800000000e-09  3.334788069029e-02 
 2.102800000000e-09  1.120641702066e-01 
 2.112800000000e-09  1.789968967792e-01 
 2.122800000000e-09  2.253040071577e-01 
 2.132800000000e-09  2.445813243883e-01 
 2.142800000000e-09  2.341988827482e-01 
 2.152800000000e-09  1.956550126100e-01 
 2.162800000000e-09  1.337982349435e-01 
 2.172800000000e-09  5.562671994130e-02 
 2.182800000000e-09 -3.044594864067e-02 
 2.192800000000e-09 -1.148117748925e-01 
 2.202800000000e-09 -1.871931592876e-01 
 2.212800000000e-09 -2.380018045737e-01 
 2.222800000000e-09 -2.601620934090e-01 
 2.232800000000e-09 -2.506548490000e-01 
 2.242800000000e-09 -2.109796122014e-01 
 2.252800000000e-09 -1.462796654711e-01 
 2.262800000000e-09 -6.394244553005e-02 
 2.272800000000e-09  2.723314775769e-02 
 2.282800000000e-09  1.171798352309e-01 
 2.292800000000e-09  1.949917604736e-01 
 2.302800000000e-09  2.503347361745e-01 
 2.312800000000e-09  2.754407944479e-01 
 2.322800000000e-09  2.668785612376e-01 
 2.332800000000e-09  2.261479563006e-01 
 2.342800000000e-09  1.587030654813e-01 
 2.352800000000e-09  7.233067164793e-02 
 2.362800000000e-09 -2.379830324304e-02 
 2.372800000000e-09 -1.191889303750e-01 
 2.382800000000e-09 -2.023367711434e-01 
 2.392800000000e-09 -2.621766432155e-01 
 2.402800000000e-09 -2.902422959437e-01 
 2.412800000000e-09 -2.826755298910e-01 
 2.422800000000e-09 -2.409743862535e-01 
 2.432800000000e-09 -1.709115110985e-01 
 2.442800000000e-09 -8.067535657712e-02 
 2.452800000000e-09  2.020815539056e-02 
 2.462800000000e-09  1.208511836835e-01 
 2.472800000000e-09  2.091857580450e-01 
 2.482800000000e-09  2.734366750815e-01 
 2.492800000000e-09  3.044372434316e-01 
 2.502800000000e-09  2.978899743445e-01 
 2.512800000000e-09  2.552922762729e-01 
 2.522800000000e-09  1.827454911954e-01 
 2.532800000000e-09  8.884149524774e-02 
 2.542800000000e-09 -1.655649455439e-02 
 2.552800000000e-09 -1.222039746870e-01 
 2.562800000000e-09 -2.155107365929e-01 
 2.572800000000e-09 -2.840243924164e-01 
 2.582800000000e-09 -3.178898883303e-01 
 2.592800000000e-09 -3.123665628776e-01 
 2.602800000000e-09 -2.689503287538e-01 
 2.612800000000e-09 -1.940731581756e-01 
 2.622800000000e-09 -9.672487201401e-02 
 2.632800000000e-09  1.291421709392e-02 
 2.642800000000e-09  1.232791763919e-01 
 2.652800000000e-09  2.213009007766e-01 
 2.662800000000e-09  2.938870929159e-01 
 2.672800000000e-09  3.305118334221e-01 
 2.682800000000e-09  3.259921687136e-01 
 2.692800000000e-09  2.818244083341e-01 
 2.702800000000e-09  2.047734436011e-01 
 2.712800000000e-09  1.042193556358e-01 
 2.722800000000e-09 -9.361955642215e-03 
 2.732800000000e-09 -1.241210288532e-01 
 2.742800000000e-09 -2.265556945516e-01 
 2.752800000000e-09 -3.029787876606e-01 
 2.762800000000e-09 -3.422230415388e-01 
 2.772800000000e-09 -3.386721450635e-01 
 2.782800000000e-09 -2.938214170109e-01 
 2.792800000000e-09 -2.147629595640e-01 
 2.802800000000e-09 -1.112539154295e-01 
 2.812800000000e-09  5.956682872486e-03 
 2.822800000000e-09  1.247686450359e-01 
 2.832800000000e-09  2.312914425128e-01 
 2.842800000000e-09  3.112896363029e-01 
 2.852800000000e-09  3.529887901458e-01 
 2.862800000000e-09  3.503536537726e-01 
 2.872800000000e-09  3.048790402334e-01 
 2.882800000000e-09  2.239772541542e-01 
 2.892800000000e-09  1.177668363723e-01 
 2.902800000000e-09 -2.753139623846e-03 
 2.912800000000e-09 -1.252638204610e-01 
 2.922800000000e-09 -2.355303063545e-01 
 2.932800000000e-09 -3.188187777868e-01 
 2.942800000000e-09 -3.627897544594e-01 
 2.952800000000e-09 -3.610084973201e-01 
 2.962800000000e-09 -3.149694892579e-01 
 2.972800000000e-09 -2.323905314321e-01 
 2.982800000000e-09 -1.237300291147e-01 
 2.992800000000e-09 -2.162888250878e-04 
 3.002800000000e-09  1.256422136202e-01 
 3.012800000000e-09  2.393068919941e-01 
 3.022800000000e-09  3.255940306949e-01 
 3.032800000000e-09  3.716431081652e-01 
 3.042800000000e-09  3.706460394051e-01 
 3.052800000000e-09  3.240934610866e-01 
 3.062800000000e-09  2.399936561886e-01 
 3.072800000000e-09  1.291261173805e-01 
 3.082800000000e-09  2.925006733387e-03 
 3.092800000000e-09 -1.259377159988e-01 
 3.102800000000e-09 -2.426578482812e-01 
 3.112800000000e-09 -3.316498987988e-01 
 3.122800000000e-09 -3.795796258897e-01 
 3.132800000000e-09 -3.792932641564e-01 
 3.142800000000e-09 -3.322755730126e-01 
 3.152800000000e-09 -2.468060682298e-01 
 3.162800000000e-09 -1.339621048535e-01 
 3.172800000000e-09 -5.363183604009e-03 
 3.182800000000e-09  1.261780647985e-01 
 3.192800000000e-09  2.456257970022e-01 
 3.202800000000e-09  3.370374720808e-01 
 3.212800000000e-09  3.866514476484e-01 
 3.222800000000e-09  3.869979828772e-01 
 3.232800000000e-09  3.395563779870e-01 
 3.242800000000e-09  2.528578395414e-01 
 3.252800000000e-09  1.382533029746e-01 
 3.262800000000e-09  7.527856105245e-03 
 3.272800000000e-09 -1.263854049800e-01 
 3.282800000000e-09 -2.482497023481e-01 
 3.292800000000e-09 -3.418077530885e-01 
 3.302800000000e-09 -3.929165168862e-01 
 3.312800000000e-09 -3.938204840475e-01 
 3.322800000000e-09 -3.459931107620e-01 
 3.332800000000e-09 -2.581960183710e-01 
 3.342800000000e-09 -1.420294014820e-01 
 3.352800000000e-09 -9.425992172508e-03 
 3.362800000000e-09  1.265777708577e-01 
 3.372800000000e-09  2.505709386892e-01 
 3.382800000000e-09  3.460196482906e-01 
 3.392800000000e-09  3.984425973723e-01 
 3.402800000000e-09  3.998289040252e-01 
 3.412800000000e-09  3.516479148048e-01 
 3.422800000000e-09  2.628711194941e-01 
 3.432800000000e-09  1.453237387001e-01 
 3.442800000000e-09  1.106918535516e-02 
 3.452800000000e-09 -1.267676224392e-01 
 3.462800000000e-09 -2.526252045683e-01 
 3.472800000000e-09 -3.497280439645e-01 
 3.482800000000e-09 -4.032972876369e-01 
 3.492800000000e-09 -4.050957480143e-01 
 3.502800000000e-09 -3.565899630734e-01 
 3.512800000000e-09 -2.669409112055e-01 
 3.522800000000e-09 -1.481758173475e-01 
 3.532800000000e-09 -1.247356105796e-02 
 3.542800000000e-09  1.269649072680e-01 
 3.552800000000e-09  2.544478845305e-01 
 3.562800000000e-09  3.529891058694e-01 
 3.572800000000e-09  4.075492888317e-01 
 3.582800000000e-09  4.096935151525e-01 
 3.592800000000e-09  3.608848811904e-01 
 3.602800000000e-09  2.704578478341e-01 
 3.612800000000e-09  1.506223275090e-01 
 3.622800000000e-09  1.365549749746e-02 
 3.632800000000e-09 -1.271760301220e-01 
 3.642800000000e-09 -2.560681348452e-01 
 3.652800000000e-09 -3.558516092431e-01 
 3.662800000000e-09 -4.112608939185e-01 
 3.672800000000e-09 -4.136889825439e-01 
 3.682800000000e-09 -3.646010098768e-01 
 3.692800000000e-09 -2.734837787008e-01 
 3.702800000000e-09 -1.527070340070e-01 
 3.712800000000e-09 -1.463656818939e-02 
 3.722800000000e-09  1.274045653098e-01 
 3.732800000000e-09  2.575148400527e-01 
 3.742800000000e-09  3.583662736861e-01 
 3.752800000000e-09  4.144972774584e-01 
 3.762800000000e-09  4.171528348971e-01 
 3.772800000000e-09  3.678032609188e-01 
 3.782800000000e-09  2.760714868586e-01 
 3.792800000000e-09  1.544682099443e-01 
 3.802800000000e-09  1.543640379200e-02 
 3.812800000000e-09 -1.276520478166e-01 
 3.822800000000e-09 -2.588111976407e-01 
 3.832800000000e-09 -3.605756494483e-01 
 3.842800000000e-09 -4.173148841112e-01 
 3.852800000000e-09 -4.201475219158e-01 
 3.862800000000e-09 -3.705517602276e-01 
 3.872800000000e-09 -2.782718873129e-01 
 3.882800000000e-09 -1.559426088594e-01 
 3.892800000000e-09 -1.607401938183e-02 
 3.902800000000e-09  1.279195200188e-01 
 3.912800000000e-09  2.599786655834e-01 
 3.922800000000e-09  3.625191386923e-01 
 3.932800000000e-09  4.197653962527e-01 
 3.942800000000e-09  4.227294714865e-01 
 3.952800000000e-09  3.729004764199e-01 
 3.962800000000e-09  2.801308657399e-01 
 3.972800000000e-09  1.571638793893e-01 
 3.982800000000e-09  1.656767561779e-02 
 3.992800000000e-09 -1.282063244346e-01 
 4.002800000000e-09 -2.610348545827e-01 
 4.012800000000e-09 -3.642309772484e-01 
 4.022800000000e-09 -4.218952123271e-01 
 4.032800000000e-09 -4.249504695373e-01 
 4.042800000000e-09 -3.748993818035e-01 
 4.052800000000e-09 -2.816908447857e-01 
 4.062800000000e-09 -1.581629754653e-01 
 4.072800000000e-09 -1.693408698058e-02 
 4.082800000000e-09  1.285118801527e-01 
 4.092800000000e-09  2.619957760254e-01 
 4.102800000000e-09  3.657420263612e-01 
 4.112800000000e-09  4.237456864267e-01 
 4.122800000000e-09  4.268562628848e-01 
 4.132800000000e-09  3.765925471312e-01 
 4.142800000000e-09  2.829894827239e-01 
 4.152800000000e-09  1.589677778152e-01 
 4.162800000000e-09  1.718887531320e-02 
 4.172800000000e-09 -1.288346324668e-01 
 4.182800000000e-09 -2.628746021139e-01 
 4.192800000000e-09 -3.670790171115e-01 
 4.202800000000e-09 -4.253535879159e-01 
 4.212800000000e-09 -4.284881379595e-01 
 4.222800000000e-09 -3.780198842258e-01 
 4.232800000000e-09 -2.840607263367e-01 
 4.242800000000e-09 -1.596032366729e-01 
 4.252800000000e-09 -1.734588815021e-02 
 4.262800000000e-09  1.291733325897e-01 
 4.272800000000e-09  2.636831409968e-01 
 4.282800000000e-09  3.682655979988e-01 
 4.292800000000e-09  4.267511247317e-01 
 4.302800000000e-09  4.298820707540e-01 
 4.312800000000e-09  3.792162268531e-01 
 4.322800000000e-09  2.849344299985e-01 
 4.332800000000e-09  1.600915799965e-01 
 4.342800000000e-09  1.741782224675e-02 
 4.352800000000e-09 -1.295262347609e-01 
 4.362800000000e-09 -2.644311747313e-01 
 4.372800000000e-09 -3.693222415347e-01 
 4.382800000000e-09 -4.279667430861e-01 
 4.392800000000e-09 -4.310701310367e-01 
 4.402800000000e-09 -3.802126192867e-01 
 4.412800000000e-09 -2.856370379982e-01 
 4.422800000000e-09 -1.604523439214e-01 
 4.432800000000e-09 -1.741572201637e-02 
 4.442800000000e-09  1.298919429193e-01 
 4.452800000000e-09  2.651273654007e-01 
 4.462800000000e-09  3.702668199913e-01 
 4.472800000000e-09  4.290250838959e-01 
 4.482800000000e-09  4.320800371130e-01 
 4.492800000000e-09  3.810359912640e-01 
 4.502800000000e-09  2.861916677890e-01 
 4.512800000000e-09  1.607027955809e-01 
 4.522800000000e-09  1.734956674480e-02 
 4.532800000000e-09 -1.302688525033e-01 
 4.542800000000e-09 -2.657789537748e-01 
 4.552800000000e-09 -3.711148125564e-01 
 4.562800000000e-09 -4.299477986723e-01 
 4.572800000000e-09 -4.329362624634e-01 
 4.582800000000e-09 -3.817100579386e-01 
 4.592800000000e-09 -2.866185448727e-01 
 4.602800000000e-09 -1.608579324284e-01 
 4.612800000000e-09 -1.722794295905e-02 
 4.622800000000e-09  1.306556695527e-01 
 4.632800000000e-09  2.663922828846e-01 
 4.642800000000e-09  3.718796062695e-01 
 4.652800000000e-09  4.307535126188e-01 
 4.662800000000e-09  4.336598627864e-01 
 4.672800000000e-09  3.822553194308e-01 
 4.682800000000e-09  2.869352788180e-01 
 4.692800000000e-09  1.609309289802e-01 
 4.702800000000e-09  1.705851778214e-02 
 4.712800000000e-09 -1.310510523908e-01 
 4.722800000000e-09 -2.669727045932e-01 
 4.732800000000e-09 -3.725728023310e-01 
 4.742800000000e-09 -4.314585209403e-01 
 4.752800000000e-09 -4.342692873121e-01 
 4.762800000000e-09 -3.826896670258e-01 
 4.772800000000e-09 -2.871571429150e-01 
 4.782800000000e-09 -1.609331410818e-01 
 4.792800000000e-09 -1.684784971808e-02 
 4.802800000000e-09  1.314539053281e-01 
 4.812800000000e-09  2.675248642999e-01 
 4.822800000000e-09  3.732043698818e-01 
 4.832800000000e-09  4.320767845166e-01 
 4.842800000000e-09  4.347803715432e-01 
 4.852800000000e-09  3.830285359866e-01 
 4.862800000000e-09  2.872973959612e-01 
 4.872800000000e-09  1.608744942118e-01 
 4.882800000000e-09  1.660173738514e-02 
 4.892800000000e-09 -1.318631653575e-01 
 4.902800000000e-09 -2.680527148504e-01 
 4.912800000000e-09 -3.737829502181e-01 
 4.922800000000e-09 -4.326204709371e-01 
 4.932800000000e-09 -4.352069049159e-01 
 4.942800000000e-09 -3.832853063558e-01 
 4.952800000000e-09 -2.873674686782e-01 
 4.962800000000e-09 -1.607635035442e-01 
 4.972800000000e-09 -1.632512779885e-02 
 4.982800000000e-09  1.322779523614e-01 
 4.992800000000e-09  2.685596618318e-01 
 5.002800000000e-09  3.743159385010e-01 
 5.012800000000e-09  4.330999832875e-01 
 5.022800000000e-09  4.355607118181e-01 
 5.032800000000e-09  3.834715083472e-01 
 5.042800000000e-09  2.873772610479e-01 
 5.052800000000e-09  1.606075797530e-01 
 5.062800000000e-09  1.602235829563e-02 
 5.072800000000e-09 -1.326974519195e-01 
 5.082800000000e-09 -2.690486233873e-01 
 5.092800000000e-09 -3.748097431326e-01 
 5.102800000000e-09 -4.335243566736e-01 
 5.112800000000e-09 -4.358520371393e-01 
 5.122800000000e-09 -3.835970867709e-01 
 5.132800000000e-09 -2.873352736883e-01 
 5.142800000000e-09 -1.604130635296e-01 
 5.152800000000e-09 -1.569712671453e-02 
 5.162800000000e-09  1.331209807962e-01 
 5.172800000000e-09  2.695220995685e-01 
 5.182800000000e-09  3.752698354754e-01 
 5.192800000000e-09  4.339013102644e-01 
 5.202800000000e-09  4.360896641924e-01 
 5.212800000000e-09  3.836706053411e-01 
 5.222800000000e-09  2.872488542204e-01 
 5.232800000000e-09  1.601854524190e-01 
 5.242800000000e-09  1.535265224271e-02 
 5.252800000000e-09 -1.335479285568e-01 
 5.262800000000e-09 -2.699822437680e-01 
 5.272800000000e-09 -3.757009531136e-01 
 5.282800000000e-09 -4.342375268335e-01 
 5.292800000000e-09 -4.362800703175e-01 
 5.302800000000e-09 -3.837002307465e-01 
 5.312800000000e-09 -2.871274527305e-01 
 5.322800000000e-09 -1.599319239252e-01 
 5.332800000000e-09 -1.499356873712e-02 
 5.342800000000e-09  1.339767316152e-01 
 5.352800000000e-09  2.704308469970e-01 
 5.362800000000e-09  3.761081639971e-01 
 5.372800000000e-09  4.345406637409e-01 
 5.382800000000e-09  4.364345346774e-01 
 5.392800000000e-09  3.836934309351e-01 
 5.402800000000e-09  2.869727367814e-01 
 5.412800000000e-09  1.596537288830e-01 
 5.422800000000e-09  1.462008204495e-02 
 5.432800000000e-09 -1.344081279478e-01 
 5.442800000000e-09 -2.708694988773e-01 
 5.452800000000e-09 -3.764936730326e-01 
 5.462800000000e-09 -4.348132972970e-01 
 5.472800000000e-09 -4.365545606271e-01 
 5.482800000000e-09 -3.836533985679e-01 
 5.492800000000e-09 -2.867897861622e-01 
 5.502800000000e-09 -1.593545928109e-01 
 5.512800000000e-09 -1.423449549595e-02 
 5.522800000000e-09  1.348415551305e-01 
 5.532800000000e-09  2.712995523075e-01 
 5.542800000000e-09  3.768606815724e-01 
 5.552800000000e-09  4.350599822265e-01 
 5.562800000000e-09  4.366451998937e-01 
 5.572800000000e-09  3.835848456126e-01 
 5.582800000000e-09  2.865824777835e-01 
 5.592800000000e-09  1.590373119095e-01 
 5.602800000000e-09  1.383837614035e-02 
 5.612800000000e-09 -1.352767906112e-01 
 5.622800000000e-09 -2.717221581882e-01 
 5.632800000000e-09 -3.772115937670e-01 
 5.642800000000e-09 -4.352841198343e-01 
 5.652800000000e-09 -4.367104358927e-01 
 5.662800000000e-09 -3.834918080873e-01 
 5.672800000000e-09 -2.863543832767e-01 
 5.682800000000e-09 -1.587046232744e-01 
 5.692800000000e-09 -1.343337025067e-02 
 5.702800000000e-09  1.357134771961e-01 
 5.712800000000e-09  2.721383566001e-01 
 5.722800000000e-09  3.775487722984e-01 
 5.732800000000e-09  4.354890194383e-01 
 5.742800000000e-09  4.367539185374e-01 
 5.752800000000e-09  3.833777041114e-01 
 5.762800000000e-09  2.861083428956e-01 
 5.772800000000e-09  1.583586033891e-01 
 5.782800000000e-09  1.302066874745e-02 
 5.792800000000e-09 -1.361514077442e-01 
 5.802800000000e-09 -2.725489624826e-01 
 5.812800000000e-09 -3.778739851593e-01 
 5.822800000000e-09 -4.356772191708e-01 
 5.832800000000e-09 -4.367786273362e-01 
 5.842800000000e-09 -3.832455315061e-01 
 5.852800000000e-09 -2.858469816575e-01 
 5.862800000000e-09 -1.580012404395e-01 
 5.872800000000e-09 -1.260144644536e-02 
 5.882800000000e-09  1.365903547980e-01 
 5.892800000000e-09  2.729547621215e-01 
 5.902800000000e-09  3.781889632406e-01 
 5.912800000000e-09  4.358511170378e-01 
 5.922800000000e-09  4.367872023429e-01 
 5.932800000000e-09  3.830977775315e-01 
 5.942800000000e-09  2.855723863354e-01 
 5.952800000000e-09  1.576340774173e-01 
 5.962800000000e-09  1.217660371114e-02 
 5.972800000000e-09 -1.370301417665e-01 
 5.982800000000e-09 -2.733563412060e-01 
 5.992800000000e-09 -3.784950136814e-01 
 6.002800000000e-09 -4.360126056708e-01 
 6.012800000000e-09 -4.367818619440e-01 
 6.022800000000e-09 -3.829366565294e-01 
 6.032800000000e-09 -2.852864774239e-01 
 6.042800000000e-09 -1.572585547583e-01 
 6.052800000000e-09 -1.174697959601e-02 
 6.062800000000e-09  1.374706217849e-01 
 6.072800000000e-09  2.737542859848e-01 
 6.082800000000e-09  3.787933980656e-01 
 6.092800000000e-09  4.361634212803e-01 
 6.102800000000e-09  4.367645198749e-01 
 6.112800000000e-09  3.827639840232e-01 
 6.122800000000e-09  2.849907911991e-01 
 6.132800000000e-09  1.568758183396e-01 
 6.142800000000e-09  1.131325068680e-02 
 6.152800000000e-09 -1.379116527330e-01 
 6.162800000000e-09 -2.741490229343e-01 
 6.172800000000e-09 -3.790850858576e-01 
 6.182800000000e-09 -4.363049725060e-01 
 6.192800000000e-09 -4.367368205739e-01 
 6.202800000000e-09 -3.825813883855e-01 
 6.212800000000e-09 -2.846867285080e-01 
 6.222800000000e-09 -1.564869109143e-01 
 6.232800000000e-09 -1.087601800614e-02 
 6.242800000000e-09  1.383531373927e-01 
 6.252800000000e-09  2.745409843962e-01 
 6.262800000000e-09  3.793709936767e-01 
 6.272800000000e-09  4.364385170943e-01 
 6.282800000000e-09  4.367001549956e-01 
 6.292800000000e-09  3.823901984561e-01 
 6.302800000000e-09  2.843754216652e-01 
 6.312800000000e-09  1.560926822170e-01 
 6.322800000000e-09  1.043578686974e-02 
 6.332800000000e-09 -1.387949659273e-01 
 6.342800000000e-09 -2.749304840852e-01 
 6.352800000000e-09 -3.796518414211e-01 
 6.362800000000e-09 -4.365651007693e-01 
 6.372800000000e-09 -4.366557373072e-01 
 6.382800000000e-09 -3.821916076957e-01 
 6.392800000000e-09 -2.840578907769e-01 
 6.402800000000e-09 -1.556938875451e-01 
 6.412800000000e-09 -9.992989680547e-03 
 6.422800000000e-09  1.392370718303e-01 
 6.432800000000e-09  2.753178381956e-01 
 6.442800000000e-09  3.799282940341e-01 
 6.452800000000e-09  4.366856360135e-01 
 6.462800000000e-09  4.366045812969e-01 
 6.472800000000e-09  3.819865908563e-01 
 6.482800000000e-09  2.837349707722e-01 
 6.492800000000e-09  1.552911558234e-01 
 6.502800000000e-09  9.548001713056e-03 
 6.512800000000e-09 -1.396793726470e-01 
 6.522800000000e-09 -2.757032790582e-01 
 6.532800000000e-09 -3.802008859222e-01 
 6.542800000000e-09 -4.368008969101e-01 
 6.552800000000e-09 -4.365475804394e-01 
 6.562800000000e-09 -3.817760206207e-01 
 6.572800000000e-09 -2.834074040847e-01 
 6.582800000000e-09 -1.548850349954e-01 
 6.592800000000e-09 -9.101135654240e-03 
 6.602800000000e-09  1.401218212167e-01 
 6.612800000000e-09  2.760870365281e-01 
 6.622800000000e-09  3.804700993019e-01 
 6.632800000000e-09  4.369115467778e-01 
 6.642800000000e-09  4.364854755260e-01 
 6.652800000000e-09  3.815606131383e-01 
 6.662800000000e-09  2.830758062887e-01 
 6.672800000000e-09  1.544759896116e-01 
 6.682800000000e-09  8.652668877851e-03 
 6.692800000000e-09 -1.405643568793e-01 
 6.702800000000e-09 -2.764692832562e-01 
 6.712800000000e-09 -3.807363303148e-01 
 6.722800000000e-09 -4.370181569802e-01 
 6.732800000000e-09 -4.364189222922e-01 
 6.742800000000e-09 -3.813410056557e-01 
 6.752800000000e-09 -2.827407179048e-01 
 6.762800000000e-09 -1.540644180762e-01 
 6.772800000000e-09 -8.202828712818e-03 
 6.782800000000e-09  1.410069450447e-01 
 6.792800000000e-09  2.768501856398e-01 
 6.802800000000e-09  3.809999288563e-01 
 6.812800000000e-09  4.371212107566e-01 
 6.822800000000e-09  4.363484632284e-01 
 6.832800000000e-09  3.811177248691e-01 
 6.842800000000e-09  2.824025925800e-01 
 6.852800000000e-09  1.536506628893e-01 
 6.862800000000e-09  7.751819433321e-03 
 6.872800000000e-09 -1.414495416406e-01 
 6.882800000000e-09 -2.772298720468e-01 
 6.892800000000e-09 -3.812611879409e-01 
 6.902800000000e-09 -4.372211287222e-01 
 6.912800000000e-09 -4.362745786530e-01 
 6.922800000000e-09 -3.808912358532e-01 
 6.932800000000e-09 -2.820618242336e-01 
 6.942800000000e-09 -1.532350144911e-01 
 6.952800000000e-09 -7.299807177713e-03 
 6.962800000000e-09  1.418921205751e-01 
 6.972800000000e-09  2.776084626058e-01 
 6.982800000000e-09  3.815203617203e-01 
 6.992800000000e-09  4.373182636585e-01 
 7.002800000000e-09  4.361976665234e-01 
 7.012800000000e-09  3.806619261987e-01 
 7.022800000000e-09  2.817187469956e-01 
 7.032800000000e-09  1.528177250317e-01 
 7.042800000000e-09  6.846942044647e-03 
 7.052800000000e-09 -1.423346499906e-01 
 7.062800000000e-09 -2.779860525821e-01 
 7.072800000000e-09 -3.817776663684e-01 
 7.082800000000e-09 -4.374129244940e-01 
 7.092800000000e-09 -4.361180782299e-01 
 7.102800000000e-09 -3.804301353846e-01 
 7.112800000000e-09 -2.813736483850e-01 
 7.122800000000e-09 -1.523990068495e-01 
 7.132800000000e-09 -6.393346053380e-03 
 7.142800000000e-09  1.427771097787e-01 
 7.152800000000e-09  2.783627285410e-01 
 7.162800000000e-09  3.820332867185e-01 
 7.172800000000e-09  4.375053692377e-01 
 7.182800000000e-09  4.360361060776e-01 
 7.192800000000e-09  3.801961487235e-01 
 7.202800000000e-09  2.810267743904e-01 
 7.212800000000e-09  1.519790454204e-01 
 7.222800000000e-09  5.939129407440e-03 
 7.232800000000e-09 -1.432194768577e-01 
 7.242800000000e-09 -2.787385609146e-01 
 7.252800000000e-09 -3.822873818103e-01 
 7.262800000000e-09 -4.375958243621e-01 
 7.272800000000e-09 -4.359520069856e-01 
 7.282800000000e-09 -3.799602142094e-01 
 7.292800000000e-09 -2.806783352734e-01 
 7.302800000000e-09 -1.515579964455e-01 
 7.312800000000e-09 -5.484382141074e-03 
 7.322800000000e-09  1.436617354812e-01 
 7.332800000000e-09  2.791136119865e-01 
 7.342800000000e-09  3.825400862130e-01 
 7.352800000000e-09  4.376844788351e-01 
 7.362800000000e-09  4.358659958512e-01 
 7.372800000000e-09  3.797225419090e-01 
 7.382800000000e-09  2.803285121007e-01 
 7.392800000000e-09  1.511359963430e-01 
 7.402800000000e-09  5.029185229340e-03 
 7.412800000000e-09 -1.441038687613e-01 
 7.422800000000e-09 -2.794879335513e-01 
 7.432800000000e-09 -3.827915165986e-01 
 7.442800000000e-09 -4.377714984447e-01 
 7.452800000000e-09 -4.357782605251e-01 
 7.462800000000e-09 -3.794833132192e-01 
 7.472800000000e-09 -2.799774589803e-01 
 7.482800000000e-09 -1.507131596367e-01 
 7.492800000000e-09 -4.573605407213e-03 
 7.502800000000e-09  1.445458642107e-01 
 7.512800000000e-09  2.798615703387e-01 
 7.522800000000e-09  3.830417710132e-01 
 7.532800000000e-09  4.378570217349e-01 
 7.542800000000e-09  4.356889591000e-01 
 7.552800000000e-09  3.792426828486e-01 
 7.562800000000e-09  2.796253092283e-01 
 7.572800000000e-09  1.502895867409e-01 
 7.582800000000e-09  4.117702317810e-03 
 7.592800000000e-09 -1.449877092623e-01 
 7.602800000000e-09 -2.802345601803e-01 
 7.612800000000e-09 -3.832909348032e-01 
 7.622800000000e-09 -4.379411699500e-01 
 7.632800000000e-09 -4.356008245181e-01 
 7.642800000000e-09 -3.790030221441e-01 
 7.652800000000e-09 -2.792716646813e-01 
 7.662800000000e-09 -1.498645349826e-01 
 7.672800000000e-09 -3.660237751663e-03 
 7.682800000000e-09  1.454309498882e-01 
 7.692800000000e-09  2.806085663467e-01 
 7.702800000000e-09  3.835405262407e-01 
 7.712800000000e-09  4.380251191274e-01 
 7.722800000000e-09  4.355095683180e-01 
 7.732800000000e-09  3.787604471262e-01 
 7.742800000000e-09  2.789175751921e-01 
 7.752800000000e-09  1.494391242833e-01 
 7.762800000000e-09  3.202724471118e-03 
 7.772800000000e-09 -1.458739634085e-01 
 7.782800000000e-09 -2.809820993073e-01 
 7.792800000000e-09 -3.837894709594e-01 
 7.802800000000e-09 -4.381083002307e-01 
 7.812800000000e-09 -4.354174707538e-01 
 7.822800000000e-09 -3.785170173296e-01 
 7.832800000000e-09 -2.785627188528e-01 
 7.842800000000e-09 -1.490131172857e-01 
 7.852800000000e-09 -2.744875663460e-03 
 7.862800000000e-09  1.463169609570e-01 
 7.872800000000e-09  2.813551968753e-01 
 7.882800000000e-09  3.840375725787e-01 
 7.892800000000e-09  4.381903953755e-01 
 7.902800000000e-09  4.353243249399e-01 
 7.912800000000e-09  3.782727765854e-01 
 7.922800000000e-09  2.782073242812e-01 
 7.932800000000e-09  1.485868085885e-01 
 7.942800000000e-09  2.286951776602e-03 
 7.952800000000e-09 -1.467597970366e-01 
 7.962800000000e-09 -2.817279005441e-01 
 7.972800000000e-09 -3.842850872539e-01 
 7.982800000000e-09 -4.382717588018e-01 
 7.992800000000e-09 -4.352303827503e-01 
 8.002800000000e-09 -3.780277699494e-01 
 8.012800000000e-09 -2.778512859937e-01 
 8.022800000000e-09 -1.481600335118e-01 
 8.032800000000e-09 -1.828799459785e-03 
 8.042800000000e-09  1.472025572312e-01 
 8.052800000000e-09  2.821001820215e-01 
 8.062800000000e-09  3.845318606434e-01 
 8.072800000000e-09  4.383522075279e-01 
 8.082800000000e-09  4.351355721739e-01 
 8.092800000000e-09  3.777820859090e-01 
 8.102800000000e-09  2.774947829720e-01 
 8.112800000000e-09  1.477329817163e-01 
 8.122800000000e-09  1.370560995495e-03 
 8.132800000000e-09 -1.476451894052e-01 
 8.142800000000e-09 -2.824721111890e-01 
 8.152800000000e-09 -3.847780805328e-01 
 8.162800000000e-09 -4.384319549770e-01 
 8.172800000000e-09 -4.350400143370e-01 
 8.182800000000e-09 -3.775357175133e-01 
 8.192800000000e-09 -2.771377349253e-01 
 8.202800000000e-09 -1.473055578568e-01 
 8.212800000000e-09 -9.121644672090e-04 
 8.222800000000e-09  1.480877145498e-01 
 8.232800000000e-09  2.828436407663e-01 
 8.242800000000e-09  3.850236403690e-01 
 8.252800000000e-09  4.385109080591e-01 
 8.262800000000e-09  4.349437061022e-01 
 8.272800000000e-09  3.772887566797e-01 
 8.282800000000e-09  2.767802701938e-01 
 8.292800000000e-09  1.468778770157e-01 
 8.302800000000e-09  4.536806680595e-04 
 8.312800000000e-09 -1.485301262565e-01 
 8.322800000000e-09 -2.832148391000e-01 
 8.332800000000e-09 -3.852686676613e-01 
 8.342800000000e-09 -4.385891878144e-01 
 8.352800000000e-09 -4.348466981504e-01 
 8.362800000000e-09 -3.770411805865e-01 
 8.372800000000e-09 -2.764223358285e-01 
 8.382800000000e-09 -1.464498903315e-01 
 8.392800000000e-09  4.916403367305e-06 
 8.402800000000e-09  1.489724165946e-01 
 8.412800000000e-09  2.835856614414e-01 
 8.422800000000e-09  3.855130961507e-01 
 8.432800000000e-09  4.386667557388e-01 
 8.442800000000e-09  4.347490168242e-01 
 8.452800000000e-09  3.767930672341e-01 
 8.462800000000e-09  2.760640181140e-01 
 8.472800000000e-09  1.460216636707e-01 
 8.482800000000e-09 -4.635961665553e-04 
 8.492800000000e-09 -1.494145978841e-01 
 8.502800000000e-09 -2.839561631528e-01 
 8.512800000000e-09 -3.857570071805e-01 
 8.522800000000e-09 -4.387436760895e-01 
 8.532800000000e-09 -4.346506782041e-01 
 8.542800000000e-09 -3.765443940962e-01 
 8.552800000000e-09 -2.757052864069e-01 
 8.562800000000e-09 -1.455931765486e-01 
 8.572800000000e-09  9.223613689795e-04 
 8.582800000000e-09  1.498566525332e-01 
 8.592800000000e-09  2.843263095913e-01 
 8.602800000000e-09  3.860003637923e-01 
 8.612800000000e-09  4.388199403407e-01 
 8.622800000000e-09  4.345517167039e-01 
 8.632800000000e-09  3.762952206303e-01 
 8.642800000000e-09  2.753461957539e-01 
 8.652800000000e-09  1.451644643644e-01 
 8.662800000000e-09 -1.381202167723e-03 
 8.672800000000e-09 -1.502985976630e-01 
 8.682800000000e-09 -2.846961410353e-01 
 8.692800000000e-09 -3.862432150321e-01 
 8.702800000000e-09 -4.388955800077e-01 
 8.712800000000e-09 -4.344521336130e-01 
 8.722800000000e-09 -3.760455302124e-01 
 8.732800000000e-09 -2.749867311579e-01 
 8.742800000000e-09 -1.447355223059e-01 
 8.752800000000e-09  1.840111383407e-03 
 8.762800000000e-09  1.507404152867e-01 
 8.772800000000e-09  2.850656337699e-01 
 8.782800000000e-09  3.864855431091e-01 
 8.792800000000e-09  4.389706009117e-01 
 8.802800000000e-09  4.343519611792e-01 
 8.812800000000e-09  3.757953650691e-01 
 8.822800000000e-09  2.746269261733e-01 
 8.832800000000e-09  1.443063680410e-01 
 8.842800000000e-09 -2.299088625823e-03 
 8.852800000000e-09 -1.511821210723e-01 
 8.862800000000e-09 -2.854348149308e-01 
 8.872800000000e-09 -3.867273760003e-01 
 8.882800000000e-09 -4.390450169603e-01 
 8.892800000000e-09 -4.342511959179e-01 
 8.902800000000e-09 -3.755447151057e-01 
 8.912800000000e-09 -2.742667755662e-01 
 8.922800000000e-09 -1.438770043173e-01 
 8.932800000000e-09  2.758123935405e-03 
 8.942800000000e-09  1.516237002861e-01 
 8.952800000000e-09  2.858036698406e-01 
 8.962800000000e-09  3.869687072938e-01 
 8.972800000000e-09  4.391188392484e-01 
 8.982800000000e-09  4.341498640478e-01 
 8.992800000000e-09  3.752936087830e-01 
 9.002800000000e-09  2.739062989720e-01 
 9.012800000000e-09  1.434474391443e-01 
 9.022800000000e-09 -3.217220346006e-03 
 9.032800000000e-09 -1.520651650245e-01 
 9.042800000000e-09 -2.861722156502e-01 
 9.052800000000e-09 -3.872095520389e-01 
 9.062800000000e-09 -4.391920729892e-01 
 9.072800000000e-09 -4.340479617638e-01 
 9.082800000000e-09 -3.750420412380e-01 
 9.092800000000e-09 -2.735454965513e-01 
 9.102800000000e-09 -1.430176780959e-01 
 9.112800000000e-09  3.676368488762e-03 
 9.122800000000e-09  1.525065045947e-01 
 9.132800000000e-09  2.865404441770e-01 
 9.142800000000e-09  3.874499098630e-01 
 9.152800000000e-09  4.392647298192e-01 
 9.162800000000e-09  4.339455086708e-01 
 9.172800000000e-09  3.747900308847e-01 
 9.182800000000e-09  2.731843793872e-01 
 9.192800000000e-09  1.425877243205e-01 
 9.202800000000e-09 -4.135571930822e-03 
 9.212800000000e-09 -1.529477273923e-01 
 9.222800000000e-09 -2.869083656337e-01 
 9.232800000000e-09 -3.876897883392e-01 
 9.242800000000e-09 -4.393368111471e-01 
 9.252800000000e-09 -4.338425021915e-01 
 9.262800000000e-09 -3.745375763826e-01 
 9.272800000000e-09 -2.728229501502e-01 
 9.282800000000e-09 -1.421575837348e-01 
 9.292800000000e-09  4.594823143425e-03 
 9.302800000000e-09  1.533888262986e-01 
 9.312800000000e-09  2.872759760473e-01 
 9.322800000000e-09  3.879291898000e-01 
 9.332800000000e-09  4.394083270545e-01 
 9.342800000000e-09  4.337389561711e-01 
 9.352800000000e-09  3.742846892699e-01 
 9.362800000000e-09  2.724612149193e-01 
 9.372800000000e-09  1.417272572911e-01 
 9.382800000000e-09 -5.054125070150e-03 
 9.392800000000e-09 -1.538298066659e-01 
 9.402800000000e-09 -2.876432811316e-01 
 9.412800000000e-09 -3.881681177572e-01 
 9.422800000000e-09 -4.394792776069e-01 
 9.432800000000e-09 -4.336348694567e-01 
 9.442800000000e-09 -3.740313702462e-01 
 9.452800000000e-09 -2.720991771606e-01 
 9.462800000000e-09 -1.412967501393e-01 
 9.472800000000e-09  5.513472198319e-03 
 9.482800000000e-09  1.542706640876e-01 
 9.492800000000e-09  2.880102793897e-01 
 9.502800000000e-09  3.884065753545e-01 
 9.512800000000e-09  4.395496706948e-01 
 9.522800000000e-09  4.335302514265e-01 
 9.532800000000e-09  3.737776263762e-01 
 9.542800000000e-09  2.717368401616e-01 
 9.552800000000e-09  1.408660624026e-01 
 9.562800000000e-09 -5.972866561054e-03 
 9.572800000000e-09 -1.547114017038e-01 
 9.582800000000e-09 -2.883769737904e-01 
 9.592800000000e-09 -3.886445640494e-01 
 9.602800000000e-09 -4.396195061353e-01 
 9.612800000000e-09 -4.334251020364e-01 
 9.622800000000e-09 -3.735234593296e-01 
 9.632800000000e-09 -2.713742072821e-01 
 9.642800000000e-09 -1.404351981208e-01 
 9.652800000000e-09  6.432304376818e-03 
 9.662800000000e-09  1.551520169683e-01 
 9.672800000000e-09  2.887433641338e-01 
 9.682800000000e-09  3.888820868429e-01 
 9.692800000000e-09  4.396887897086e-01 
 9.702800000000e-09  4.333194274483e-01 
 9.712800000000e-09  3.732688733814e-01 
 9.722800000000e-09  2.710112803246e-01 
 9.732800000000e-09  1.400041572179e-01 
 9.742800000000e-09 -6.891786857962e-03 
 9.752800000000e-09 -1.555925115476e-01 
 9.762800000000e-09 -2.891094518084e-01 
 9.772800000000e-09 -3.891191442416e-01 
 9.782800000000e-09 -4.397575213721e-01 
 9.792800000000e-09 -4.332132283066e-01 
 9.802800000000e-09 -3.730138704946e-01 
 9.812800000000e-09 -2.706480621514e-01 
 9.822800000000e-09 -1.395729426581e-01 
 9.832800000000e-09  7.351311535894e-03 
 9.842800000000e-09  1.560328840692e-01 
 9.852800000000e-09  2.894752371802e-01 
 9.862800000000e-09  3.893557387105e-01 
 9.872800000000e-09  4.398257051607e-01 
 9.882800000000e-09  4.331065085793e-01 
 9.892800000000e-09  3.727584532663e-01 
 9.902800000000e-09  2.702845538104e-01 
 9.912800000000e-09  1.391415544087e-01 
 9.922800000000e-09 -7.810879010321e-03 
 9.932800000000e-09 -1.564731352861e-01 
 9.942800000000e-09 -2.898407207802e-01 
 9.952800000000e-09 -3.895918703649e-01 
 9.962800000000e-09 -4.398933412363e-01 
 9.972800000000e-09 -4.329992692432e-01 
 9.982800000000e-09 -3.725026235796e-01 
 9.992800000000e-09 -2.699207575650e-01 
 1.000000000000e-08 -1.771889704518e-01 
