 1.628000000000e-10  2.295052692488e-02 
 1.728000000000e-10  1.419076489763e-02 
 1.828000000000e-10  3.589699315282e-03 
 1.928000000000e-10 -7.687991904323e-03 
 2.028000000000e-10 -1.837087925649e-02 
 2.128000000000e-10 -2.721993043599e-02 
 2.228000000000e-10 -3.317471015996e-02 
 2.328000000000e-10 -3.547982577207e-02 
 2.428000000000e-10 -3.378257792766e-02 
 2.528000000000e-10 -2.817933915818e-02 
 2.628000000000e-10 -1.921572671158e-02 
 2.728000000000e-10 -7.831816230165e-03 
 2.828000000000e-10  4.732662559716e-03 
 2.928000000000e-10  1.707177522319e-02 
 3.028000000000e-10  2.776633629481e-02 
 3.128000000000e-10  3.554819632536e-02 
 3.228000000000e-10  3.945260335193e-02 
 3.328000000000e-10  3.893932212595e-02 
 3.428000000000e-10  3.396047654247e-02 
 3.528000000000e-10  2.497797249734e-02 
 3.628000000000e-10  1.291859072485e-02 
 3.728000000000e-10 -9.187814812690e-04 
 3.828000000000e-10 -1.499984195926e-02 
 3.928000000000e-10 -2.771866444057e-02 
 4.028000000000e-10 -3.758144766043e-02 
 4.128000000000e-10 -4.338526449685e-02 
 4.228000000000e-10 -4.436625183972e-02 
 4.328000000000e-10 -4.029564163087e-02 
 4.428000000000e-10 -3.151908897136e-02 
 4.528000000000e-10 -1.892477924627e-02 
 4.628000000000e-10 -3.854670054157e-03 
 4.728000000000e-10  1.203405593429e-02 
 4.828000000000e-10  2.694374793508e-02 
 4.928000000000e-10  3.914012996466e-02 
 5.028000000000e-10  4.715649829699e-02 
 5.128000000000e-10  4.997107854808e-02 
 5.228000000000e-10  4.713665452840e-02 
 5.328000000000e-10  3.884567495828e-02 
 5.428000000000e-10  2.591347583279e-02 
 5.528000000000e-10  9.701823265437e-03 
 5.628000000000e-10 -8.024005712934e-03 
 5.728000000000e-10 -2.527793283943e-02 
 5.828000000000e-10 -4.006822975859e-02 
 5.928000000000e-10 -5.063548572161e-02 
 6.028000000000e-10 -5.566213435340e-02 
 6.128000000000e-10 -5.443832347139e-02 
 6.228000000000e-10 -4.696033332323e-02 
 6.328000000000e-10 -3.393792112388e-02 
 6.428000000000e-10 -1.672012995561e-02 
 6.528000000000e-10  2.837076234224e-03 
 6.628000000000e-10  2.255893341293e-02 
 6.728000000000e-10  4.019037236071e-02 
 6.828000000000e-10  5.365254245397e-02 
 6.928000000000e-10  6.129600210252e-02 
 7.028000000000e-10  6.210524482805e-02 
 7.128000000000e-10  5.583132272284e-02 
 7.228000000000e-10  4.303175115598e-02 
 7.328000000000e-10  2.500900444259e-02 
 7.428000000000e-10  3.683446022095e-03 
 7.528000000000e-10 -1.859568544966e-02 
 7.628000000000e-10 -3.930294785779e-02 
 7.728000000000e-10 -5.601816822957e-02 
 7.828000000000e-10 -6.671946941766e-02 
 7.928000000000e-10 -7.003283776249e-02 
 8.028000000000e-10 -6.540996803350e-02 
 8.128000000000e-10 -5.320698198184e-02 
 8.228000000000e-10 -3.464099442056e-02 
 8.328000000000e-10 -1.166726990065e-02 
 8.428000000000e-10  1.320962064306e-02 
 8.528000000000e-10  3.719606387675e-02 
 8.628000000000e-10  5.751339063458e-02 
 8.728000000000e-10  7.172720985563e-02 
 8.828000000000e-10  7.805533074894e-02 
 8.928000000000e-10  7.559554022357e-02 
 9.028000000000e-10  6.444266332626e-02 
 9.128000000000e-10  4.567687412327e-02 
 9.228000000000e-10  2.124970390106e-02 
 9.328000000000e-10 -6.204570289990e-03 
 9.428000000000e-10 -3.363372180904e-02 
 9.528000000000e-10 -5.788868834734e-02 
 9.628000000000e-10 -7.608924626609e-02 
 9.728000000000e-10 -8.598953326422e-02 
 9.828000000000e-10 -8.626514292101e-02 
 9.928000000000e-10 -7.668497372628e-02 
 1.002800000000e-09 -5.813879793488e-02 
 1.012800000000e-09 -3.253111325190e-02 
 1.022800000000e-09 -2.592378793876e-03 
 1.032800000000e-09  2.838513839794e-02 
 1.042800000000e-09  5.687983447296e-02 
 1.052800000000e-09  7.953737538005e-02 
 1.062800000000e-09  9.359093163629e-02 
 1.072800000000e-09  9.722803789037e-02 
 1.082800000000e-09  8.982450045439e-02 
 1.092800000000e-09  7.201087526654e-02 
 1.102800000000e-09  4.559029077476e-02 
 1.112800000000e-09  1.334905002508e-02 
 1.122800000000e-09 -2.120846588002e-02 
 1.132800000000e-09 -5.419586787991e-02 
 1.142800000000e-09 -8.176409196074e-02 
 1.152800000000e-09 -1.005767273559e-01 
 1.162800000000e-09 -1.082593055991e-01 
 1.172800000000e-09 -1.037101901803e-01 
 1.182800000000e-09 -8.722822364677e-02 
 1.192800000000e-09 -6.045753642575e-02 
 1.202800000000e-09 -2.619300948399e-02 
 1.212800000000e-09  1.188565873301e-02 
 1.222800000000e-09  4.954776229823e-02 
 1.232800000000e-09  8.244192785883e-02 
 1.242800000000e-09  1.066188140879e-01 
 1.252800000000e-09  1.190644878674e-01 
 1.262800000000e-09  1.181154148124e-01 
 1.272800000000e-09  1.036593066536e-01 
 1.282800000000e-09  7.710901334153e-02 
 1.292800000000e-09  4.121282065321e-02 
 1.302800000000e-09 -2.189347110328e-04 
 1.312800000000e-09 -4.264408084234e-02 
 1.322800000000e-09 -8.121598861909e-02 
 1.332800000000e-09 -1.113400013985e-01 
 1.342800000000e-09 -1.292935200095e-01 
 1.352800000000e-09 -1.327566746529e-01 
 1.362800000000e-09 -1.211086508719e-01 
 1.372800000000e-09 -9.545311786795e-02 
 1.382800000000e-09 -5.843285542946e-02 
 1.392800000000e-09 -1.393812976098e-02 
 1.402800000000e-09  3.322241969308e-02 
 1.412800000000e-09  7.773252733366e-02 
 1.422800000000e-09  1.143374102102e-01 
 1.432800000000e-09  1.385426969475e-01 
 1.442800000000e-09  1.472731784259e-01 
 1.452800000000e-09  1.392956295611e-01 
 1.462800000000e-09  1.153161534006e-01 
 1.472800000000e-09  7.780271360305e-02 
 1.482800000000e-09  3.066979849295e-02 
 1.492800000000e-09 -2.106139525127e-02 
 1.502800000000e-09 -7.164884590191e-02 
 1.512800000000e-09 -1.151845633965e-01 
 1.522800000000e-09 -1.463538750918e-01 
 1.532800000000e-09 -1.612315393914e-01 
 1.542800000000e-09 -1.578566934882e-01 
 1.552800000000e-09 -1.364335768814e-01 
 1.562800000000e-09 -9.917886258389e-02 
 1.572800000000e-09 -4.997308429081e-02 
 1.582800000000e-09  6.009100569247e-03 
 1.592800000000e-09  6.266155611282e-02 
 1.602800000000e-09  1.134573662372e-01 
 1.612800000000e-09  1.522361310544e-01 
 1.622800000000e-09  1.741353837441e-01 
 1.632800000000e-09  1.763464710228e-01 
 1.642800000000e-09  1.584515627238e-01 
 1.652800000000e-09  1.223241484131e-01 
 1.662800000000e-09  7.174986174678e-02 
 1.672800000000e-09  1.199788530554e-02 
 1.682800000000e-09 -5.053471286751e-02 
 1.692800000000e-09 -1.087641345578e-01 
 1.702800000000e-09 -1.556893595004e-01 
 1.712800000000e-09 -1.854409746852e-01 
 1.722800000000e-09 -1.942399018609e-01 
 1.732800000000e-09 -1.809152443840e-01 
 1.742800000000e-09 -1.468910625946e-01 
 1.752800000000e-09 -9.578738758187e-02 
 1.762800000000e-09 -3.291210152394e-02 
 1.772800000000e-09  3.512423279305e-02 
 1.782800000000e-09  1.007696656717e-01 
 1.792800000000e-09  1.562255529125e-01 
 1.802800000000e-09  1.945737317964e-01 
 1.812800000000e-09  2.109517027851e-01 
 1.822800000000e-09  2.032924521609e-01 
 1.832800000000e-09  1.724414813397e-01 
 1.842800000000e-09  1.217689379368e-01 
 1.852800000000e-09  5.656973024309e-02 
 1.862800000000e-09 -1.640308160821e-02 
 1.872800000000e-09 -8.923552021036e-02 
 1.882800000000e-09 -1.534146307155e-01 
 1.892800000000e-09 -2.009701078975e-01 
 1.902800000000e-09 -2.258613454520e-01 
 1.912800000000e-09 -2.249798896999e-01 
 1.922800000000e-09 -1.984462046777e-01 
 1.932800000000e-09 -1.492734587247e-01 
 1.942800000000e-09 -8.268808887234e-02 
 1.952800000000e-09 -5.528831821779e-03 
 1.962800000000e-09  7.403899110702e-02 
 1.972800000000e-09  1.469104395163e-01 
 1.982800000000e-09  2.041071206854e-01 
 1.992800000000e-09  2.383446096675e-01 
 2.002800000000e-09  2.453329562292e-01 
 2.012800000000e-09  2.243085185591e-01 
 2.022800000000e-09  1.777946145064e-01 
 2.032800000000e-09  1.108780870655e-01 
 2.042800000000e-09  3.044193812577e-02 
 2.052800000000e-09 -5.519487094512e-02 
 2.062800000000e-09 -1.364852564941e-01 
 2.072800000000e-09 -2.035398109572e-01 
 2.082800000000e-09 -2.478068062638e-01 
 2.092800000000e-09 -2.636904810092e-01 
 2.102800000000e-09 -2.493793571983e-01 
 2.112800000000e-09 -2.067528485863e-01 
 2.122800000000e-09 -1.406590394705e-01 
 2.132800000000e-09 -5.798899293477e-02 
 2.142800000000e-09  3.285555140329e-02 
 2.152800000000e-09  1.220450224515e-01 
 2.162800000000e-09  1.989284373090e-01 
 2.172800000000e-09  2.537166193443e-01 
 2.182800000000e-09  2.794103514646e-01 
 2.192800000000e-09  2.729866125122e-01 
 2.202800000000e-09  2.355161642998e-01 
 2.212800000000e-09  1.714781037213e-01 
 2.222800000000e-09  8.772223784993e-02 
 2.232800000000e-09 -7.306549694103e-03 
 2.242800000000e-09 -1.036414128399e-01 
 2.252800000000e-09 -1.900620952579e-01 
 2.262800000000e-09 -2.556332718743e-01 
 2.272800000000e-09 -2.918957488404e-01 
 2.282800000000e-09 -2.944590492183e-01 
 2.292800000000e-09 -2.634164155712e-01 
 2.302800000000e-09 -2.027253530848e-01 
 2.312800000000e-09 -1.191142025330e-01 
 2.322800000000e-09 -2.105139589449e-02 
 2.332800000000e-09  8.146768768616e-02 
 2.342800000000e-09  1.768695466226e-01 
 2.352800000000e-09  2.532280213465e-01 
 2.362800000000e-09  3.006231900146e-01 
 2.372800000000e-09  3.131596223640e-01 
 2.382800000000e-09  2.897777869589e-01 
 2.392800000000e-09  2.337539021304e-01 
 2.402800000000e-09  1.515791052599e-01 
 2.412800000000e-09  5.172335168691e-02 
 2.422800000000e-09 -5.585060179683e-02 
 2.432800000000e-09 -1.594268617900e-01 
 2.442800000000e-09 -2.463028499516e-01 
 2.452800000000e-09 -3.051643317731e-01 
 2.462800000000e-09 -3.285096768397e-01 
 2.472800000000e-09 -3.139454224724e-01 
 2.482800000000e-09 -2.639042989050e-01 
 2.492800000000e-09 -1.844965377638e-01 
 2.502800000000e-09 -8.414865297749e-02 
 2.512800000000e-09  2.722913723665e-02 
 2.522800000000e-09  1.379537780471e-01 
 2.532800000000e-09  2.348040501270e-01 
 2.542800000000e-09  3.052095190731e-01 
 2.552800000000e-09  3.400157759353e-01 
 2.562800000000e-09  3.353188714221e-01 
 2.572800000000e-09  2.925347509253e-01 
 2.582800000000e-09  2.172366007270e-01 
 2.592800000000e-09  1.177291507783e-01 
 2.602800000000e-09  3.871677193433e-03 
 2.612800000000e-09 -1.128026952884e-01 
 2.622800000000e-09 -2.188282237572e-01 
 2.632800000000e-09 -3.005850226081e-01 
 2.642800000000e-09 -3.472886832054e-01 
 2.652800000000e-09 -3.533728324759e-01 
 2.662800000000e-09 -3.190465399848e-01 
 2.672800000000e-09 -2.491867097928e-01 
 2.682800000000e-09 -1.518604005257e-01 
 2.692800000000e-09 -3.687735268281e-02 
 2.702800000000e-09  8.443230172596e-02 
 2.712800000000e-09  1.986139854078e-01 
 2.722800000000e-09  2.912614046588e-01 
 2.732800000000e-09  3.500600136838e-01 
 2.742800000000e-09  3.676737803419e-01 
 2.752800000000e-09  3.429074305823e-01 
 2.762800000000e-09  2.797746143421e-01 
 2.772800000000e-09  1.859566169476e-01 
 2.782800000000e-09  7.119777252366e-02 
 2.792800000000e-09 -5.337469156093e-02 
 2.802800000000e-09 -1.745209956903e-01 
 2.812800000000e-09 -2.773482321322e-01 
 2.822800000000e-09 -3.481881493688e-01 
 2.832800000000e-09 -3.778894064192e-01 
 2.842800000000e-09 -3.636640493441e-01 
 2.852800000000e-09 -3.084790195412e-01 
 2.862800000000e-09 -2.194667916181e-01 
 2.872800000000e-09 -1.062549893125e-01 
 2.882800000000e-09  2.019917858889e-02 
 2.892800000000e-09  1.470005326518e-01 
 2.902800000000e-09  2.590795189092e-01 
 2.912800000000e-09  3.416561460958e-01 
 2.922800000000e-09  3.837924322458e-01 
 2.932800000000e-09  3.809428240134e-01 
 2.942800000000e-09  3.348338149481e-01 
 2.952800000000e-09  2.518862237246e-01 
 2.962800000000e-09  1.415053183486e-01 
 2.972800000000e-09  1.452201304546e-02 
 2.982800000000e-09 -1.165627908323e-01 
 2.992800000000e-09 -2.367914115785e-01 
 3.002800000000e-09 -3.305613608228e-01 
 3.012800000000e-09 -3.852579459126e-01 
 3.022800000000e-09 -3.944513893647e-01 
 3.032800000000e-09 -3.584391966417e-01 
 3.042800000000e-09 -2.827622035132e-01 
 3.052800000000e-09 -1.764496048431e-01 
 3.062800000000e-09 -5.023758001154e-02 
 3.072800000000e-09  8.374873281506e-02 
 3.082800000000e-09  2.108978542895e-01 
 3.092800000000e-09  3.151000838402e-01 
 3.102800000000e-09  3.822537346426e-01 
 3.112800000000e-09  4.039763190901e-01 
 3.122800000000e-09  3.789594477149e-01 
 3.132800000000e-09  3.116827239737e-01 
 3.142800000000e-09  2.106287301056e-01 
 3.152800000000e-09  8.642798737376e-02 
 3.162800000000e-09 -4.910549009139e-02 
 3.172800000000e-09 -1.818615984390e-01 
 3.182800000000e-09 -2.955444921958e-01 
 3.192800000000e-09 -3.748238323141e-01 
 3.202800000000e-09 -4.093727330200e-01 
 3.212800000000e-09 -3.961110053037e-01 
 3.222800000000e-09 -3.382720665554e-01 
 3.232800000000e-09 -2.436287587732e-01 
 3.242800000000e-09 -1.226230771793e-01 
 3.252800000000e-09  1.315677460367e-02 
 3.262800000000e-09  1.501656190099e-01 
 3.272800000000e-09  2.722269054969e-01 
 3.282800000000e-09  3.630864443570e-01 
 3.292800000000e-09  4.105673173362e-01 
 3.302800000000e-09  4.096689879648e-01 
 3.312800000000e-09  3.622067971699e-01 
 3.322800000000e-09  2.750834192704e-01 
 3.332800000000e-09  1.584033812504e-01 
 3.342800000000e-09  2.360831289596e-02 
 3.352800000000e-09 -1.163015132477e-01 
 3.362800000000e-09 -2.455333478518e-01 
 3.372800000000e-09 -3.472348317683e-01 
 3.382800000000e-09 -4.075574966287e-01 
 3.392800000000e-09 -4.194703979136e-01 
 3.402800000000e-09 -3.832151726455e-01 
 3.412800000000e-09 -3.046547844157e-01 
 3.422800000000e-09 -1.933820427736e-01 
 3.432800000000e-09 -6.073014405731e-02 
 3.442800000000e-09  8.076542197981e-02 
 3.452800000000e-09  2.158907458251e-01 
 3.462800000000e-09  3.275213988613e-01 
 3.472800000000e-09  4.003907304765e-01 
 3.482800000000e-09  4.253964681550e-01 
 3.492800000000e-09  4.010567397119e-01 
 3.502800000000e-09  3.320198973613e-01 
 3.512800000000e-09  2.272013360927e-01 
 3.522800000000e-09  9.778794129532e-02 
 3.532800000000e-09 -4.403601245968e-02 
 3.542800000000e-09 -1.837388239135e-01 
 3.552800000000e-09 -3.042361329632e-01 
 3.562800000000e-09 -3.891533454597e-01 
 3.572800000000e-09 -4.273676938617e-01 
 3.582800000000e-09 -4.155221218807e-01 
 3.592800000000e-09 -3.568861309961e-01 
 3.602800000000e-09 -2.595446219185e-01 
 3.612800000000e-09 -1.344155250575e-01 
 3.622800000000e-09  6.550007943702e-03 
 3.632800000000e-09  1.495092953233e-01 
 3.642800000000e-09  2.777023021999e-01 
 3.652800000000e-09  3.739852136298e-01 
 3.662800000000e-09  4.253600855049e-01 
 3.672800000000e-09  4.264522369350e-01 
 3.682800000000e-09  3.790076291440e-01 
 3.692800000000e-09  2.901250506462e-01 
 3.702800000000e-09  1.702826389323e-01 
 3.712800000000e-09  3.128781438304e-02 
 3.722800000000e-09 -1.136344429890e-01 
 3.732800000000e-09 -2.482844969893e-01 
 3.742800000000e-09 -3.550889143986e-01 
 3.752800000000e-09 -4.194026088325e-01 
 3.762800000000e-09 -4.337324775146e-01 
 3.772800000000e-09 -3.981688807388e-01 
 3.782800000000e-09 -3.186601260456e-01 
 3.792800000000e-09 -2.050726364345e-01 
 3.802800000000e-09 -6.909268272245e-02 
 3.812800000000e-09  7.655133675667e-02 
 3.822800000000e-09  2.163799069629e-01 
 3.832800000000e-09  3.327133689329e-01 
 3.842800000000e-09  4.095552999019e-01 
 3.852800000000e-09  4.372733794950e-01 
 3.862800000000e-09  4.141671788095e-01 
 3.872800000000e-09  3.448732874535e-01 
 3.882800000000e-09  2.384916721824e-01 
 3.892800000000e-09  1.065179181377e-01 
 3.902800000000e-09 -3.867384164698e-02 
 3.912800000000e-09 -1.823863329756e-01 
 3.922800000000e-09 -3.071320076028e-01 
 3.932800000000e-09 -3.959044892688e-01 
 3.942800000000e-09 -4.370155996181e-01 
 3.952800000000e-09 -4.268275232060e-01 
 3.962800000000e-09 -3.685193545572e-01 
 3.972800000000e-09 -2.702792253466e-01 
 3.982800000000e-09 -1.432644539674e-01 
 3.992800000000e-09  3.737415693674e-04 
 4.002800000000e-09  1.466868803201e-01 
 4.012800000000e-09  2.786442134218e-01 
 4.022800000000e-09  3.785854877897e-01 
 4.032800000000e-09  4.329488078802e-01 
 4.042800000000e-09  4.360189579579e-01 
 4.052800000000e-09  3.893903437106e-01 
 4.062800000000e-09  3.001871160356e-01 
 4.072800000000e-09  1.790525766797e-01 
 4.082800000000e-09  3.799934780953e-02 
 4.092800000000e-09 -1.096685737681e-01 
 4.102800000000e-09 -2.475898743177e-01 
 4.112800000000e-09 -3.577939541878e-01 
 4.122800000000e-09 -4.251069897613e-01 
 4.132800000000e-09 -4.416434836685e-01 
 4.142800000000e-09 -4.072936476622e-01 
 4.152800000000e-09 -3.279597805879e-01 
 4.162800000000e-09 -2.136059143663e-01 
 4.172800000000e-09 -7.610859202721e-02 
 4.182800000000e-09  7.172667428114e-02 
 4.192800000000e-09  2.143401937340e-01 
 4.202800000000e-09  3.337683866792e-01 
 4.212800000000e-09  4.135480973903e-01 
 4.222800000000e-09  4.436212615166e-01 
 4.232800000000e-09  4.220442501381e-01 
 4.242800000000e-09  3.533469569844e-01 
 4.252800000000e-09  2.466685265866e-01 
 4.262800000000e-09  1.136547924761e-01 
 4.272800000000e-09 -3.323079386114e-02 
 4.282800000000e-09 -1.792614174981e-01 
 4.292800000000e-09 -3.067669166051e-01 
 4.302800000000e-09 -3.983541895518e-01 
 4.312800000000e-09 -4.419013144892e-01 
 4.322800000000e-09 -4.334853805636e-01 
 4.332800000000e-09 -3.761306554155e-01 
 4.342800000000e-09 -2.780097670971e-01 
 4.352800000000e-09 -1.503769300970e-01 
 4.362800000000e-09 -5.486998174599e-03 
 4.372800000000e-09  1.427051183453e-01 
 4.382800000000e-09  2.770724148027e-01 
 4.392800000000e-09  3.796557005392e-01 
 4.402800000000e-09  4.364778667720e-01 
 4.412800000000e-09  4.414991268650e-01 
 4.422800000000e-09  3.961209396601e-01 
 4.432800000000e-09  3.073993045957e-01 
 4.442800000000e-09  1.860218527083e-01 
 4.452800000000e-09  4.410867773213e-02 
 4.462800000000e-09 -1.050317813571e-01 
 4.472800000000e-09 -2.450102234404e-01 
 4.482800000000e-09 -3.576439789845e-01 
 4.492800000000e-09 -4.273852898528e-01 
 4.502800000000e-09 -4.459939989519e-01 
 4.512800000000e-09 -4.131350566026e-01 
 4.522800000000e-09 -3.345948326963e-01 
 4.532800000000e-09 -2.203361074800e-01 
 4.542800000000e-09 -8.232696634932e-02 
 4.552800000000e-09  6.661061467219e-02 
 4.562800000000e-09  2.109349178762e-01 
 4.572800000000e-09  3.325506476364e-01 
 4.582800000000e-09  4.146791352197e-01 
 4.592800000000e-09  4.468949764613e-01 
 4.602800000000e-09  4.269980906193e-01 
 4.612800000000e-09  3.593625334350e-01 
 4.622800000000e-09  2.530857734953e-01 
 4.632800000000e-09  1.198711079185e-01 
 4.642800000000e-09 -2.778373729862e-02 
 4.652800000000e-09 -1.751925897522e-01 
 4.662800000000e-09 -3.046244480633e-01 
 4.672800000000e-09 -3.984391091024e-01 
 4.682800000000e-09 -4.441560338896e-01 
 4.692800000000e-09 -4.375642183646e-01 
 4.702800000000e-09 -3.814999963090e-01 
 4.712800000000e-09 -2.840554087374e-01 
 4.722800000000e-09 -1.565008309685e-01 
 4.732800000000e-09 -1.113973993534e-02 
 4.742800000000e-09  1.381167951125e-01 
 4.752800000000e-09  2.741403636401e-01 
 4.762800000000e-09  3.787954368832e-01 
 4.772800000000e-09  4.377749101816e-01 
 4.782800000000e-09  4.447227389619e-01 
 4.792800000000e-09  4.008260250453e-01 
 4.802800000000e-09  3.130222219006e-01 
 4.812800000000e-09  1.919764139012e-01 
 4.822800000000e-09  4.985918166362e-02 
 4.832800000000e-09 -1.000542020988e-01 
 4.842800000000e-09 -2.414176029453e-01 
 4.852800000000e-09 -3.559395038331e-01 
 4.862800000000e-09 -4.277867700693e-01 
 4.872800000000e-09 -4.483856886655e-01 
 4.882800000000e-09 -4.171625538071e-01 
 4.892800000000e-09 -3.397508420313e-01 
 4.902800000000e-09 -2.260575261938e-01 
 4.912800000000e-09 -8.808528012710e-02 
 4.922800000000e-09  6.135854557581e-02 
 4.932800000000e-09  2.068012082673e-01 
 4.942800000000e-09  3.300997819881e-01 
 4.952800000000e-09  4.142462083004e-01 
 4.962800000000e-09  4.484814795795e-01 
 4.972800000000e-09  4.303413531785e-01 
 4.982800000000e-09  3.640181294331e-01 
 4.992800000000e-09  2.585231964161e-01 
 5.002800000000e-09  1.255647331607e-01 
 5.012800000000e-09 -2.235459649236e-02 
 5.022800000000e-09 -1.706246792580e-01 
 5.032800000000e-09 -3.015204111362e-01 
 5.042800000000e-09 -3.972335282274e-01 
 5.052800000000e-09 -4.449685756282e-01 
 5.062800000000e-09 -4.402241709345e-01 
 5.072800000000e-09 -3.856311568931e-01 
 5.082800000000e-09 -2.891653539730e-01 
 5.092800000000e-09 -1.620682848967e-01 
 5.102800000000e-09 -1.666160291357e-02 
 5.112800000000e-09  1.332121127326e-01 
 5.122800000000e-09  2.704744755633e-01 
 5.132800000000e-09  3.768825437455e-01 
 5.142800000000e-09  4.378487513932e-01 
 5.152800000000e-09  4.467052102203e-01 
 5.162800000000e-09  4.044130305808e-01 
 5.172800000000e-09  3.177636622728e-01 
 5.182800000000e-09  1.973626808060e-01 
 5.192800000000e-09  5.539886019346e-02 
 5.202800000000e-09 -9.490382799218e-02 
 5.212800000000e-09 -2.372801912097e-01 
 5.222800000000e-09 -3.533875592900e-01 
 5.232800000000e-09 -4.271588246150e-01 
 5.242800000000e-09 -4.496990968000e-01 
 5.252800000000e-09 -4.201882221285e-01 
 5.262800000000e-09 -3.440866760435e-01 
 5.272800000000e-09 -2.312154949633e-01 
 5.282800000000e-09 -9.357945290542e-02 
 5.292800000000e-09  5.604394708007e-02 
 5.302800000000e-09  2.022770711868e-01 
 5.312800000000e-09  3.269761875993e-01 
 5.322800000000e-09  4.129537351352e-01 
 5.332800000000e-09  4.491373759229e-01 
 5.342800000000e-09  4.327936322454e-01 
 5.352800000000e-09  3.679188523455e-01 
 5.362800000000e-09  2.634136795957e-01 
 5.372800000000e-09  1.309613092856e-01 
 5.382800000000e-09 -1.694569846566e-02 
 5.392800000000e-09 -1.657905696228e-01 
 5.402800000000e-09 -2.978911524229e-01 
 5.412800000000e-09 -3.953167211751e-01 
 5.422800000000e-09 -4.449832518734e-01 
 5.432800000000e-09 -4.420969685530e-01 
 5.442800000000e-09 -3.890734239544e-01 
 5.452800000000e-09 -2.937522647715e-01 
 5.462800000000e-09 -1.673207663347e-01 
 5.472800000000e-09 -2.210226651526e-02 
 5.482800000000e-09  1.281404787161e-01 
 5.492800000000e-09  2.664073643117e-01 
 5.502800000000e-09  3.743876314980e-01 
 5.512800000000e-09  4.372430941186e-01 
 5.522800000000e-09  4.479963201666e-01 
 5.532800000000e-09  4.073755994890e-01 
 5.542800000000e-09  3.220108925633e-01 
 5.552800000000e-09  2.024274733356e-01 
 5.562800000000e-09  6.081401182781e-02 
 5.572800000000e-09 -8.966476297183e-02 
 5.582800000000e-09 -2.328447160916e-01 
 5.592800000000e-09 -3.503651091539e-01 
 5.602800000000e-09 -4.259558702709e-01 
 5.612800000000e-09 -4.504085776390e-01 
 5.622800000000e-09 -4.226515284437e-01 
 5.632800000000e-09 -3.479607399551e-01 
 5.642800000000e-09 -2.360542599717e-01 
 5.652800000000e-09 -9.892009449901e-02 
 5.662800000000e-09  5.070085104364e-02 
 5.672800000000e-09  1.975391366440e-01 
 5.682800000000e-09  3.234771096749e-01 
 5.692800000000e-09  4.111778168500e-01 
 5.702800000000e-09  4.492684926025e-01 
 5.712800000000e-09  4.347425832797e-01 
 5.722800000000e-09  3.713922405310e-01 
 5.732800000000e-09  2.679931690023e-01 
 5.742800000000e-09  1.361861071782e-01 
 5.752800000000e-09 -1.155373778387e-02 
 5.762800000000e-09 -1.608107503181e-01 
 5.772800000000e-09 -2.939670196154e-01 
 5.782800000000e-09 -3.929968234303e-01 
 5.792800000000e-09 -4.445443969961e-01 
 5.802800000000e-09 -4.435216295036e-01 
 5.812800000000e-09 -3.921228878445e-01 
 5.822800000000e-09 -2.980399187487e-01 
 5.832800000000e-09 -1.723909056886e-01 
 5.842800000000e-09 -2.749204077817e-02 
 5.852800000000e-09  1.229781347531e-01 
 5.862800000000e-09  2.621137877343e-01 
 5.872800000000e-09  3.715601590303e-01 
 5.882800000000e-09  4.362475390756e-01 
 5.892800000000e-09  4.488901043151e-01 
 5.902800000000e-09  4.099788621912e-01 
 5.912800000000e-09  3.259730078459e-01 
 5.922800000000e-09  2.073053404457e-01 
 5.932800000000e-09  6.615377176068e-02 
 5.942800000000e-09 -8.437880617540e-02 
 5.952800000000e-09 -2.282401053164e-01 
 5.962800000000e-09 -3.470712670934e-01 
 5.972800000000e-09 -4.244192031844e-01 
 5.982800000000e-09 -4.507670519555e-01 
 5.992800000000e-09 -4.247877439670e-01 
 6.002800000000e-09 -3.515658241441e-01 
 6.012800000000e-09 -2.407062191304e-01 
 6.022800000000e-09 -1.041686645021e-01 
 6.032800000000e-09  4.534478465655e-02 
 6.042800000000e-09  1.926791043629e-01 
 6.052800000000e-09  3.197590319657e-01 
 6.062800000000e-09  4.091176501189e-01 
 6.072800000000e-09  4.490906584149e-01 
 6.082800000000e-09  4.363951639110e-01 
 6.092800000000e-09  3.746139141488e-01 
 6.102800000000e-09  2.723889783092e-01 
 6.112800000000e-09  1.413078115236e-01 
 6.122800000000e-09 -6.174812177873e-03 
 6.132800000000e-09 -1.557472987386e-01 
 6.142800000000e-09 -2.898689256359e-01 
 6.152800000000e-09 -3.904366890888e-01 
 6.162800000000e-09 -4.438347329573e-01 
 6.172800000000e-09 -4.446787041810e-01 
 6.182800000000e-09 -3.949378545489e-01 
 6.192800000000e-09 -3.021485243338e-01 
 6.202800000000e-09 -1.773509281121e-01 
 6.212800000000e-09 -3.284906469028e-02 
 6.222800000000e-09  1.177636755927e-01 
 6.232800000000e-09  2.576850169759e-01 
 6.242800000000e-09  3.685315909686e-01 
 6.252800000000e-09  4.350154366242e-01 
 6.262800000000e-09  4.495429073509e-01 
 6.272800000000e-09  4.123643984782e-01 
 6.282800000000e-09  3.297622868938e-01 
 6.292800000000e-09  2.120692781199e-01 
 6.302800000000e-09  7.144593919898e-02 
 6.312800000000e-09 -7.906647780820e-02 
 6.322800000000e-09 -2.235333465681e-01 
 6.332800000000e-09 -3.436106645894e-01 
 6.342800000000e-09 -4.226763009374e-01 
 6.352800000000e-09 -4.509087125842e-01 
 6.362800000000e-09 -4.267222220734e-01 
 6.372800000000e-09 -3.550051793434e-01 
 6.382800000000e-09 -2.452428804295e-01 
 6.392800000000e-09 -1.093592084418e-01 
 6.402800000000e-09  3.998253408751e-02 
 6.412800000000e-09  1.877443081553e-01 
 6.422800000000e-09  3.159039642174e-01 
 6.432800000000e-09  4.068782861139e-01 
 6.442800000000e-09  4.487181867884e-01 
 6.452800000000e-09  4.378614273951e-01 
 6.462800000000e-09  3.776777004154e-01 
 6.472800000000e-09  2.766695959881e-01 
 6.482800000000e-09  1.463640062380e-01 
 6.492800000000e-09 -8.056424419640e-04 
 6.502800000000e-09 -1.506320139663e-01 
 6.512800000000e-09 -2.856600993218e-01 
 6.522800000000e-09 -3.877220830230e-01 
 6.532800000000e-09 -4.429508798816e-01 
 6.542800000000e-09 -4.456640224302e-01 
 6.552800000000e-09 -3.976027009718e-01 
 6.562800000000e-09 -3.061427231908e-01 
 6.572800000000e-09 -1.822397163843e-01 
 6.582800000000e-09 -3.818318485842e-02 
 6.592800000000e-09  1.125172709254e-01 
 6.602800000000e-09  2.531691290126e-01 
 6.612800000000e-09  3.653712776993e-01 
 6.622800000000e-09  4.336276992324e-01 
 6.632800000000e-09  4.500372703420e-01 
 6.642800000000e-09  4.146070209817e-01 
 6.652800000000e-09  3.334381215412e-01 
 6.662800000000e-09  2.167580034330e-01 
 6.672800000000e-09  7.670536541346e-02 
 6.682800000000e-09 -7.373849909153e-02 
 6.692800000000e-09 -2.187597565109e-01 
 6.702800000000e-09 -3.400385078071e-01 
 6.712800000000e-09 -4.207944010444e-01 
 6.722800000000e-09 -4.509043482167e-01 
 6.732800000000e-09 -4.285211152501e-01 
 6.742800000000e-09 -3.583333215402e-01 
 6.752800000000e-09 -2.497020400434e-01 
 6.762800000000e-09 -1.145097518309e-01 
 6.772800000000e-09  3.461767167179e-02 
 6.782800000000e-09  1.827597746247e-01 
 6.792800000000e-09  3.119552530674e-01 
 6.802800000000e-09  4.045151924869e-01 
 6.812800000000e-09  4.482113785197e-01 
 6.822800000000e-09  4.391993986394e-01 
 6.832800000000e-09  3.806330432086e-01 
 6.842800000000e-09  2.808710834528e-01 
 6.852800000000e-09  1.513744447580e-01 
 6.862800000000e-09  4.555381806882e-03 
 6.872800000000e-09 -1.454818579602e-01 
 6.882800000000e-09 -2.813741006271e-01 
 6.892800000000e-09 -3.848983885547e-01 
 6.902800000000e-09 -4.419438198263e-01 
 6.912800000000e-09 -4.465280649292e-01 
 6.922800000000e-09 -4.001617994486e-01 
 6.932800000000e-09 -3.100562679867e-01 
 6.942800000000e-09 -1.870778900782e-01 
 6.952800000000e-09 -4.350004632169e-02 
 6.962800000000e-09  1.072492866258e-01 
 6.972800000000e-09  2.485913616850e-01 
 6.982800000000e-09  3.621157904813e-01 
 6.992800000000e-09  4.321270461139e-01 
 7.002800000000e-09  4.504168832435e-01 
 7.012800000000e-09  4.167464312730e-01 
 7.022800000000e-09  3.370321691582e-01 
 7.032800000000e-09  2.213923344548e-01 
 7.042800000000e-09  8.194027480534e-02 
 7.052800000000e-09 -6.840026133226e-02 
 7.062800000000e-09 -2.139378189658e-01 
 7.072800000000e-09 -3.363838772729e-01 
 7.082800000000e-09 -4.188089701017e-01 
 7.092800000000e-09 -4.507913916641e-01 
 7.102800000000e-09 -4.302194910424e-01 
 7.112800000000e-09 -3.615792672285e-01 
 7.122800000000e-09 -2.541039460719e-01 
 7.132800000000e-09 -1.196301306907e-01 
 7.142800000000e-09  2.925184626891e-02 
 7.152800000000e-09  1.777385772375e-01 
 7.162800000000e-09  3.079357475716e-01 
 7.172800000000e-09  4.020576539661e-01 
 7.182800000000e-09  4.476021159686e-01 
 7.192800000000e-09  4.404398058650e-01 
 7.202800000000e-09  3.835062018927e-01 
 7.212800000000e-09  2.850126663890e-01 
 7.222800000000e-09  1.563497847812e-01 
 7.232800000000e-09  9.909282054171e-03 
 7.242800000000e-09 -1.403057149545e-01 
 7.252800000000e-09 -2.770286715428e-01 
 7.262800000000e-09 -3.819896067162e-01 
 7.272800000000e-09 -4.408404946959e-01 
 7.282800000000e-09 -4.472975259674e-01 
 7.292800000000e-09 -4.026386536579e-01 
 7.302800000000e-09 -3.139071329505e-01 
 7.312800000000e-09 -1.918764353855e-01 
 7.322800000000e-09 -4.880259870927e-02 
 7.332800000000e-09  1.019653012925e-01 
 7.342800000000e-09  2.439651879637e-01 
 7.352800000000e-09  3.587845334683e-01 
 7.362800000000e-09  4.305361111675e-01 
 7.372800000000e-09  4.507047496690e-01 
 7.382800000000e-09  4.188033599519e-01 
 7.392800000000e-09  3.405609577560e-01 
 7.402800000000e-09  2.259831489255e-01 
 7.412800000000e-09  8.715492332389e-02 
 7.422800000000e-09 -6.305473074343e-02 
 7.432800000000e-09 -2.090774168434e-01 
 7.442800000000e-09 -3.326621805043e-01 
 7.452800000000e-09 -4.167386584327e-01 
 7.462800000000e-09 -4.505894540699e-01 
 7.472800000000e-09 -4.318356759860e-01 
 7.482800000000e-09 -3.647581511595e-01 
 7.492800000000e-09 -2.584591372450e-01 
 7.502800000000e-09 -1.247254165698e-01 
 7.512800000000e-09  2.388607633596e-02 
 7.522800000000e-09  1.726877875781e-01 
 7.532800000000e-09  3.038576456834e-01 
 7.542800000000e-09  3.995211550651e-01 
 7.552800000000e-09  4.469071380200e-01 
 7.562800000000e-09  4.415987056723e-01 
 7.572800000000e-09  3.863108364907e-01 
 7.582800000000e-09  2.891042843142e-01 
 7.592800000000e-09  1.612954766723e-01 
 7.602800000000e-09  1.525640038210e-02 
 7.612800000000e-09 -1.351085182672e-01 
 7.622800000000e-09 -2.726334035966e-01 
 7.632800000000e-09 -3.790085176319e-01 
 7.642800000000e-09 -4.396550722355e-01 
 7.652800000000e-09 -4.479863419151e-01 
 7.662800000000e-09 -4.050454508671e-01 
 7.672800000000e-09 -3.177045690788e-01 
 7.682800000000e-09 -1.966409603489e-01 
 7.692800000000e-09 -5.409219941753e-02 
 7.702800000000e-09  9.666852213086e-02 
 7.712800000000e-09  2.392979752269e-01 
 7.722800000000e-09  3.553878960061e-01 
 7.732800000000e-09  4.288665952981e-01 
 7.742800000000e-09  4.509128821053e-01 
 7.752800000000e-09  4.207889050860e-01 
 7.762800000000e-09  3.440332666744e-01 
 7.772800000000e-09  2.305362291834e-01 
 7.782800000000e-09  9.235152745121e-02 
 7.792800000000e-09 -5.770365193762e-02 
 7.802800000000e-09 -2.041840528961e-01 
 7.812800000000e-09 -3.288818588540e-01 
 7.822800000000e-09 -4.145935379780e-01 
 7.832800000000e-09 -4.503090511030e-01 
 7.842800000000e-09 -4.333794430721e-01 
 7.852800000000e-09 -3.678780136205e-01 
 7.862800000000e-09 -2.627731803665e-01 
 7.872800000000e-09 -1.297982403721e-01 
 7.882800000000e-09  1.852106875943e-02 
 7.892800000000e-09  1.676114218235e-01 
 7.902800000000e-09  2.997277210749e-01 
 7.912800000000e-09  3.969141422186e-01 
 7.922800000000e-09  4.461354559875e-01 
 7.932800000000e-09  4.426846608124e-01 
 7.942800000000e-09  3.890541718413e-01 
 7.952800000000e-09  2.931511304390e-01 
 7.962800000000e-09  1.662143161715e-01 
 7.972800000000e-09  2.059673583463e-02 
 7.982800000000e-09 -1.298931806141e-01 
 7.992800000000e-09 -2.681937279509e-01 
 8.002800000000e-09 -3.759621703527e-01 
 8.012800000000e-09 -4.383951963894e-01 
 8.022800000000e-09 -4.486019345851e-01 
 8.032800000000e-09 -4.073886056444e-01 
 8.042800000000e-09 -3.214533826581e-01 
 8.052800000000e-09 -2.013743445821e-01 
 8.062800000000e-09 -5.936941340990e-02 
 8.072800000000e-09  9.136092372717e-02 
 8.082800000000e-09  2.345939578193e-01 
 8.092800000000e-09  3.519316533934e-01 
 8.102800000000e-09  4.271249870400e-01 
 8.112800000000e-09  4.510476751950e-01 
 8.122800000000e-09  4.227086310994e-01 
 8.132800000000e-09  3.474534571602e-01 
 8.142800000000e-09  2.350543823394e-01 
 8.152800000000e-09  9.753102515966e-02 
 8.162800000000e-09 -5.234822468283e-02 
 8.172800000000e-09 -1.992609090778e-01 
 8.182800000000e-09 -3.250475586275e-01 
 8.192800000000e-09 -4.123789428607e-01 
 8.202800000000e-09 -4.499556192489e-01 
 8.212800000000e-09 -4.348557413217e-01 
 8.222800000000e-09 -3.709428447187e-01 
 8.232800000000e-09 -2.670487483326e-01 
 8.242800000000e-09 -1.348497393471e-01 
 8.252800000000e-09  1.315748866057e-02 
 8.262800000000e-09  1.625119164674e-01 
 8.272800000000e-09  2.955498198253e-01 
 8.282800000000e-09  3.942411940100e-01 
 8.292800000000e-09  4.452917766123e-01 
 8.302800000000e-09  4.437020149954e-01 
 8.312800000000e-09  3.917397642085e-01 
 8.322800000000e-09  2.971556462441e-01 
 8.332800000000e-09  1.711075022446e-01 
 8.342800000000e-09  2.592997839975e-02 
 8.352800000000e-09 -1.246616022556e-01 
 8.362800000000e-09 -2.637128487245e-01 
 8.372800000000e-09 -3.728544762230e-01 
 8.382800000000e-09 -4.370648864462e-01 
 8.392800000000e-09 -4.491480668960e-01 
 8.402800000000e-09 -4.096712519689e-01 
 8.412800000000e-09 -3.251558163037e-01 
 8.422800000000e-09 -2.060778460653e-01 
 8.432800000000e-09 -6.463426048472e-02 
 8.442800000000e-09  8.604389434541e-02 
 8.452800000000e-09  2.298557092166e-01 
 8.462800000000e-09  3.484190695608e-01 
 8.472800000000e-09  4.253146828858e-01 
 8.482800000000e-09  4.511123844429e-01 
 8.492800000000e-09  4.245653262888e-01 
 8.502800000000e-09  3.508236263784e-01 
 8.512800000000e-09  2.395388871452e-01 
 8.522800000000e-09  1.026936907167e-01 
 8.532800000000e-09 -4.698938226920e-02 
 8.542800000000e-09 -1.943099972568e-01 
 8.552800000000e-09 -3.211620081241e-01 
 8.562800000000e-09 -4.100978084354e-01 
 8.572800000000e-09 -4.495320143298e-01 
 8.582800000000e-09 -4.362670616546e-01 
 8.592800000000e-09 -3.739545634992e-01 
 8.602800000000e-09 -2.712870249498e-01 
 8.612800000000e-09 -1.398802758619e-01 
 8.622800000000e-09  7.795992822993e-03 
 8.632800000000e-09  1.573909189072e-01 
 8.642800000000e-09  2.913263137691e-01 
 8.652800000000e-09  3.915049328579e-01 
 8.662800000000e-09  4.443786188397e-01 
 8.672800000000e-09  4.446529613915e-01 
 8.682800000000e-09  3.943692943076e-01 
 8.692800000000e-09  3.011187858449e-01 
 8.702800000000e-09  1.759755436131e-01 
 8.712800000000e-09  3.125595824479e-02 
 8.722800000000e-09 -1.194149188970e-01 
 8.732800000000e-09 -2.591926544823e-01 
 8.742800000000e-09 -3.696876593077e-01 
 8.752800000000e-09 -4.356663248658e-01 
 8.762800000000e-09 -4.496267485254e-01 
 8.772800000000e-09 -4.118950436591e-01 
 8.782800000000e-09 -3.288130598632e-01 
 8.792800000000e-09 -2.107521797110e-01 
 8.802800000000e-09 -6.988677677898e-02 
 8.812800000000e-09  8.071825331567e-02 
 8.822800000000e-09  2.250847402177e-01 
 8.832800000000e-09  3.448520019893e-01 
 8.842800000000e-09  4.234375175820e-01 
 8.852800000000e-09  4.511087428733e-01 
 8.862800000000e-09  4.263604638831e-01 
 8.872800000000e-09  3.541449007410e-01 
 8.882800000000e-09  2.439904705060e-01 
 8.892800000000e-09  1.078397198256e-01 
 8.902800000000e-09 -4.162765708130e-02 
 8.912800000000e-09 -1.893324917773e-01 
 8.922800000000e-09 -3.172267796932e-01 
 8.932800000000e-09 -4.077517539884e-01 
 8.942800000000e-09 -4.490397744667e-01 
 8.952800000000e-09 -4.376147258783e-01 
 8.962800000000e-09 -3.769141928354e-01 
 8.972800000000e-09 -2.754886472312e-01 
 8.982800000000e-09 -1.448900692879e-01 
 8.992800000000e-09  2.436968457619e-03 
 9.002800000000e-09  1.522494263611e-01 
 9.012800000000e-09  2.870586271162e-01 
 9.022800000000e-09  3.887068633902e-01 
 9.032800000000e-09  4.433973532599e-01 
 9.042800000000e-09  4.455386538434e-01 
 9.052800000000e-09  3.969436252740e-01 
 9.062800000000e-09  3.050412289312e-01 
 9.072800000000e-09  1.808183796051e-01 
 9.082800000000e-09  3.657375326963e-02 
 9.092800000000e-09 -1.141545405486e-01 
 9.102800000000e-09 -2.546348265219e-01 
 9.112800000000e-09 -3.664632779372e-01 
 9.122800000000e-09 -4.342006674463e-01 
 9.132800000000e-09 -4.500387288431e-01 
 9.142800000000e-09 -4.140603072475e-01 
 9.152800000000e-09 -3.324250425094e-01 
 9.162800000000e-09 -2.153970009873e-01 
 9.172800000000e-09 -7.512622338945e-02 
 9.182800000000e-09  7.538522258457e-02 
 9.192800000000e-09  2.202825591696e-01 
 9.202800000000e-09  3.412318886583e-01 
 9.212800000000e-09  4.214945585644e-01 
 9.222800000000e-09  4.510374555970e-01 
 9.232800000000e-09  4.280943675052e-01 
 9.242800000000e-09  3.574172544263e-01 
 9.252800000000e-09  2.484088255776e-01 
 9.262800000000e-09  1.129684850502e-01 
 9.272800000000e-09 -3.626410435024e-02 
 9.282800000000e-09 -1.843297540535e-01 
 9.292800000000e-09 -3.132432636490e-01 
 9.302800000000e-09 -4.053418761896e-01 
 9.312800000000e-09 -4.484796258661e-01 
 9.322800000000e-09 -4.388990717875e-01 
 9.332800000000e-09 -3.798217041483e-01 
 9.342800000000e-09 -2.796532539271e-01 
 9.352800000000e-09 -1.498784873726e-01 
 9.362800000000e-09 -2.918578419590e-03 
 9.372800000000e-09  1.470887751673e-01 
 9.382800000000e-09  2.827481877166e-01 
 9.392800000000e-09  3.858481638808e-01 
 9.402800000000e-09  4.423487229946e-01 
 9.412800000000e-09  4.463594168530e-01 
 9.422800000000e-09  3.994626822875e-01 
 9.432800000000e-09  3.089224674094e-01 
 9.442800000000e-09  1.856355279871e-01 
 9.452800000000e-09  4.188276304731e-02 
 9.462800000000e-09 -1.088814766026e-01 
 9.472800000000e-09 -2.500405697094e-01 
 9.482800000000e-09 -3.631824115390e-01 
 9.492800000000e-09 -4.326686325017e-01 
 9.502800000000e-09 -4.503844356698e-01 
 9.512800000000e-09 -4.161671742921e-01 
 9.522800000000e-09 -3.359916632452e-01 
 9.532800000000e-09 -2.200120733575e-01 
 9.542800000000e-09 -8.035212398469e-02 
 9.552800000000e-09  7.004565588179e-02 
 9.562800000000e-09  2.154502268972e-01 
 9.572800000000e-09  3.375597268179e-01 
 9.582800000000e-09  4.194864790532e-01 
 9.592800000000e-09  4.508989360241e-01 
 9.602800000000e-09  4.297671851324e-01 
 9.612800000000e-09  3.606406304285e-01 
 9.622800000000e-09  2.527937344412e-01 
 9.632800000000e-09  1.180795848749e-01 
 9.642800000000e-09 -3.089945188405e-02 
 9.652800000000e-09 -1.793027375444e-01 
 9.662800000000e-09 -3.092124388857e-01 
 9.672800000000e-09 -4.028689071072e-01 
 9.682800000000e-09 -4.478520186775e-01 
 9.692800000000e-09 -4.401184472858e-01 
 9.702800000000e-09 -3.826764821584e-01 
 9.712800000000e-09 -2.837826352910e-01 
 9.722800000000e-09 -1.548468994480e-01 
 9.732800000000e-09 -8.271624458064e-03 
 9.742800000000e-09  1.419085854842e-01 
 9.752800000000e-09  2.783951949544e-01 
 9.762800000000e-09  3.829294418933e-01 
 9.772800000000e-09  4.412336131913e-01 
 9.782800000000e-09  4.471163946128e-01 
 9.792800000000e-09  4.019277648502e-01 
 9.802800000000e-09  3.127638495950e-01 
 9.812800000000e-09  1.904283369049e-01 
 9.822800000000e-09  4.718404954287e-02 
 9.832800000000e-09 -1.035951992149e-01 
 9.842800000000e-09 -2.454098772988e-01 
 9.852800000000e-09 -3.598454224254e-01 
 9.862800000000e-09 -4.310708940686e-01 
 9.872800000000e-09 -4.506647453628e-01 
 9.882800000000e-09 -4.182165938242e-01 
 9.892800000000e-09 -3.395140539313e-01 
 9.902800000000e-09 -2.245986440488e-01 
 9.912800000000e-09 -8.556560439810e-02 
 9.922800000000e-09  6.469883350320e-02 
 9.932800000000e-09  2.105874531891e-01 
 9.942800000000e-09  3.338355705912e-01 
 9.952800000000e-09  4.174135470738e-01 
 9.962800000000e-09  4.506937545813e-01 
 9.972800000000e-09  4.313797463037e-01 
 9.982800000000e-09  3.638160756395e-01 
 9.992800000000e-09  2.571463717630e-01 
 1.000000000000e-08  1.623498086036e-01 
