% time-domain current integration by openEMS v0.0.36-88-g332ca7d @Sun Jan 18 11:45:25 2026
% start-coordinates: (-4.78375e-05,-5.24e-05,0.00015475) m -> [46,27,20]
% stop-coordinates: (-4.78375e-05,-3.33525e-05,0.00015624) m -> [46,63,22]
% t/s	current
4.51346598274e-16	-0
3.57015159235e-13	1.54532625845e-12
7.13578971872e-13	1.08937381685e-14
1.07014278451e-12	-1.07128290613e-11
1.42670659714e-12	-3.13220629988e-11
1.78327040978e-12	-7.57371526605e-11
2.13983422242e-12	-1.39289718648e-10
2.49639803505e-12	-2.08763367704e-10
2.85296184769e-12	-2.35099856249e-10
3.20952566033e-12	-1.33425076543e-10
3.56608947296e-12	2.02542871364e-10
3.9226532856e-12	8.51710368899e-10
4.27921709824e-12	1.79049752802e-09
4.63578091087e-12	2.80265899377e-09
4.99234472351e-12	3.47069661899e-09
5.34890853615e-12	3.2470228728e-09
5.70547234878e-12	1.6816239512e-09
6.06203616142e-12	-1.28571753244e-09
6.41859997406e-12	-5.13467712793e-09
6.77516378669e-12	-8.76243078096e-09
7.13172759933e-12	-1.08288968903e-08
7.48829141197e-12	-1.0297007691e-08
7.8448552246e-12	-6.94762425368e-09
8.20141903724e-12	-1.58932667027e-09
8.55798284988e-12	4.18925516499e-09
8.91454666251e-12	8.6472269345e-09
9.27111047515e-12	1.05694564212e-08
9.62767428779e-12	9.71487157386e-09
9.98423810042e-12	6.78727074543e-09
1.03408019131e-11	3.03961145143e-09
1.06973657257e-11	-2.99348379418e-10
1.10539295383e-11	-2.44533926441e-09
1.1410493351e-11	-3.22128856922e-09
1.17670571636e-11	-2.92498203436e-09
1.21236209762e-11	-2.07158890042e-09
1.24801847889e-11	-1.13217757391e-09
1.28367486015e-11	-4.02392147381e-10
1.31933124142e-11	2.66182666186e-11
1.35498762268e-11	1.96201971336e-10
1.39064400394e-11	2.069742433e-10
1.42630038521e-11	1.52345219773e-10
1.46195676647e-11	8.74255320915e-11
1.49761314773e-11	3.96551055881e-11
1.533269529e-11	1.22524872193e-11
1.56892591026e-11	1.24931575501e-12
1.60458229152e-11	-1.47620284052e-12
1.64023867279e-11	-3.46735227336e-13
1.67589505405e-11	1.47590013128e-12
1.71155143532e-11	9.95520939989e-13
1.74720781658e-11	8.58161198353e-13
1.78286419784e-11	1.20316777374e-12
1.81852057911e-11	1.85349305348e-12
1.85417696037e-11	1.351458008e-12
1.88983334163e-11	7.35422139853e-13
1.9254897229e-11	9.79728017464e-13
1.96114610416e-11	7.64502176842e-13
1.99680248543e-11	1.4948940523e-12
2.03245886669e-11	1.38790021142e-12
2.06811524795e-11	9.1542702238e-13
2.10377162922e-11	3.49960511958e-13
2.13942801048e-11	4.38752116236e-13
2.17508439174e-11	1.17747803695e-12
2.21074077301e-11	1.09734096809e-12
2.24639715427e-11	6.73791101038e-13
2.28205353553e-11	4.10195098374e-13
2.3177099168e-11	1.20282690058e-13
2.35336629806e-11	1.03415930333e-12
2.38902267933e-11	7.41400213791e-13
2.42467906059e-11	1.03039517023e-12
2.46033544185e-11	4.88831848264e-13
2.49599182312e-11	7.48770837e-13
2.53164820438e-11	2.87901430127e-13
