 1.628000000000e-10  7.664266602321e-03 
 1.728000000000e-10 -6.974544317808e-03 
 1.828000000000e-10 -2.114756544424e-02 
 1.928000000000e-10 -3.284406071824e-02 
 2.028000000000e-10 -4.032773586307e-02 
 2.128000000000e-10 -4.239749434108e-02 
 2.228000000000e-10 -3.857776873058e-02 
 2.328000000000e-10 -2.920629589559e-02 
 2.428000000000e-10 -1.540702159534e-02 
 2.528000000000e-10  1.041489081761e-03 
 2.628000000000e-10  1.792575498155e-02 
 2.728000000000e-10  3.288429795724e-02 
 2.828000000000e-10  4.373560897033e-02 
 2.928000000000e-10  4.880204848639e-02 
 3.028000000000e-10  4.717348869070e-02 
 3.128000000000e-10  3.885903693432e-02 
 3.228000000000e-10  2.480445762043e-02 
 3.328000000000e-10  6.781733187206e-03 
 3.428000000000e-10 -1.282614909074e-02 
 3.528000000000e-10 -3.132174567024e-02 
 3.628000000000e-10 -4.605713095944e-02 
 3.728000000000e-10 -5.481746903823e-02 
 3.828000000000e-10 -5.615982047639e-02 
 3.928000000000e-10 -4.965188382529e-02 
 4.028000000000e-10 -3.595215720792e-02 
 4.128000000000e-10 -1.673691971372e-02 
 4.228000000000e-10  5.500696985542e-03 
 4.328000000000e-10  2.775268286082e-02 
 4.428000000000e-10  4.688247109391e-02 
 4.528000000000e-10  6.006744662961e-02 
 4.628000000000e-10  6.523356378563e-02 
 4.728000000000e-10  6.139139325967e-02 
 4.828000000000e-10  4.880039629003e-02 
 4.928000000000e-10  2.894364073750e-02 
 5.028000000000e-10  4.345050716460e-03 
 5.128000000000e-10 -2.172983093548e-02 
 5.228000000000e-10 -4.567150116468e-02 
 5.328000000000e-10 -6.401176797791e-02 
 5.428000000000e-10 -7.394670918179e-02 
 5.528000000000e-10 -7.379265490690e-02 
 5.628000000000e-10 -6.326356189785e-02 
 5.728000000000e-10 -4.351880784432e-02 
 5.828000000000e-10 -1.701020498036e-02 
 5.928000000000e-10  1.281021226036e-02 
 6.028000000000e-10  4.188974078105e-02 
 6.128000000000e-10  6.608721197710e-02 
 6.228000000000e-10  8.177702060135e-02 
 6.328000000000e-10  8.644051155215e-02 
 6.428000000000e-10  7.908925464962e-02 
 6.528000000000e-10  6.041535027894e-02 
 6.628000000000e-10  3.267884173800e-02 
 6.728000000000e-10 -5.798664902144e-04 
 6.828000000000e-10 -3.493547918858e-02 
 6.928000000000e-10 -6.559099235606e-02 
 7.028000000000e-10 -8.803481909377e-02 
 7.128000000000e-10 -9.876817336701e-02 
 7.228000000000e-10 -9.591140350770e-02 
 7.328000000000e-10 -7.950578518610e-02 
 7.428000000000e-10 -5.147009152942e-02 
 7.528000000000e-10 -1.531684173757e-02 
 7.628000000000e-10  2.424811957827e-02 
 7.728000000000e-10  6.179110201947e-02 
 7.828000000000e-10  9.187469174175e-02 
 7.928000000000e-10  1.099516053685e-01 
 8.028000000000e-10  1.130739487372e-01 
 8.128000000000e-10  1.003962549740e-01 
 8.228000000000e-10  7.330798518648e-02 
 8.328000000000e-10  3.512423867735e-02 
 8.428000000000e-10 -9.274625875989e-03 
 8.528000000000e-10 -5.390697141546e-02 
 8.628000000000e-10 -9.244789408516e-02 
 8.728000000000e-10 -1.191674535876e-01 
 8.828000000000e-10 -1.298510044272e-01 
 8.928000000000e-10 -1.225344169196e-01 
 9.028000000000e-10 -9.786275760819e-02 
 9.128000000000e-10 -5.881616105577e-02 
 9.228000000000e-10 -1.029207547875e-02 
 9.328000000000e-10  4.132897369431e-02 
 9.428000000000e-10  8.888651327740e-02 
 9.528000000000e-10  1.253889724911e-01 
 9.628000000000e-10  1.452093609654e-01 
 9.728000000000e-10  1.450682052188e-01 
 9.828000000000e-10  1.245781704535e-01 
 9.928000000000e-10  8.617600784123e-02 
 1.002800000000e-09  3.463202806769e-02 
 1.012800000000e-09 -2.344510579714e-02 
 1.022800000000e-09 -8.020764363171e-02 
 1.032800000000e-09 -1.274658508810e-01 
 1.042800000000e-09 -1.580404244940e-01 
 1.052800000000e-09 -1.670300971805e-01 
 1.062800000000e-09 -1.527069844375e-01 
 1.072800000000e-09 -1.167804640828e-01 
 1.082800000000e-09 -6.370309413465e-02 
 1.092800000000e-09 -8.920953624081e-05 
 1.102800000000e-09  6.568216528916e-02 
 1.112800000000e-09  1.243418998840e-01 
 1.122800000000e-09  1.670422612764e-01 
 1.132800000000e-09  1.870694724273e-01 
 1.142800000000e-09  1.811158310476e-01 
 1.152800000000e-09  1.497497435913e-01 
 1.162800000000e-09  9.693741157335e-02 
 1.172800000000e-09  2.922969866950e-02 
 1.182800000000e-09 -4.473844788247e-02 
 1.192800000000e-09 -1.148677792510e-01 
 1.202800000000e-09 -1.707679977764e-01 
 1.212800000000e-09 -2.037283948173e-01 
 1.222800000000e-09 -2.084426151566e-01 
 1.232800000000e-09 -1.839595240519e-01 
 1.242800000000e-09 -1.335312401679e-01 
 1.252800000000e-09 -6.353355561581e-02 
 1.262800000000e-09  1.733064411967e-02 
 1.272800000000e-09  9.843321332346e-02 
 1.282800000000e-09  1.680706361495e-01 
 1.292800000000e-09  2.154092918623e-01 
 1.302800000000e-09  2.329029047876e-01 
 1.312800000000e-09  2.178001862749e-01 
 1.322800000000e-09  1.722265042865e-01 
 1.332800000000e-09  1.021734355209e-01 
 1.342800000000e-09  1.629843635529e-02 
 1.352800000000e-09 -7.455684506767e-02 
 1.362800000000e-09 -1.577576228446e-01 
 1.372800000000e-09 -2.205495839327e-01 
 1.382800000000e-09 -2.529161809240e-01 
 1.392800000000e-09 -2.497775003305e-01 
 1.402800000000e-09 -2.117131876971e-01 
 1.412800000000e-09 -1.440955086652e-01 
 1.422800000000e-09 -5.542154472344e-02 
 1.432800000000e-09  4.345076476820e-02 
 1.442800000000e-09  1.393839360236e-01 
 1.452800000000e-09  2.180496048963e-01 
 1.462800000000e-09  2.668397184268e-01 
 1.472800000000e-09  2.780066242598e-01 
 1.482800000000e-09  2.501641977977e-01 
 1.492800000000e-09  1.876561957236e-01 
 1.502800000000e-09  9.875006011794e-02 
 1.512800000000e-09 -5.784532915443e-03 
 1.522800000000e-09 -1.127606803276e-01 
 1.532800000000e-09 -2.068242434734e-01 
 1.542800000000e-09 -2.730320121326e-01 
 1.552800000000e-09 -3.006975387053e-01 
 1.562800000000e-09 -2.858568178283e-01 
 1.572800000000e-09 -2.313000787818e-01 
 1.582800000000e-09 -1.448704090382e-01 
 1.592800000000e-09 -3.727941563281e-02 
 1.602800000000e-09  7.849587750230e-02 
 1.612800000000e-09  1.867055607283e-01 
 1.622800000000e-09  2.705299317491e-01 
 1.632800000000e-09  3.162286206003e-01 
 1.642800000000e-09  3.168171516729e-01 
 1.652800000000e-09  2.731101042104e-01 
 1.662800000000e-09  1.920723516103e-01 
 1.672800000000e-09  8.428100970002e-02 
 1.682800000000e-09 -3.753673335121e-02 
 1.692800000000e-09 -1.578099622917e-01 
 1.702800000000e-09 -2.585369979336e-01 
 1.712800000000e-09 -3.232027324066e-01 
 1.722800000000e-09 -3.414591046118e-01 
 1.732800000000e-09 -3.114930350654e-01 
 1.742800000000e-09 -2.388176747508e-01 
 1.752800000000e-09 -1.336964090077e-01 
 1.762800000000e-09 -8.733483456430e-03 
 1.772800000000e-09  1.210033381107e-01 
 1.782800000000e-09  2.371327506751e-01 
 1.792800000000e-09  3.208920476278e-01 
 1.802800000000e-09  3.584092949943e-01 
 1.812800000000e-09  3.446391005727e-01 
 1.822800000000e-09  2.832016365155e-01 
 1.832800000000e-09  1.836883050945e-01 
 1.842800000000e-09  5.862426064238e-02 
 1.852800000000e-09 -7.750082053694e-02 
 1.862800000000e-09 -2.066774971787e-01 
 1.872800000000e-09 -3.086857481854e-01 
 1.882800000000e-09 -3.663914903807e-01 
 1.892800000000e-09 -3.710558466007e-01 
 1.902800000000e-09 -3.237924309806e-01 
 1.912800000000e-09 -2.328813386425e-01 
 1.922800000000e-09 -1.106381337489e-01 
 1.932800000000e-09  2.878548575196e-02 
 1.942800000000e-09  1.682086866608e-01 
 1.952800000000e-09  2.868728145995e-01 
 1.962800000000e-09  3.649358996569e-01 
 1.972800000000e-09  3.897572147684e-01 
 1.982800000000e-09  3.591861155467e-01 
 1.992800000000e-09  2.796352916362e-01 
 2.002800000000e-09  1.630170370466e-01 
 2.012800000000e-09  2.337676217078e-02 
 2.022800000000e-09 -1.231036509093e-01 
 2.032800000000e-09 -2.560309418385e-01 
 2.042800000000e-09 -3.536903114402e-01 
 2.052800000000e-09 -3.996020287209e-01 
 2.062800000000e-09 -3.878314304887e-01 
 2.072800000000e-09 -3.224535388574e-01 
 2.082800000000e-09 -2.142870553244e-01 
 2.092800000000e-09 -7.737119699997e-02 
 2.102800000000e-09  7.287682892676e-02 
 2.112800000000e-09  2.171249553235e-01 
 2.122800000000e-09  3.327777596836e-01 
 2.132800000000e-09  4.000610008765e-01 
 2.142800000000e-09  4.088456594564e-01 
 2.152800000000e-09  3.602345539433e-01 
 2.162800000000e-09  2.633195865932e-01 
 2.172800000000e-09  1.318307185607e-01 
 2.182800000000e-09 -1.912070909136e-02 
 2.192800000000e-09 -1.715400835152e-01 
 2.202800000000e-09 -3.029500586447e-01 
 2.212800000000e-09 -3.911015042984e-01 
 2.222800000000e-09 -4.216049696389e-01 
 2.232800000000e-09 -3.919070066363e-01 
 2.242800000000e-09 -3.088411752976e-01 
 2.252800000000e-09 -1.853441272068e-01 
 2.262800000000e-09 -3.656214986606e-02 
 2.272800000000e-09  1.207511756771e-01 
 2.282800000000e-09  2.650950743176e-01 
 2.292800000000e-09  3.727807105463e-01 
 2.302800000000e-09  4.254246312199e-01 
 2.312800000000e-09  4.163184157729e-01 
 2.322800000000e-09  3.496649503580e-01 
 2.332800000000e-09  2.368645519684e-01 
 2.342800000000e-09  9.291994465891e-02 
 2.352800000000e-09 -6.612811890161e-02 
 2.362800000000e-09 -2.202857443065e-01 
 2.372800000000e-09 -3.455061869126e-01 
 2.382800000000e-09 -4.201535242629e-01 
 2.392800000000e-09 -4.329865849042e-01 
 2.402800000000e-09 -3.848495066174e-01 
 2.412800000000e-09 -2.851617245890e-01 
 2.422800000000e-09 -1.485014539146e-01 
 2.432800000000e-09  9.324769976178e-03 
 2.442800000000e-09  1.699782736860e-01 
 2.452800000000e-09  3.100451579339e-01 
 2.462800000000e-09  4.056736387126e-01 
 2.472800000000e-09  4.411426430852e-01 
 2.482800000000e-09  4.133919248179e-01 
 2.492800000000e-09  3.292952328390e-01 
 2.502800000000e-09  2.022993783505e-01 
 2.512800000000e-09  4.833020548908e-02 
 2.522800000000e-09 -1.155888851000e-01 
 2.532800000000e-09 -2.674485143838e-01 
 2.542800000000e-09 -3.823404871336e-01 
 2.552800000000e-09 -4.404964157852e-01 
 2.562800000000e-09 -4.344628836688e-01 
 2.572800000000e-09 -3.682243644064e-01 
 2.582800000000e-09 -2.534237131145e-01 
 2.592800000000e-09 -1.057595251374e-01 
 2.602800000000e-09  5.838261382967e-02 
 2.612800000000e-09  2.187978784978e-01 
 2.622800000000e-09  3.506394600823e-01 
 2.632800000000e-09  4.310000029342e-01 
 2.642800000000e-09  4.476945622936e-01 
 2.652800000000e-09  4.011687573087e-01 
 2.662800000000e-09  3.008573660759e-01 
 2.672800000000e-09  1.617585012236e-01 
 2.682800000000e-09  1.611849622618e-04 
 2.692800000000e-09 -1.655098486753e-01 
 2.702800000000e-09 -3.114104966265e-01 
 2.712800000000e-09 -4.126659337419e-01 
 2.722800000000e-09 -4.525049113337e-01 
 2.732800000000e-09 -4.272972047406e-01 
 2.742800000000e-09 -3.438442734766e-01 
 2.752800000000e-09 -2.156819288947e-01 
 2.762800000000e-09 -5.906555644004e-02 
 2.772800000000e-09  1.087763002158e-01 
 2.782800000000e-09  2.656499907499e-01 
 2.792800000000e-09  3.859312869327e-01 
 2.802800000000e-09  4.488001286004e-01 
 2.812800000000e-09  4.460621523562e-01 
 2.822800000000e-09  3.813460165413e-01 
 2.832800000000e-09  2.662910556080e-01 
 2.842800000000e-09  1.169671943001e-01 
 2.852800000000e-09 -5.001392069462e-02 
 2.862800000000e-09 -2.144646846525e-01 
 2.872800000000e-09 -3.511395890654e-01 
 2.882800000000e-09 -4.362317904681e-01 
 2.892800000000e-09 -4.566927898993e-01 
 2.902800000000e-09 -4.124833675778e-01 
 2.912800000000e-09 -3.128692252496e-01 
 2.922800000000e-09 -1.730045366281e-01 
 2.932800000000e-09 -9.505140230597e-03 
 2.942800000000e-09  1.592535155313e-01 
 2.952800000000e-09  3.092971242634e-01 
 2.962800000000e-09  4.150891438795e-01 
 2.972800000000e-09  4.589689589988e-01 
 2.982800000000e-09  4.366863947835e-01 
 2.992800000000e-09  3.547147651727e-01 
 3.002800000000e-09  2.265824912242e-01 
 3.012800000000e-09  6.887583057600e-02 
 3.022800000000e-09 -1.011638219780e-01 
 3.032800000000e-09 -2.614034489871e-01 
 3.042800000000e-09 -3.858292553354e-01 
 3.052800000000e-09 -4.528064415839e-01 
 3.062800000000e-09 -4.534109357767e-01 
 3.072800000000e-09 -3.908458440891e-01 
 3.082800000000e-09 -2.765999577696e-01 
 3.092800000000e-09 -1.269020842694e-01 
 3.102800000000e-09  4.149314397079e-02 
 3.112800000000e-09  2.085376363002e-01 
 3.122800000000e-09  3.488415841470e-01 
 3.132800000000e-09  4.379544107666e-01 
 3.142800000000e-09  4.620317252590e-01 
 3.152800000000e-09  4.205054483539e-01 
 3.162800000000e-09  3.223689526791e-01 
 3.172800000000e-09  1.827689108086e-01 
 3.182800000000e-09  1.853345284365e-02 
 3.192800000000e-09 -1.520797304567e-01 
 3.202800000000e-09 -3.051442690347e-01 
 3.212800000000e-09 -4.147052910464e-01 
 3.222800000000e-09 -4.623335988615e-01 
 3.232800000000e-09 -4.431393275110e-01 
 3.242800000000e-09 -3.632010234414e-01 
 3.252800000000e-09 -2.359223026521e-01 
 3.262800000000e-09 -7.807049691850e-02 
 3.272800000000e-09  9.313914251019e-02 
 3.282800000000e-09  2.557467957936e-01 
 3.292800000000e-09  3.835492530672e-01 
 3.302800000000e-09  4.542504604591e-01 
 3.312800000000e-09  4.582045173692e-01 
 3.322800000000e-09  3.981483291691e-01 
 3.332800000000e-09  2.853354312558e-01 
 3.342800000000e-09  1.360234927873e-01 
 3.352800000000e-09 -3.294019005911e-02 
 3.362800000000e-09 -2.017100778923e-01 
 3.372800000000e-09 -3.449030071487e-01 
 3.382800000000e-09 -4.375891602828e-01 
 3.392800000000e-09 -4.651743116581e-01 
 3.402800000000e-09 -4.265346037418e-01 
 3.412800000000e-09 -3.303309767562e-01 
 3.422800000000e-09 -1.916061062695e-01 
 3.432800000000e-09 -2.732465644289e-02 
 3.442800000000e-09  1.444035893214e-01 
 3.452800000000e-09  2.998033828982e-01 
 3.462800000000e-09  4.126541133823e-01 
 3.472800000000e-09  4.637876124191e-01 
 3.482800000000e-09  4.477002380637e-01 
 3.492800000000e-09  3.701243619657e-01 
 3.502800000000e-09  2.442324974382e-01 
 3.512800000000e-09  8.684260108371e-02 
 3.522800000000e-09 -8.487364566079e-02 
 3.532800000000e-09 -2.491966099119e-01 
 3.542800000000e-09 -3.798657226946e-01 
 3.552800000000e-09 -4.540323660650e-01 
 3.562800000000e-09 -4.613343744426e-01 
 3.572800000000e-09 -4.040144321454e-01 
 3.582800000000e-09 -2.930362781147e-01 
 3.592800000000e-09 -1.446006136325e-01 
 3.602800000000e-09  2.438587753254e-02 
 3.612800000000e-09  1.943139820106e-01 
 3.622800000000e-09  3.399043623507e-01 
 3.632800000000e-09  4.358634065484e-01 
 3.642800000000e-09  4.668816726500e-01 
 3.652800000000e-09  4.312588863977e-01 
 3.662800000000e-09  3.372833117607e-01 
 3.672800000000e-09  1.998312839179e-01 
 3.682800000000e-09  3.594997946511e-02 
 3.692800000000e-09 -1.364106268276e-01 
 3.702800000000e-09 -2.936916332386e-01 
 3.712800000000e-09 -4.095109241493e-01 
 3.722800000000e-09 -4.640662654368e-01 
 3.732800000000e-09 -4.511958137075e-01 
 3.742800000000e-09 -3.761846317735e-01 
 3.752800000000e-09 -2.519595393049e-01 
 3.762800000000e-09 -9.535406533175e-02 
 3.772800000000e-09  7.651004765035e-02 
 3.782800000000e-09  2.421843070969e-01 
 3.792800000000e-09  3.754261881126e-01 
 3.802800000000e-09  4.529041102811e-01 
 3.812800000000e-09  4.635441226783e-01 
 3.822800000000e-09  4.090778439774e-01 
 3.832800000000e-09  3.001486485868e-01 
 3.842800000000e-09  1.528511819675e-01 
 3.852800000000e-09 -1.586324157163e-02 
 3.862800000000e-09 -1.866320197702e-01 
 3.872800000000e-09 -3.343341500939e-01 
 3.882800000000e-09 -4.333850221745e-01 
 3.892800000000e-09 -4.677859670417e-01 
 3.902800000000e-09 -4.352457792003e-01 
 3.912800000000e-09 -3.437799350642e-01 
 3.922800000000e-09 -2.079551509251e-01 
 3.932800000000e-09 -4.468825070859e-02 
 3.942800000000e-09  1.281161217310e-01 
 3.952800000000e-09  2.871187079470e-01 
 3.962800000000e-09  4.058269541111e-01 
 3.972800000000e-09  4.638234490004e-01 
 3.982800000000e-09  4.542652737270e-01 
 3.992800000000e-09  3.819660578109e-01 
 4.002800000000e-09  2.595816254746e-01 
 4.012800000000e-09  1.039265569504e-01 
 4.022800000000e-09 -6.791758892401e-02 
 4.032800000000e-09 -2.347914757526e-01 
 4.042800000000e-09 -3.705114479017e-01 
 4.052800000000e-09 -4.512965576676e-01 
 4.062800000000e-09 -4.653460992128e-01 
 4.072800000000e-09 -4.138580365691e-01 
 4.082800000000e-09 -3.071299223111e-01 
 4.092800000000e-09 -1.611213287244e-01 
 4.102800000000e-09  7.173297645594e-03 
 4.112800000000e-09  1.786392332344e-01 
 4.122800000000e-09  3.283477267047e-01 
 4.132800000000e-09  4.304615590181e-01 
 4.142800000000e-09  4.682964590505e-01 
 4.152800000000e-09  4.389439124752e-01 
 4.162800000000e-09  3.499867364351e-01 
 4.172800000000e-09  2.157750921258e-01 
 4.182800000000e-09  5.328439761921e-02 
 4.192800000000e-09 -1.197403061708e-01 
 4.202800000000e-09 -2.802382298159e-01 
 4.212800000000e-09 -4.016597574593e-01 
 4.222800000000e-09 -4.631024539093e-01 
 4.232800000000e-09 -4.569703440817e-01 
 4.242800000000e-09 -3.874490503155e-01 
 4.252800000000e-09 -2.669635893864e-01 
 4.262800000000e-09 -1.123347304930e-01 
 4.272800000000e-09  5.938966192370e-02 
 4.282800000000e-09  2.273374185002e-01 
 4.292800000000e-09  3.654122994943e-01 
 4.302800000000e-09  4.494212444884e-01 
 4.312800000000e-09  4.668462653350e-01 
 4.322800000000e-09  4.183460001664e-01 
 4.332800000000e-09  3.138634623558e-01 
 4.342800000000e-09  1.692051650577e-01 
 4.352800000000e-09  1.410593859758e-03 
 4.362800000000e-09 -1.706423959182e-01 
 4.372800000000e-09 -3.222345887895e-01 
 4.382800000000e-09 -4.273141183177e-01 
 4.392800000000e-09 -4.685336525990e-01 
 4.402800000000e-09 -4.423622873729e-01 
 4.412800000000e-09 -3.559440647968e-01 
 4.422800000000e-09 -2.234012093258e-01 
 4.432800000000e-09 -6.175074711390e-02 
 4.442800000000e-09  1.114030993082e-01 
 4.452800000000e-09  2.732849561085e-01 
 4.462800000000e-09  3.973180263371e-01 
 4.472800000000e-09  4.620730586685e-01 
 4.482800000000e-09  4.592557153682e-01 
 4.492800000000e-09  3.925398442030e-01 
 4.502800000000e-09  2.740591801748e-01 
 4.512800000000e-09  1.205738242570e-01 
 4.522800000000e-09 -5.088958059287e-02 
 4.532800000000e-09 -2.197490777766e-01 
 4.542800000000e-09 -3.600298394982e-01 
 4.552800000000e-09 -4.471701732014e-01 
 4.562800000000e-09 -4.679450003513e-01 
 4.572800000000e-09 -4.224643005053e-01 
 4.582800000000e-09 -3.203036431719e-01 
 4.592800000000e-09 -1.770945530035e-01 
 4.602800000000e-09 -9.916003813214e-03 
 4.612800000000e-09  1.625825298936e-01 
 4.622800000000e-09  3.159129452110e-01 
 4.632800000000e-09  4.238513555783e-01 
 4.642800000000e-09  4.684120524954e-01 
 4.652800000000e-09  4.454333162902e-01 
 4.662800000000e-09  3.616104976461e-01 
 4.672800000000e-09  2.308230728837e-01 
 4.682800000000e-09  7.010770432388e-02 
 4.692800000000e-09 -1.030570995747e-01 
 4.702800000000e-09 -2.661910901479e-01 
 4.712800000000e-09 -3.927241236810e-01 
 4.722800000000e-09 -4.607353062860e-01 
 4.732800000000e-09 -4.612285216158e-01 
 4.742800000000e-09 -3.973544705198e-01 
 4.752800000000e-09 -2.809446907664e-01 
 4.762800000000e-09 -1.286787295534e-01 
 4.772800000000e-09  4.242899432680e-02 
 4.782800000000e-09  2.120839524621e-01 
 4.792800000000e-09  3.544573401597e-01 
 4.802800000000e-09  4.446555424287e-01 
 4.812800000000e-09  4.687567022316e-01 
 4.822800000000e-09  4.263139694892e-01 
 4.832800000000e-09  3.265253785796e-01 
 4.842800000000e-09  1.848316550113e-01 
 4.852800000000e-09  1.834724854228e-02 
 4.862800000000e-09 -1.544945489318e-01 
 4.872800000000e-09 -3.094519149607e-01 
 4.882800000000e-09 -4.201635483021e-01 
 4.892800000000e-09 -4.680287519248e-01 
 4.902800000000e-09 -4.482471740598e-01 
 4.912800000000e-09 -3.670574210263e-01 
 4.922800000000e-09 -2.380854203554e-01 
 4.932800000000e-09 -7.836948417301e-02 
 4.942800000000e-09  9.472131605117e-02 
 4.952800000000e-09  2.590064515875e-01 
 4.962800000000e-09  3.879495005266e-01 
 4.972800000000e-09  4.590293432641e-01 
 4.982800000000e-09  4.626467938185e-01 
 4.992800000000e-09  4.016591241874e-01 
 5.002800000000e-09  2.874933270737e-01 
 5.012800000000e-09  1.366314627342e-01 
 5.022800000000e-09 -3.391719605281e-02 
 5.032800000000e-09 -2.041539920187e-01 
 5.042800000000e-09 -3.484380303835e-01 
 5.052800000000e-09 -4.415959514326e-01 
 5.062800000000e-09 -4.690205298607e-01 
 5.072800000000e-09 -4.296903092295e-01 
 5.082800000000e-09 -3.324053680881e-01 
 5.092800000000e-09 -1.923873982378e-01 
 5.102800000000e-09 -2.676867692164e-02 
 5.112800000000e-09  1.462295826053e-01 
 5.122800000000e-09  3.026393297007e-01 
 5.132800000000e-09  4.160112005670e-01 
 5.142800000000e-09  4.671069540852e-01 
 5.152800000000e-09  4.505104841539e-01 
 5.162800000000e-09  3.720677643271e-01 
 5.172800000000e-09  2.450943950505e-01 
 5.182800000000e-09  8.656814023140e-02 
 5.192800000000e-09 -8.624320803601e-02 
 5.202800000000e-09 -2.514784043799e-01 
 5.212800000000e-09 -3.826822979672e-01 
 5.222800000000e-09 -4.568964753157e-01 
 5.232800000000e-09 -4.638231190379e-01 
 5.242800000000e-09 -4.058041153178e-01 
 5.252800000000e-09 -2.939218767771e-01 
 5.262800000000e-09 -1.445135907223e-01 
 5.272800000000e-09  2.541781775865e-02 
 5.282800000000e-09  1.961612078016e-01 
 5.292800000000e-09  3.422796793935e-01 
 5.302800000000e-09  4.383506324078e-01 
 5.312800000000e-09  4.690913983257e-01 
 5.322800000000e-09  4.328953571456e-01 
 5.332800000000e-09  3.382927715816e-01 
 5.342800000000e-09  2.001561159803e-01 
 5.352800000000e-09  3.542422391298e-02 
 5.362800000000e-09 -1.377545536658e-01 
 5.372800000000e-09 -2.956597486021e-01 
 5.382800000000e-09 -4.117649039312e-01 
 5.392800000000e-09 -4.662293147622e-01 
 5.402800000000e-09 -4.529637698973e-01 
 5.412800000000e-09 -3.773355266407e-01 
 5.422800000000e-09 -2.523711029840e-01 
 5.432800000000e-09 -9.500683125120e-02 
 5.442800000000e-09  7.756932841411e-02 
 5.452800000000e-09  2.438142072883e-01 
 5.462800000000e-09  3.773568564909e-01 
 5.472800000000e-09  4.548015667943e-01 
 5.482800000000e-09  4.651287927709e-01 
 5.492800000000e-09  4.101477164177e-01 
 5.502800000000e-09  3.005849979850e-01 
 5.512800000000e-09  1.526276345283e-01 
 5.522800000000e-09 -1.671068086496e-02 
 5.532800000000e-09 -1.879962664823e-01 
 5.542800000000e-09 -3.360038064272e-01 
 5.552800000000e-09 -4.350670404128e-01 
 5.562800000000e-09 -4.692171357610e-01 
 5.572800000000e-09 -4.362371600768e-01 
 5.582800000000e-09 -3.442205734381e-01 
 5.592800000000e-09 -2.078120603889e-01 
 5.602800000000e-09 -4.399361871475e-02 
 5.612800000000e-09  1.292794167594e-01 
 5.622800000000e-09  2.885811030032e-01 
 5.632800000000e-09  4.073363110215e-01 
 5.642800000000e-09  4.651286994211e-01 
 5.652800000000e-09  4.551891177608e-01 
 5.662800000000e-09  3.824020391996e-01 
 5.672800000000e-09  2.594944076480e-01 
 5.682800000000e-09  1.033438491830e-01 
 5.692800000000e-09 -6.892714700509e-02 
 5.702800000000e-09 -2.360907735767e-01 
 5.712800000000e-09 -3.718843822518e-01 
 5.722800000000e-09 -4.525056320354e-01 
 5.732800000000e-09 -4.662179080721e-01 
 5.742800000000e-09 -4.142899160792e-01 
 5.752800000000e-09 -3.070848842695e-01 
 5.762800000000e-09 -1.606236187967e-01 
 5.772800000000e-09  8.063294413724e-03 
 5.782800000000e-09  1.798092027416e-01 
 5.792800000000e-09  3.296144723505e-01 
 5.802800000000e-09  4.316026024095e-01 
 5.812800000000e-09  4.691352602748e-01 
 5.822800000000e-09  4.393772828167e-01 
 5.832800000000e-09  3.499779099653e-01 
 5.842800000000e-09  2.153439570460e-01 
 5.852800000000e-09  5.248772291422e-02 
 5.862800000000e-09 -1.208092298411e-01 
 5.872800000000e-09 -2.814224335561e-01 
 5.882800000000e-09 -4.027542007684e-01 
 5.892800000000e-09 -4.639238314122e-01 
 5.902800000000e-09 -4.574119512254e-01 
 5.912800000000e-09 -3.874729348324e-01 
 5.922800000000e-09 -2.665865318224e-01 
 5.932800000000e-09 -1.116124924994e-01 
 5.942800000000e-09  6.037589281750e-02 
 5.952800000000e-09  2.284532173010e-01 
 5.962800000000e-09  3.664713305262e-01 
 5.972800000000e-09  4.502401512919e-01 
 5.982800000000e-09  4.673117572575e-01 
 5.992800000000e-09  4.184122700938e-01 
 6.002800000000e-09  3.135407382749e-01 
 6.012800000000e-09  1.685478314385e-01 
 6.022800000000e-09  4.930169171302e-04 
 6.032800000000e-09 -1.717053644180e-01 
 6.042800000000e-09 -3.232757122754e-01 
 6.052800000000e-09 -4.281501715882e-01 
 6.062800000000e-09 -4.690368391453e-01 
 6.072800000000e-09 -4.424779840291e-01 
 6.082800000000e-09 -3.556779928680e-01 
 6.092800000000e-09 -2.228038732050e-01 
 6.102800000000e-09 -6.089377325164e-02 
 6.112800000000e-09  1.124210199175e-01 
 6.122800000000e-09  2.743141743718e-01 
 6.132800000000e-09  3.981797456550e-01 
 6.142800000000e-09  4.626228538294e-01 
 6.152800000000e-09  4.594272131113e-01 
 6.162800000000e-09  3.923322355857e-01 
 6.172800000000e-09  2.735180465714e-01 
 6.182800000000e-09  1.197717126998e-01 
 6.192800000000e-09 -5.186472013402e-02 
 6.202800000000e-09 -2.207649238640e-01 
 6.212800000000e-09 -3.609165159668e-01 
 6.222800000000e-09 -4.477738391192e-01 
 6.232800000000e-09 -4.681852222922e-01 
 6.242800000000e-09 -4.223268843341e-01 
 6.252800000000e-09 -3.198253536388e-01 
 6.262800000000e-09 -1.763473102731e-01 
 6.272800000000e-09 -8.982039437124e-03 
 6.282800000000e-09  1.635876126806e-01 
 6.292800000000e-09  3.168310622333e-01 
 6.302800000000e-09  4.245205520260e-01 
 6.312800000000e-09  4.687307903454e-01 
 6.322800000000e-09  4.453736360192e-01 
 6.332800000000e-09  3.612017290043e-01 
 6.342800000000e-09  2.301330182353e-01 
 6.352800000000e-09  6.921688292670e-02 
 6.362800000000e-09 -1.040475870182e-01 
 6.372800000000e-09 -2.671361986136e-01 
 6.382800000000e-09 -3.934594426785e-01 
 6.392800000000e-09 -4.611370230412e-01 
 6.402800000000e-09 -4.612520577930e-01 
 6.412800000000e-09 -3.970195016399e-01 
 6.422800000000e-09 -2.803129698450e-01 
 6.432800000000e-09 -1.278327136914e-01 
 6.442800000000e-09  4.339793621030e-02 
 6.452800000000e-09  2.130454869379e-01 
 6.462800000000e-09  3.552509220557e-01 
 6.472800000000e-09  4.451430134717e-01 
 6.482800000000e-09  4.688749870171e-01 
 6.492800000000e-09  4.260659728975e-01 
 6.502800000000e-09  3.259624909572e-01 
 6.512800000000e-09  1.840358047712e-01 
 6.522800000000e-09  1.740504195152e-02 
 6.532800000000e-09 -1.554679584984e-01 
 6.542800000000e-09 -3.103040454563e-01 
 6.552800000000e-09 -4.207437921098e-01 
 6.562800000000e-09 -4.682490523525e-01 
 6.572800000000e-09 -4.480936775650e-01 
 6.582800000000e-09 -3.665722058255e-01 
 6.592800000000e-09 -2.373457850655e-01 
 6.602800000000e-09 -7.746130210985e-02 
 6.612800000000e-09  9.569628305997e-02 
 6.622800000000e-09  2.599064530008e-01 
 6.632800000000e-09  3.886180524625e-01 
 6.642800000000e-09  4.593555398608e-01 
 6.652800000000e-09  4.625982413789e-01 
 6.662800000000e-09  4.012627299847e-01 
 6.672800000000e-09  2.868173569801e-01 
 6.682800000000e-09  1.357640831716e-01 
 6.692800000000e-09 -3.488320500924e-02 
 6.702800000000e-09 -2.050901619048e-01 
 6.712800000000e-09 -3.491887541055e-01 
 6.722800000000e-09 -4.420300161588e-01 
 6.732800000000e-09 -4.690822358330e-01 
 6.742800000000e-09 -4.293904431265e-01 
 6.752800000000e-09 -3.318023913763e-01 
 6.762800000000e-09 -1.915684299403e-01 
 6.772800000000e-09 -2.582266991708e-02 
 6.782800000000e-09  1.471885101963e-01 
 6.792800000000e-09  3.034620065971e-01 
 6.802800000000e-09  4.165520945543e-01 
 6.812800000000e-09  4.672843237133e-01 
 6.822800000000e-09  4.503168576248e-01 
 6.832800000000e-09  3.715496269309e-01 
 6.842800000000e-09  2.443329238081e-01 
 6.852800000000e-09  8.565233716324e-02 
 6.862800000000e-09 -8.721185001892e-02 
 6.872800000000e-09 -2.523604048396e-01 
 6.882800000000e-09 -3.833247194281e-01 
 6.892800000000e-09 -4.571919489730e-01 
 6.902800000000e-09 -4.637433214291e-01 
 6.912800000000e-09 -4.053802592406e-01 
 6.922800000000e-09 -2.932260265956e-01 
 6.932800000000e-09 -1.436370246939e-01 
 6.942800000000e-09  2.638186911296e-02 
 6.952800000000e-09  1.970861474685e-01 
 6.962800000000e-09  3.430127479307e-01 
 6.972800000000e-09  4.387632027596e-01 
 6.982800000000e-09  4.691300448494e-01 
 6.992800000000e-09  4.325739818738e-01 
 7.002800000000e-09  3.376746611685e-01 
 7.012800000000e-09  1.993314748888e-01 
 7.022800000000e-09  3.448096661822e-02 
 7.032800000000e-09 -1.387046797470e-01 
 7.042800000000e-09 -2.964702339618e-01 
 7.052800000000e-09 -4.122923879720e-01 
 7.062800000000e-09 -4.663930385262e-01 
 7.072800000000e-09 -4.527579407483e-01 
 7.082800000000e-09 -3.768082699232e-01 
 7.092800000000e-09 -2.516050079864e-01 
 7.102800000000e-09 -9.409246456133e-02 
 7.112800000000e-09  7.853162635772e-02 
 7.122800000000e-09  2.446874452655e-01 
 7.132800000000e-09  3.779902192601e-01 
 7.142800000000e-09  4.550882958425e-01 
 7.152800000000e-09  4.650411547424e-01 
 7.162800000000e-09  4.097179332496e-01 
 7.172800000000e-09  2.998861881111e-01 
 7.182800000000e-09  1.517524509766e-01 
 7.192800000000e-09 -1.766946826208e-02 
 7.202800000000e-09 -1.889144668742e-01 
 7.212800000000e-09 -3.367309678536e-01 
 7.222800000000e-09 -4.354751102968e-01 
 7.232800000000e-09 -4.692521503196e-01 
 7.242800000000e-09 -4.359132759345e-01 
 7.252800000000e-09 -3.436015388899e-01 
 7.262800000000e-09 -2.069887352862e-01 
 7.272800000000e-09 -4.305460321032e-02 
 7.282800000000e-09  1.302243182732e-01 
 7.292800000000e-09  2.893875876708e-01 
 7.302800000000e-09  4.078618696239e-01 
 7.312800000000e-09  4.652916678570e-01 
 7.322800000000e-09  4.549834438218e-01 
 7.332800000000e-09  3.818758289910e-01 
 7.342800000000e-09  2.587304169940e-01 
 7.352800000000e-09  1.024336339501e-01 
 7.362800000000e-09 -6.988457824246e-02 
 7.372800000000e-09 -2.369607605323e-01 
 7.382800000000e-09 -3.725174328127e-01 
 7.392800000000e-09 -4.527941312946e-01 
 7.402800000000e-09 -4.661330393578e-01 
 7.412800000000e-09 -4.138634119000e-01 
 7.422800000000e-09 -3.063897708511e-01 
 7.432800000000e-09 -1.597531764729e-01 
 7.442800000000e-09  9.016902070073e-03 
 7.452800000000e-09  1.807241786377e-01 
 7.462800000000e-09  3.303421804470e-01 
 7.472800000000e-09  4.320145305794e-01 
 7.482800000000e-09  4.691755145675e-01 
 7.492800000000e-09  4.390589917734e-01 
 7.502800000000e-09  3.493642170673e-01 
 7.512800000000e-09  2.145256124731e-01 
 7.522800000000e-09  5.155379687803e-02 
 7.532800000000e-09 -1.217508745935e-01 
 7.542800000000e-09 -2.822294607375e-01 
 7.552800000000e-09 -4.032842550779e-01 
 7.562800000000e-09 -4.640916914801e-01 
 7.572800000000e-09 -4.572097037402e-01 
 7.582800000000e-09 -3.869500281334e-01 
 7.592800000000e-09 -2.658264577248e-01 
 7.602800000000e-09 -1.107075125337e-01 
 7.612800000000e-09  6.132811648014e-02 
 7.622800000000e-09  2.293204102570e-01 
 7.632800000000e-09  3.671053168434e-01 
 7.642800000000e-09  4.505323117389e-01 
 7.652800000000e-09  4.672318501112e-01 
 7.662800000000e-09  4.179912006221e-01 
 7.672800000000e-09  3.128511619973e-01 
 7.682800000000e-09  1.676833870172e-01 
 7.692800000000e-09 -4.547319851387e-04 
 7.702800000000e-09 -1.726170694705e-01 
 7.712800000000e-09 -3.240045724004e-01 
 7.722800000000e-09 -4.285671943201e-01 
 7.732800000000e-09 -4.690839889224e-01 
 7.742800000000e-09 -4.421670997174e-01 
 7.752800000000e-09 -3.550713562528e-01 
 7.762800000000e-09 -2.219918689915e-01 
 7.772800000000e-09 -5.996587769395e-02 
 7.782800000000e-09  1.133589037792e-01 
 7.792800000000e-09  2.751217633628e-01 
 7.802800000000e-09  3.987149042172e-01 
 7.812800000000e-09  4.627981449510e-01 
 7.822800000000e-09  4.592330207458e-01 
 7.832800000000e-09  3.918171385163e-01 
 7.842800000000e-09  2.727650179179e-01 
 7.852800000000e-09  1.188734966965e-01 
 7.862800000000e-09 -5.281185931337e-02 
 7.872800000000e-09 -2.216310983036e-01 
 7.882800000000e-09 -3.615546641648e-01 
 7.892800000000e-09 -4.480738459771e-01 
 7.902800000000e-09 -4.681146909231e-01 
 7.912800000000e-09 -4.219152472552e-01 
 7.922800000000e-09 -3.191443707776e-01 
 7.932800000000e-09 -1.754905686412e-01 
 7.942800000000e-09 -8.040492577127e-03 
 7.952800000000e-09  1.644970549667e-01 
 7.962800000000e-09  3.175633142728e-01 
 7.972800000000e-09  4.249458362164e-01 
 7.982800000000e-09  4.687883885322e-01 
 7.992800000000e-09  4.450735522371e-01 
 8.002800000000e-09  3.606049350847e-01 
 8.012800000000e-09  2.293291593857e-01 
 8.022800000000e-09  6.829573741024e-02 
 8.032800000000e-09 -1.049820570284e-01 
 8.042800000000e-09 -2.679457347695e-01 
 8.052800000000e-09 -3.940019828902e-01 
 8.062800000000e-09 -4.613225420525e-01 
 8.072800000000e-09 -4.610687439028e-01 
 8.082800000000e-09 -3.965146838192e-01 
 8.092800000000e-09 -2.795688157061e-01 
 8.102800000000e-09 -1.269422295447e-01 
 8.112800000000e-09  4.433986217445e-02 
 8.122800000000e-09  2.139113728231e-01 
 8.132800000000e-09  3.558947791059e-01 
 8.142800000000e-09  4.454530364826e-01 
 8.152800000000e-09  4.688162086721e-01 
 8.162800000000e-09  4.256659903447e-01 
 8.172800000000e-09  3.252918647774e-01 
 8.182800000000e-09  1.831877919673e-01 
 8.192800000000e-09  1.647002802967e-02 
 8.202800000000e-09 -1.563754783600e-01 
 8.212800000000e-09 -3.110406697016e-01 
 8.222800000000e-09 -4.211788717107e-01 
 8.232800000000e-09 -4.683189204053e-01 
 8.242800000000e-09 -4.478062044189e-01 
 8.252800000000e-09 -3.659868137152e-01 
 8.262800000000e-09 -2.365511577981e-01 
 8.272800000000e-09 -7.654745729663e-02 
 8.282800000000e-09  9.662728626489e-02 
 8.292800000000e-09  2.607184036677e-01 
 8.302800000000e-09  3.891689696379e-01 
 8.312800000000e-09  4.595549824596e-01 
 8.322800000000e-09  4.624327742735e-01 
 8.332800000000e-09  4.007748494939e-01 
 8.342800000000e-09  2.860862296845e-01 
 8.352800000000e-09  1.348827207646e-01 
 8.362800000000e-09 -3.582128126017e-02 
 8.372800000000e-09 -2.059597102743e-01 
 8.382800000000e-09 -3.498443393635e-01 
 8.392800000000e-09 -4.423571724603e-01 
 8.402800000000e-09 -4.690421901879e-01 
 8.412800000000e-09 -4.290079589075e-01 
 8.422800000000e-09 -3.311460755638e-01 
 8.432800000000e-09 -1.907307083396e-01 
 8.442800000000e-09 -2.489339670075e-02 
 8.452800000000e-09  1.480970777988e-01 
 8.462800000000e-09  3.042077598377e-01 
 8.472800000000e-09  4.170027846721e-01 
 8.482800000000e-09  4.673733227014e-01 
 8.492800000000e-09  4.500492154599e-01 
 8.502800000000e-09  3.709811916254e-01 
 8.512800000000e-09  2.435503358873e-01 
 8.522800000000e-09  8.474572058405e-02 
 8.532800000000e-09 -8.814220320326e-02 
 8.542800000000e-09 -2.531799828584e-01 
 8.552800000000e-09 -3.838908777649e-01 
 8.562800000000e-09 -4.574106056723e-01 
 8.572800000000e-09 -4.635975130975e-01 
 8.582800000000e-09 -4.049097350188e-01 
 8.592800000000e-09 -2.925081089459e-01 
 8.602800000000e-09 -1.427644960264e-01 
 8.612800000000e-09  2.731666536515e-02 
 8.622800000000e-09  1.979601194150e-01 
 8.632800000000e-09  3.436809635643e-01 
 8.642800000000e-09  4.391084582379e-01 
 8.652800000000e-09  4.691095376366e-01 
 8.662800000000e-09  4.322095061829e-01 
 8.672800000000e-09  3.368928985927e-01 
 8.682800000000e-09  1.982044632161e-01 
 8.692800000000e-09  3.328748292720e-02 
 8.702800000000e-09 -1.397907460972e-01 
 8.712800000000e-09 -2.972809960802e-01 
 8.722800000000e-09 -4.126827903971e-01 
 8.732800000000e-09 -4.663084092799e-01 
 8.742800000000e-09 -4.522326114772e-01 
 8.752800000000e-09 -3.759388122305e-01 
 8.762800000000e-09 -2.505187248281e-01 
 8.772800000000e-09 -9.291412254591e-02 
 8.782800000000e-09  7.967445192077e-02 
 8.792800000000e-09  2.456298544672e-01 
 8.802800000000e-09  3.785684083142e-01 
 8.812800000000e-09  4.552056136132e-01 
 8.822800000000e-09  4.647002980707e-01 
 8.832800000000e-09  4.089901158564e-01 
 8.842800000000e-09  2.988866803157e-01 
 8.852800000000e-09  1.506087014056e-01 
 8.862800000000e-09 -1.883745866191e-02 
 8.872800000000e-09 -1.899552286123e-01 
 8.882800000000e-09 -3.374716666082e-01 
 8.892800000000e-09 -4.357856583871e-01 
 8.902800000000e-09 -4.690969613895e-01 
 8.912800000000e-09 -4.353384238061e-01 
 8.922800000000e-09 -3.427079186954e-01 
 8.932800000000e-09 -2.059032714601e-01 
 8.942800000000e-09 -4.189128493875e-02 
 8.952800000000e-09  1.313291507323e-01 
 8.962800000000e-09  2.902642081555e-01 
 8.972800000000e-09  4.083542326391e-01 
 8.982800000000e-09  4.653259728819e-01 
 8.992800000000e-09  4.545764243838e-01 
 9.002800000000e-09  3.811073673562e-01 
 9.012800000000e-09  2.577163969282e-01 
 9.022800000000e-09  1.012931365515e-01 
 9.032800000000e-09 -7.102831138895e-02 
 9.042800000000e-09 -2.379457193960e-01 
 9.052800000000e-09 -3.731734936642e-01 
 9.062800000000e-09 -4.530102686784e-01 
 9.072800000000e-09 -4.658953807172e-01 
 9.082800000000e-09 -4.132289783744e-01 
 9.092800000000e-09 -3.054620612447e-01 
 9.102800000000e-09 -1.586537832549e-01 
 9.112800000000e-09  1.017248035994e-02 
 9.122800000000e-09  1.817880774797e-01 
 9.132800000000e-09  3.311403052398e-01 
 9.142800000000e-09  4.324059501558e-01 
 9.152800000000e-09  4.691102262035e-01 
 9.162800000000e-09  4.385694488727e-01 
 9.172800000000e-09  3.485404045662e-01 
 9.182800000000e-09  2.134867177560e-01 
 9.192800000000e-09  5.041125749658e-02 
 9.202800000000e-09 -1.228649815627e-01 
 9.212800000000e-09 -2.831459884459e-01 
 9.222800000000e-09 -4.038408722570e-01 
 9.232800000000e-09 -4.642001988832e-01 
 9.242800000000e-09 -4.568746514943e-01 
 9.252800000000e-09 -3.862433936164e-01 
 9.262800000000e-09 -2.648579868420e-01 
 9.272800000000e-09 -1.095932317512e-01 
 9.282800000000e-09  6.246838319782e-02 
 9.292800000000e-09  2.303276041376e-01 
 9.302800000000e-09  3.678067006841e-01 
 9.312800000000e-09  4.508080420641e-01 
 9.322800000000e-09  4.670576116587e-01 
 9.332800000000e-09  4.174150955840e-01 
 9.342800000000e-09  3.119694816487e-01 
 9.352800000000e-09  1.666141498285e-01 
 9.362800000000e-09 -1.598897540464e-03 
 9.372800000000e-09 -1.736917974346e-01 
 9.382800000000e-09 -3.248360374444e-01 
 9.392800000000e-09 -4.290081867973e-01 
 9.402800000000e-09 -4.690748916597e-01 
 9.412800000000e-09 -4.417318027890e-01 
 9.422800000000e-09 -3.542928349449e-01 
 9.432800000000e-09 -2.209845197832e-01 
 9.442800000000e-09 -5.883968416087e-02 
 9.452800000000e-09  1.144753238926e-01 
 9.462800000000e-09  2.760608941454e-01 
 9.472800000000e-09  3.993110606018e-01 
 9.482800000000e-09  4.629546341337e-01 
 9.492800000000e-09  4.589465431600e-01 
 9.502800000000e-09  3.911532442510e-01 
 9.512800000000e-09  2.718288005794e-01 
 9.522800000000e-09  1.177792588363e-01 
 9.532800000000e-09 -5.394705682948e-02 
 9.542800000000e-09 -2.226511266769e-01 
 9.552800000000e-09 -3.622858772814e-01 
 9.562800000000e-09 -4.483902653613e-01 
 9.572800000000e-09 -4.679845008891e-01 
 9.582800000000e-09 -4.213801997220e-01 
 9.592800000000e-09 -3.182958389839e-01 
 9.602800000000e-09 -1.744441153284e-01 
 9.612800000000e-09 -6.906786421147e-03 
 9.622800000000e-09  1.655769906234e-01 
 9.632800000000e-09  3.184166837392e-01 
 9.642800000000e-09  4.254213267503e-01 
 9.652800000000e-09  4.688191408308e-01 
 9.662800000000e-09  4.446772345709e-01 
 9.672800000000e-09  3.598595000617e-01 
 9.682800000000e-09  2.283455819428e-01 
 9.692800000000e-09  6.718320212138e-02 
 9.702800000000e-09 -1.060978991889e-01 
 9.712800000000e-09 -2.688993892690e-01 
 9.722800000000e-09 -3.946258281187e-01 
 9.732800000000e-09 -4.615134996907e-01 
 9.742800000000e-09 -4.608175455040e-01 
 9.752800000000e-09 -3.958823318708e-01 
 9.762800000000e-09 -2.786570833923e-01 
 9.772800000000e-09 -1.258643950722e-01 
 9.782800000000e-09  4.546905829843e-02 
 9.792800000000e-09  2.149387568206e-01 
 9.802800000000e-09  3.566467864510e-01 
 9.812800000000e-09  4.457992136378e-01 
 9.822800000000e-09  4.687188497086e-01 
 9.832800000000e-09  4.251620141211e-01 
 9.842800000000e-09  3.244689829017e-01 
 9.852800000000e-09  1.821597652597e-01 
 9.862800000000e-09  1.534612931094e-02 
 9.872800000000e-09 -1.574573869663e-01 
 9.882800000000e-09 -3.119092570766e-01 
 9.892800000000e-09 -4.216800259422e-01 
 9.902800000000e-09 -4.683799397995e-01 
 9.912800000000e-09 -4.474399205894e-01 
 9.922800000000e-09 -3.652673258168e-01 
 9.932800000000e-09 -2.355868305983e-01 
 9.942800000000e-09 -7.544705922058e-02 
 9.952800000000e-09  9.774076485998e-02 
 9.962800000000e-09  2.616817305570e-01 
 9.972800000000e-09  3.898134970001e-01 
 9.982800000000e-09  4.597752069390e-01 
 9.992800000000e-09  4.622155396903e-01 
 1.000000000000e-08  4.230865375912e-01 
