 1.628000000000e-10  2.247900411191e-02 
 1.728000000000e-10  1.321124760793e-02 
 1.828000000000e-10  2.162829731204e-03 
 1.928000000000e-10 -9.432491282487e-03 
 2.028000000000e-10 -2.024409336011e-02 
 2.128000000000e-10 -2.899275631370e-02 
 2.228000000000e-10 -3.460522529609e-02 
 2.328000000000e-10 -3.634441598327e-02 
 2.428000000000e-10 -3.390772247447e-02 
 2.528000000000e-10 -2.746950407095e-02 
 2.628000000000e-10 -1.767304148604e-02 
 2.728000000000e-10 -5.564597234990e-03 
 2.828000000000e-10  7.513372738864e-03 
 2.928000000000e-10  2.006927510259e-02 
 3.028000000000e-10  3.062802273699e-02 
 3.128000000000e-10  3.790685671440e-02 
 3.228000000000e-10  4.097125040419e-02 
 3.328000000000e-10  3.935663422986e-02 
 3.428000000000e-10  3.313092768990e-02 
 3.528000000000e-10  2.289813318204e-02 
 3.628000000000e-10  9.736378730709e-03 
 3.728000000000e-10 -4.906718488398e-03 
 3.828000000000e-10 -1.937202428502e-02 
 3.928000000000e-10 -3.197343080488e-02 
 4.028000000000e-10 -4.119200783238e-02 
 4.128000000000e-10 -4.586446147661e-02 
 4.228000000000e-10 -4.533034355621e-02 
 4.328000000000e-10 -3.951859236825e-02 
 4.428000000000e-10 -2.896985486429e-02 
 4.528000000000e-10 -1.478293583632e-02 
 4.628000000000e-10  1.496672822404e-03 
 4.728000000000e-10  1.803777439907e-02 
 4.828000000000e-10  3.292351596183e-02 
 4.928000000000e-10  4.437576909719e-02 
 5.028000000000e-10  5.096935231300e-02 
 5.128000000000e-10  5.181159077920e-02 
 5.228000000000e-10  4.665935274220e-02 
 5.328000000000e-10  3.596146177834e-02 
 5.428000000000e-10  2.081483807290e-02 
 5.528000000000e-10  2.851344425143e-03 
 5.628000000000e-10 -1.592487984898e-02 
 5.728000000000e-10 -3.335161738401e-02 
 5.828000000000e-10 -4.736163966939e-02 
 5.928000000000e-10 -5.623033271894e-02 
 6.028000000000e-10 -5.879137020701e-02 
 6.128000000000e-10 -5.458843747444e-02 
 6.228000000000e-10 -4.394485779750e-02 
 6.328000000000e-10 -2.793046156682e-02 
 6.428000000000e-10 -8.255762266192e-03 
 6.528000000000e-10  1.289989728496e-02 
 6.628000000000e-10  3.312058154290e-02 
 6.728000000000e-10  5.002459762207e-02 
 6.828000000000e-10  6.154900658892e-02 
 6.928000000000e-10  6.621114588529e-02 
 7.028000000000e-10  6.329957898247e-02 
 7.128000000000e-10  5.297157954906e-02 
 7.228000000000e-10  3.623960433795e-02 
 7.328000000000e-10  1.487056884136e-02 
 7.428000000000e-10 -8.789025446596e-03 
 7.528000000000e-10 -3.205814751077e-02 
 7.628000000000e-10 -5.221476665867e-02 
 7.728000000000e-10 -6.681786973922e-02 
 7.828000000000e-10 -7.401799192411e-02 
 7.928000000000e-10 -7.279498569170e-02 
 8.028000000000e-10 -6.309451043410e-02 
 8.128000000000e-10 -4.583921737571e-02 
 8.228000000000e-10 -2.283083523558e-02 
 8.328000000000e-10  3.427921953851e-03 
 8.428000000000e-10  2.998644666924e-02 
 8.528000000000e-10  5.376062546175e-02 
 8.628000000000e-10  7.189198206030e-02 
 8.728000000000e-10  8.210967654987e-02 
 8.828000000000e-10  8.302964909911e-02 
 8.928000000000e-10  7.433635622501e-02 
 9.028000000000e-10  5.681814258607e-02 
 9.128000000000e-10  3.228106616507e-02 
 9.228000000000e-10  3.368343218249e-03 
 9.328000000000e-10 -2.670073861977e-02 
 9.428000000000e-10 -5.446137172497e-02 
 9.528000000000e-10 -7.659774369755e-02 
 9.628000000000e-10 -9.036206510614e-02 
 9.728000000000e-10 -9.394193902902e-02 
 9.828000000000e-10 -8.669863968354e-02 
 9.928000000000e-10 -6.923982973944e-02 
 1.002800000000e-09 -4.334376848297e-02 
 1.012800000000e-09 -1.177270448137e-02 
 1.022800000000e-09  2.199271729262e-02 
 1.032800000000e-09  5.409548213402e-02 
 1.042800000000e-09  8.072723991725e-02 
 1.052800000000e-09  9.860591231126e-02 
 1.062800000000e-09  1.054217125005e-01 
 1.072800000000e-09  1.001444949308e-01 
 1.082800000000e-09  8.314426176098e-02 
 1.092800000000e-09  5.613117194799e-02 
 1.102800000000e-09  2.195993992417e-02 
 1.112800000000e-09 -1.564164343155e-02 
 1.122800000000e-09 -5.241988431858e-02 
 1.132800000000e-09 -8.404309812868e-02 
 1.142800000000e-09 -1.066368614594e-01 
 1.152800000000e-09 -1.173160539517e-01 
 1.162800000000e-09 -1.145853680261e-01 
 1.172800000000e-09 -9.851795838101e-02 
 1.182800000000e-09 -7.070881059507e-02 
 1.192800000000e-09 -3.407286738454e-02 
 1.202800000000e-09  7.436106222913e-03 
 1.212800000000e-09  4.917403630950e-02 
 1.222800000000e-09  8.626565381356e-02 
 1.232800000000e-09  1.141910434999e-01 
 1.242800000000e-09  1.294130021820e-01 
 1.252800000000e-09  1.298852098008e-01 
 1.262800000000e-09  1.153082109848e-01 
 1.272800000000e-09  8.710979186664e-02 
 1.282800000000e-09  4.822997286668e-02 
 1.292800000000e-09  2.821096657207e-03 
 1.302800000000e-09 -4.409879563606e-02 
 1.312800000000e-09 -8.710187288756e-02 
 1.322800000000e-09 -1.209762325916e-01 
 1.332800000000e-09 -1.414529830674e-01 
 1.342800000000e-09 -1.458432331623e-01 
 1.352800000000e-09 -1.333917745534e-01 
 1.362800000000e-09 -1.052987626892e-01 
 1.372800000000e-09 -6.449100930862e-02 
 1.382800000000e-09 -1.528797540246e-02 
 1.392800000000e-09  3.694614206177e-02 
 1.402800000000e-09  8.623868199553e-02 
 1.412800000000e-09  1.266530271551e-01 
 1.422800000000e-09  1.531127761799e-01 
 1.432800000000e-09  1.621849711036e-01 
 1.442800000000e-09  1.525668281572e-01 
 1.452800000000e-09  1.251653611713e-01 
 1.462800000000e-09  8.284920910248e-02 
 1.472800000000e-09  3.007006847531e-02 
 1.482800000000e-09 -2.749854017164e-02 
 1.492800000000e-09 -8.336451718418e-02 
 1.502800000000e-09 -1.308519122489e-01 
 1.512800000000e-09 -1.640103395548e-01 
 1.522800000000e-09 -1.785629706698e-01 
 1.532800000000e-09 -1.725544078523e-01 
 1.542800000000e-09 -1.465170500384e-01 
 1.552800000000e-09 -1.032146358312e-01 
 1.562800000000e-09 -4.719768363384e-02 
 1.572800000000e-09  1.559395674318e-02 
 1.582800000000e-09  7.819334475351e-02 
 1.592800000000e-09  1.331954686504e-01 
 1.602800000000e-09  1.737264051349e-01 
 1.612800000000e-09  1.945668323067e-01 
 1.622800000000e-09  1.929952019342e-01 
 1.632800000000e-09  1.690756048894e-01 
 1.642800000000e-09  1.254103927969e-01 
 1.652800000000e-09  6.661614495519e-02 
 1.662800000000e-09 -1.143990049389e-03 
 1.672800000000e-09 -7.048851327282e-02 
 1.682800000000e-09 -1.333210433932e-01 
 1.692800000000e-09 -1.818187215627e-01 
 1.702800000000e-09 -2.097317753082e-01 
 1.712800000000e-09 -2.134563957065e-01 
 1.722800000000e-09 -1.924787916890e-01 
 1.732800000000e-09 -1.491679773414e-01 
 1.742800000000e-09 -8.817492229648e-02 
 1.752800000000e-09 -1.584869989325e-02 
 1.762800000000e-09  6.008529839586e-02 
 1.772800000000e-09  1.309071864732e-01 
 1.782800000000e-09  1.878516379087e-01 
 1.792800000000e-09  2.235679306482e-01 
 1.802800000000e-09  2.334501563691e-01 
 1.812800000000e-09  2.162876685730e-01 
 1.822800000000e-09  1.741320665424e-01 
 1.832800000000e-09  1.116276621074e-01 
 1.842800000000e-09  3.527980482368e-02 
 1.852800000000e-09 -4.691285954904e-02 
 1.862800000000e-09 -1.257008778106e-01 
 1.872800000000e-09 -1.914203392067e-01 
 1.882800000000e-09 -2.355761362476e-01 
 1.892800000000e-09 -2.524530685133e-01 
 1.902800000000e-09 -2.400149929760e-01 
 1.912800000000e-09 -1.998865937168e-01 
 1.922800000000e-09 -1.366513289316e-01 
 1.932800000000e-09 -5.695111179144e-02 
 1.942800000000e-09  3.100262443280e-02 
 1.952800000000e-09  1.175430573555e-01 
 1.962800000000e-09  1.921913113935e-01 
 1.972800000000e-09  2.452989778434e-01 
 1.982800000000e-09  2.699474001462e-01 
 1.992800000000e-09  2.631442148592e-01 
 2.002800000000e-09  2.259663231038e-01 
 2.012800000000e-09  1.628588299891e-01 
 2.022800000000e-09  8.057954830678e-02 
 2.032800000000e-09 -1.248877035973e-02 
 2.042800000000e-09 -1.063788009718e-01 
 2.052800000000e-09 -1.899173739879e-01 
 2.062800000000e-09 -2.523344276224e-01 
 2.072800000000e-09 -2.854367765594e-01 
 2.082800000000e-09 -2.851479487966e-01 
 2.092800000000e-09 -2.518710524494e-01 
 2.102800000000e-09 -1.898127734498e-01 
 2.112800000000e-09 -1.058124122074e-01 
 2.122800000000e-09 -8.402115095192e-03 
 2.132800000000e-09  9.225692992592e-02 
 2.142800000000e-09  1.844481426519e-01 
 2.152800000000e-09  2.563559037334e-01 
 2.162800000000e-09  2.984726902273e-01 
 2.172800000000e-09  3.055160378891e-01 
 2.182800000000e-09  2.770874042240e-01 
 2.192800000000e-09  2.170425494597e-01 
 2.202800000000e-09  1.322446280282e-01 
 2.212800000000e-09  3.136400909914e-02 
 2.222800000000e-09 -7.532731728342e-02 
 2.232800000000e-09 -1.757367876932e-01 
 2.242800000000e-09 -2.571244514282e-01 
 2.252800000000e-09 -3.086686399102e-01 
 2.262800000000e-09 -3.237739941044e-01 
 2.272800000000e-09 -3.011082636721e-01 
 2.282800000000e-09 -2.440611897129e-01 
 2.292800000000e-09 -1.594369666315e-01 
 2.302800000000e-09 -5.603091156445e-02 
 2.312800000000e-09  5.582800087072e-02 
 2.322800000000e-09  1.638383453573e-01 
 2.332800000000e-09  2.544981675873e-01 
 2.342800000000e-09  3.157177621727e-01 
 2.352800000000e-09  3.395077038765e-01 
 2.362800000000e-09  3.234639138352e-01 
 2.372800000000e-09  2.703938367519e-01 
 2.382800000000e-09  1.869398889258e-01 
 2.392800000000e-09  8.199836181355e-02 
 2.402800000000e-09 -3.407154476867e-02 
 2.412800000000e-09 -1.489083166336e-01 
 2.422800000000e-09 -2.484416071777e-01 
 2.432800000000e-09 -3.194083692689e-01 
 2.442800000000e-09 -3.523804348074e-01 
 2.452800000000e-09 -3.437457982198e-01 
 2.462800000000e-09 -2.956036458633e-01 
 2.472800000000e-09 -2.143190125560e-01 
 2.482800000000e-09 -1.088498153248e-01 
 2.492800000000e-09  1.042142136661e-02 
 2.502800000000e-09  1.311901930219e-01 
 2.512800000000e-09  2.390276448958e-01 
 2.522800000000e-09  3.196371524093e-01 
 2.532800000000e-09  3.621500730767e-01 
 2.542800000000e-09  3.616240751786e-01 
 2.552800000000e-09  3.193102949535e-01 
 2.562800000000e-09  2.411770057988e-01 
 2.572800000000e-09  1.361806310461e-01 
 2.582800000000e-09  1.473337037551e-02 
 2.592800000000e-09 -1.109953984408e-01 
 2.602800000000e-09 -2.264263659255e-01 
 2.612800000000e-09 -3.164065145900e-01 
 2.622800000000e-09 -3.686718498541e-01 
 2.632800000000e-09 -3.768504033017e-01 
 2.642800000000e-09 -3.411997199428e-01 
 2.652800000000e-09 -2.671699452709e-01 
 2.662800000000e-09 -1.636203729795e-01 
 2.672800000000e-09 -4.100674505460e-02 
 2.682800000000e-09  8.867488861311e-02 
 2.692800000000e-09  2.108835197153e-01 
 2.702800000000e-09  3.098129272373e-01 
 2.712800000000e-09  3.718950476136e-01 
 2.722800000000e-09  3.892590093628e-01 
 2.732800000000e-09  3.610290127633e-01 
 2.742800000000e-09  2.920088499106e-01 
 2.752800000000e-09  1.908401160877e-01 
 2.762800000000e-09  6.803184987192e-02 
 2.772800000000e-09 -6.459587046216e-02 
 2.782800000000e-09 -1.926955793945e-01 
 2.792800000000e-09 -3.000251727296e-01 
 2.802800000000e-09 -3.718462225708e-01 
 2.812800000000e-09 -3.987557245090e-01 
 2.822800000000e-09 -3.786163322143e-01 
 2.832800000000e-09 -3.154497030446e-01 
 2.842800000000e-09 -2.175519398144e-01 
 2.852800000000e-09 -9.547138241243e-02 
 2.862800000000e-09  3.912148016655e-02 
 2.872800000000e-09  1.721854809634e-01 
 2.882800000000e-09  2.872623248694e-01 
 2.892800000000e-09  3.686111084289e-01 
 2.902800000000e-09  4.053048147346e-01 
 2.912800000000e-09  3.938286893242e-01 
 2.922800000000e-09  3.372875785097e-01 
 2.932800000000e-09  2.435108832515e-01 
 2.942800000000e-09  1.230281059495e-01 
 2.952800000000e-09 -1.259285674721e-02 
 2.962800000000e-09 -1.496818629943e-01 
 2.972800000000e-09 -2.717752394046e-01 
 2.982800000000e-09 -3.623211087304e-01 
 2.992800000000e-09 -4.089206051982e-01 
 3.002800000000e-09 -4.065795075373e-01 
 3.012800000000e-09 -3.573623320605e-01 
 3.022800000000e-09 -2.685156434432e-01 
 3.032800000000e-09 -1.504475439090e-01 
 3.042800000000e-09 -1.467945658524e-02 
 3.052800000000e-09  1.255076887303e-01 
 3.062800000000e-09  2.538352577197e-01 
 3.072800000000e-09  3.531443619354e-01 
 3.082800000000e-09  4.096594594012e-01 
 3.092800000000e-09  4.168244128454e-01 
 3.102800000000e-09  3.755538483853e-01 
 3.112800000000e-09  2.923941970185e-01 
 3.122800000000e-09  1.775061117931e-01 
 3.132800000000e-09  4.241160216882e-02 
 3.142800000000e-09 -9.997652319994e-02 
 3.152800000000e-09 -2.337233554239e-01 
 3.162800000000e-09 -3.412710103223e-01 
 3.172800000000e-09 -4.076021124309e-01 
 3.182800000000e-09 -4.245454042637e-01 
 3.192800000000e-09 -3.917654659209e-01 
 3.202800000000e-09 -3.149890912426e-01 
 3.212800000000e-09 -2.040022178216e-01 
 3.222800000000e-09 -7.034464136201e-02 
 3.232800000000e-09  7.338683785213e-02 
 3.242800000000e-09  2.117187559800e-01 
 3.252800000000e-09  3.269000597331e-01 
 3.262800000000e-09  4.028394569896e-01 
 3.272800000000e-09  4.297380836231e-01 
 3.282800000000e-09  4.059128859262e-01 
 3.292800000000e-09  3.361548127900e-01 
 3.302800000000e-09  2.297603753005e-01 
 3.312800000000e-09  9.825456720963e-02 
 3.322800000000e-09 -4.600840738818e-02 
 3.332800000000e-09 -1.880855498392e-01 
 3.342800000000e-09 -3.102313148384e-01 
 3.352800000000e-09 -3.954717888030e-01 
 3.362800000000e-09 -4.324145781232e-01 
 3.372800000000e-09 -4.179307181821e-01 
 3.382800000000e-09 -3.557706111864e-01 
 3.392800000000e-09 -2.546366559532e-01 
 3.402800000000e-09 -1.259558190454e-01 
 3.412800000000e-09  1.807684835018e-02 
 3.422800000000e-09  1.630688270666e-01 
 3.432800000000e-09  2.914662667254e-01 
 3.442800000000e-09  3.856152567113e-01 
 3.452800000000e-09  4.326099703130e-01 
 3.462800000000e-09  4.277797513747e-01 
 3.472800000000e-09  3.737438653594e-01 
 3.482800000000e-09  2.785090610239e-01 
 3.492800000000e-09  1.532884538374e-01 
 3.502800000000e-09  1.019628259263e-02 
 3.512800000000e-09 -1.369026502156e-01 
 3.522800000000e-09 -2.708129424539e-01 
 3.532800000000e-09 -3.734046186563e-01 
 3.542800000000e-09 -4.303790316926e-01 
 3.552800000000e-09 -4.354410333131e-01 
 3.562800000000e-09 -3.899990350592e-01 
 3.572800000000e-09 -3.012605967585e-01 
 3.582800000000e-09 -1.801016693885e-01 
 3.592800000000e-09 -3.861086994207e-02 
 3.602800000000e-09  1.098186759864e-01 
 3.612800000000e-09  2.484872684826e-01 
 3.622800000000e-09  3.589881736410e-01 
 3.632800000000e-09  4.257846544923e-01 
 3.642800000000e-09  4.409024208733e-01 
 3.652800000000e-09  4.044630233584e-01 
 3.662800000000e-09  3.227712086888e-01 
 3.672800000000e-09  2.062505361285e-01 
 3.682800000000e-09  6.697863871310e-02 
 3.692800000000e-09 -8.204199068434e-02 
 3.702800000000e-09 -2.247046441223e-01 
 3.712800000000e-09 -3.425177024024e-01 
 3.722800000000e-09 -4.188887785292e-01 
 3.732800000000e-09 -4.441521753013e-01 
 3.742800000000e-09 -4.170624240912e-01 
 3.752800000000e-09 -3.429242280195e-01 
 3.762800000000e-09 -2.316067298735e-01 
 3.772800000000e-09 -9.513786705923e-02 
 3.782800000000e-09  5.377443738369e-02 
 3.792800000000e-09  1.996653474549e-01 
 3.802800000000e-09  3.241407178209e-01 
 3.812800000000e-09  4.097532561430e-01 
 3.822800000000e-09  4.451854916896e-01 
 3.832800000000e-09  4.277356455252e-01 
 3.842800000000e-09  3.616214797391e-01 
 3.852800000000e-09  2.560646099095e-01 
 3.862800000000e-09  1.229570567162e-01 
 3.872800000000e-09 -2.518858102121e-02 
 3.882800000000e-09 -1.735503686009e-01 
 3.892800000000e-09 -3.040021567722e-01 
 3.902800000000e-09 -3.984496607832e-01 
 3.912800000000e-09 -4.440130149530e-01 
 3.922800000000e-09 -4.364395471317e-01 
 3.932800000000e-09 -3.787848478779e-01 
 3.942800000000e-09 -2.795311714040e-01 
 3.952800000000e-09 -1.503211758406e-01 
 3.962800000000e-09 -3.560451427246e-03 
 3.972800000000e-09  1.465325359803e-01 
 3.982800000000e-09  2.822541237087e-01 
 3.992800000000e-09  3.850678918013e-01 
 4.002800000000e-09  4.406622392074e-01 
 4.012800000000e-09  4.431459127873e-01 
 4.022800000000e-09  3.943457359643e-01 
 4.032800000000e-09  3.019100869329e-01 
 4.042800000000e-09  1.771146138470e-01 
 4.052800000000e-09  3.231941089984e-02 
 4.062800000000e-09 -1.187904254099e-01 
 4.072800000000e-09 -2.590633679918e-01 
 4.082800000000e-09 -3.697171768409e-01 
 4.092800000000e-09 -4.351710477872e-01 
 4.102800000000e-09 -4.478319619998e-01 
 4.112800000000e-09 -4.082337053899e-01 
 4.122800000000e-09 -3.230960652437e-01 
 4.132800000000e-09 -2.032187265998e-01 
 4.142800000000e-09 -6.093601746131e-02 
 4.152800000000e-09  9.050759303332e-02 
 4.162800000000e-09  2.346059771422e-01 
 4.172800000000e-09  3.525173236263e-01 
 4.182800000000e-09  4.275790380358e-01 
 4.192800000000e-09  4.504747193173e-01 
 4.202800000000e-09  4.203750006492e-01 
 4.212800000000e-09  3.429822124131e-01 
 4.222800000000e-09  2.285239511497e-01 
 4.232800000000e-09  8.927532977346e-02 
 4.242800000000e-09 -6.185413172568e-02 
 4.252800000000e-09 -2.090501294890e-01 
 4.262800000000e-09 -3.335869652030e-01 
 4.272800000000e-09 -4.179245996520e-01 
 4.282800000000e-09 -4.510551786967e-01 
 4.292800000000e-09 -4.307037811189e-01 
 4.302800000000e-09 -3.614756744499e-01 
 4.312800000000e-09 -2.529385828634e-01 
 4.322800000000e-09 -1.172276083108e-01 
 4.332800000000e-09  3.297543161197e-02 
 4.342800000000e-09  1.825467926890e-01 
 4.352800000000e-09  3.130410845684e-01 
 4.362800000000e-09  4.062519462276e-01 
 4.372800000000e-09  4.495656056423e-01 
 4.382800000000e-09  4.391688526038e-01 
 4.392800000000e-09  3.785003488247e-01 
 4.402800000000e-09  2.763813758361e-01 
 4.412800000000e-09  1.446979418693e-01 
 4.422800000000e-09 -4.000194432996e-03 
 4.432800000000e-09 -1.552378353530e-01 
 4.442800000000e-09 -2.910003084668e-01 
 4.452800000000e-09 -3.926223268289e-01 
 4.462800000000e-09 -4.460141878064e-01 
 4.472800000000e-09 -4.457328006593e-01 
 4.482800000000e-09 -3.939885244507e-01 
 4.492800000000e-09 -2.987665493761e-01 
 4.502800000000e-09 -1.715888373486e-01 
 4.512800000000e-09 -2.494262760777e-02 
 4.522800000000e-09  1.272726332546e-01 
 4.532800000000e-09  2.676025770636e-01 
 4.542800000000e-09  3.771203193698e-01 
 4.552800000000e-09  4.404228959278e-01 
 4.562800000000e-09  4.503651673427e-01 
 4.572800000000e-09  4.078703523920e-01 
 4.582800000000e-09  3.199967544298e-01 
 4.592800000000e-09  1.977946270993e-01 
 4.602800000000e-09  5.371829579620e-02 
 4.612800000000e-09 -9.881298914807e-02 
 4.622800000000e-09 -2.430025807394e-01 
 4.632800000000e-09 -3.598477931697e-01 
 4.642800000000e-09 -4.328193804710e-01 
 4.652800000000e-09 -4.530365501962e-01 
 4.662800000000e-09 -4.200713989109e-01 
 4.672800000000e-09 -3.399688802383e-01 
 4.682800000000e-09 -2.232128448461e-01 
 4.692800000000e-09 -8.220186164936e-02 
 4.702800000000e-09  7.001604915495e-02 
 4.712800000000e-09  2.173547351416e-01 
 4.722800000000e-09  3.409102352197e-01 
 4.732800000000e-09  4.232315428011e-01 
 4.742800000000e-09  4.537204672388e-01 
 4.752800000000e-09  4.305217039626e-01 
 4.762800000000e-09  3.585896978219e-01 
 4.772800000000e-09  2.477554255700e-01 
 4.782800000000e-09  1.102898927863e-01 
 4.792800000000e-09 -4.101846561127e-02 
 4.802800000000e-09 -1.907989104693e-01 
 4.812800000000e-09 -3.204093152687e-01 
 4.822800000000e-09 -4.116893439500e-01 
 4.832800000000e-09 -4.523985427626e-01 
 4.842800000000e-09 -4.391642507257e-01 
 4.852800000000e-09 -3.757818716944e-01 
 4.862800000000e-09 -2.713458043499e-01 
 4.872800000000e-09 -1.378954891092e-01 
 4.882800000000e-09  1.193853146077e-02 
 4.892800000000e-09  1.634635380455e-01 
 4.902800000000e-09  2.984497364745e-01 
 4.912800000000e-09  3.982375211734e-01 
 4.922800000000e-09  4.490672578989e-01 
 4.932800000000e-09  4.459552466431e-01 
 4.942800000000e-09  3.914773417234e-01 
 4.952800000000e-09  2.939045805134e-01 
 4.962800000000e-09  1.649307117873e-01 
 4.972800000000e-09  1.710680900575e-02 
 4.982800000000e-09 -1.354824753216e-01 
 4.992800000000e-09 -2.751526311482e-01 
 5.002800000000e-09 -3.829448084545e-01 
 5.012800000000e-09 -4.437385806501e-01 
 5.022800000000e-09 -4.508593485038e-01 
 5.032800000000e-09 -4.056068442567e-01 
 5.042800000000e-09 -3.153395506774e-01 
 5.052800000000e-09 -1.912976172298e-01 
 5.062800000000e-09 -4.599294529880e-02 
 5.072800000000e-09  1.070044041827e-01 
 5.082800000000e-09  2.506594250587e-01 
 5.092800000000e-09  3.659017573172e-01 
 5.102800000000e-09  4.364338542938e-01 
 5.112800000000e-09  4.538441982487e-01 
 5.122800000000e-09  4.180964759976e-01 
 5.132800000000e-09  3.355504794563e-01 
 5.142800000000e-09  2.168963065932e-01 
 5.152800000000e-09  7.459738824676e-02 
 5.162800000000e-09 -7.818176528854e-02 
 5.172800000000e-09 -2.251187634097e-01 
 5.182800000000e-09 -3.472076844728e-01 
 5.192800000000e-09 -4.271761372587e-01 
 5.202800000000e-09 -4.548792487149e-01 
 5.212800000000e-09 -4.288734102165e-01 
 5.222800000000e-09 -3.544418794175e-01 
 5.232800000000e-09 -2.416380538327e-01 
 5.242800000000e-09 -1.028162469123e-01 
 5.252800000000e-09  4.915072080781e-02 
 5.262800000000e-09  1.986682503434e-01 
 5.272800000000e-09  3.269593266785e-01 
 5.282800000000e-09  4.159890529320e-01 
 5.292800000000e-09  4.539403083702e-01 
 5.302800000000e-09  4.378759619930e-01 
 5.312800000000e-09  3.719335155742e-01 
 5.322800000000e-09  2.654470633003e-01 
 5.332800000000e-09  1.305641979757e-01 
 5.342800000000e-09 -2.002738303449e-02 
 5.352800000000e-09 -1.714318399134e-01 
 5.362800000000e-09 -3.052535113331e-01 
 5.372800000000e-09 -4.029071954913e-01 
 5.382800000000e-09 -4.510161466758e-01 
 5.392800000000e-09 -4.450555988902e-01 
 5.402800000000e-09 -3.879562273243e-01 
 5.412800000000e-09 -2.882479098238e-01 
 5.422800000000e-09 -1.577586680699e-01 
 5.432800000000e-09 -9.077487484974e-03 
 5.442800000000e-09  1.435346327254e-01 
 5.452800000000e-09  2.822004910102e-01 
 5.462800000000e-09  3.879878063892e-01 
 5.472800000000e-09  4.461116363530e-01 
 5.482800000000e-09  4.503736731414e-01 
 5.492800000000e-09  4.024417178463e-01 
 5.502800000000e-09  3.099532633738e-01 
 5.512800000000e-09  1.843070499601e-01 
 5.522800000000e-09  3.804520938661e-02 
 5.532800000000e-09 -1.151167864568e-01 
 5.542800000000e-09 -2.579323605207e-01 
 5.552800000000e-09 -3.713128678918e-01 
 5.562800000000e-09 -4.392438224010e-01 
 5.572800000000e-09 -4.537959406266e-01 
 5.582800000000e-09 -4.153168386735e-01 
 5.592800000000e-09 -3.304649083373e-01 
 5.602800000000e-09 -2.101105555935e-01 
 5.612800000000e-09 -6.675386510412e-02 
 5.622800000000e-09  8.632826353270e-02 
 5.632800000000e-09  2.325943657086e-01 
 5.642800000000e-09  3.529779323453e-01 
 5.652800000000e-09  4.304336058482e-01 
 5.662800000000e-09  4.552898032958e-01 
 5.672800000000e-09  4.265070941623e-01 
 5.682800000000e-09  3.496852248214e-01 
 5.692800000000e-09  2.350782005107e-01 
 5.702800000000e-09  9.509619394520e-02 
 5.712800000000e-09 -5.730798267812e-02 
 5.722800000000e-09 -2.063253113775e-01 
 5.732800000000e-09 -3.330783299568e-01 
 5.742800000000e-09 -4.197018352007e-01 
 5.752800000000e-09 -4.548275523965e-01 
 5.762800000000e-09 -4.359469828869e-01 
 5.772800000000e-09 -3.675303355929e-01 
 5.782800000000e-09 -2.591327468510e-01 
 5.792800000000e-09 -1.229848965923e-01 
 5.802800000000e-09  2.817418317213e-02 
 5.812800000000e-09  1.792493448009e-01 
 5.822800000000e-09  3.117073404485e-01 
 5.832800000000e-09  4.070766983434e-01 
 5.842800000000e-09  4.523924379203e-01 
 5.852800000000e-09  4.435838624924e-01 
 5.862800000000e-09  3.839291480910e-01 
 5.872800000000e-09  2.822010064416e-01 
 5.882800000000e-09  1.503400133245e-01 
 5.892800000000e-09  9.649223714352e-04 
 5.902800000000e-09 -1.514868941538e-01 
 5.912800000000e-09 -2.889677565622e-01 
 5.922800000000e-09 -3.926063037441e-01 
 5.932800000000e-09 -4.479835085584e-01 
 5.942800000000e-09 -4.493762215273e-01 
 5.952800000000e-09 -3.988140621853e-01 
 5.962800000000e-09 -3.042000942369e-01 
 5.972800000000e-09 -1.770733746074e-01 
 5.982800000000e-09 -2.999512360132e-02 
 5.992800000000e-09  1.231713445648e-01 
 6.002800000000e-09  2.649836866501e-01 
 6.012800000000e-09  3.763647860310e-01 
 6.022800000000e-09  4.416140656326e-01 
 6.032800000000e-09  4.532884467519e-01 
 6.042800000000e-09  4.121132204539e-01 
 6.052800000000e-09  3.250344422469e-01 
 6.062800000000e-09  2.030874464714e-01 
 6.072800000000e-09  5.879492243991e-02 
 6.082800000000e-09 -9.445031334293e-02 
 6.092800000000e-09 -2.398971431018e-01 
 6.102800000000e-09 -3.584442581242e-01 
 6.112800000000e-09 -4.333035758767e-01 
 6.122800000000e-09 -4.552867479284e-01 
 6.132800000000e-09 -4.237514725746e-01 
 6.142800000000e-09 -3.446049332512e-01 
 6.152800000000e-09 -2.282887034193e-01 
 6.162800000000e-09 -8.725294824930e-02 
 6.172800000000e-09  6.546616677103e-02 
 6.182800000000e-09  2.138490292392e-01 
 6.192800000000e-09  3.389399522224e-01 
 6.202800000000e-09  4.230722608882e-01 
 6.212800000000e-09  4.553412314449e-01 
 6.222800000000e-09  4.336596838724e-01 
 6.232800000000e-09  3.628234777030e-01 
 6.242800000000e-09  2.525968735505e-01 
 6.252800000000e-09  1.152776968760e-01 
 6.262800000000e-09 -3.634158682328e-02 
 6.272800000000e-09 -1.869660446000e-01 
 6.282800000000e-09 -3.179438148993e-01 
 6.292800000000e-09 -4.109436348017e-01 
 6.302800000000e-09 -4.534306186248e-01 
 6.312800000000e-09 -4.417815834980e-01 
 6.322800000000e-09 -3.796163926969e-01 
 6.332800000000e-09 -2.759396246461e-01 
 6.342800000000e-09 -1.427897885244e-01 
 6.352800000000e-09  7.184760031871e-03 
 6.362800000000e-09  1.593667501426e-01 
 6.372800000000e-09  2.955535284018e-01 
 6.382800000000e-09  3.969584437264e-01 
 6.392800000000e-09  4.495488901966e-01 
 6.402800000000e-09  4.480727271640e-01 
 6.412800000000e-09  3.949161939726e-01 
 6.422800000000e-09  2.982380039925e-01 
 6.432800000000e-09  1.697048787112e-01 
 6.442800000000e-09  2.189369750755e-02 
 6.452800000000e-09 -1.311788142613e-01 
 6.462800000000e-09 -2.718858349744e-01 
 6.472800000000e-09 -3.811830277790e-01 
 6.482800000000e-09 -4.437054961728e-01 
 6.492800000000e-09 -4.524961642193e-01 
 6.502800000000e-09 -4.086525621277e-01 
 6.512800000000e-09 -3.193998218616e-01 
 6.522800000000e-09 -1.959273827237e-01 
 6.532800000000e-09 -5.077339515974e-02 
 6.542800000000e-09  1.025467389863e-01 
 6.552800000000e-09  2.470787324748e-01 
 6.562800000000e-09  3.637054536507e-01 
 6.572800000000e-09  4.359185787425e-01 
 6.582800000000e-09  4.550172802511e-01 
 6.592800000000e-09  4.207502247868e-01 
 6.602800000000e-09  3.393251876844e-01 
 6.612800000000e-09  2.213614798405e-01 
 6.622800000000e-09  7.933909505454e-02 
 6.632800000000e-09 -7.361576322790e-02 
 6.642800000000e-09 -2.212747298095e-01 
 6.652800000000e-09 -3.446208102170e-01 
 6.662800000000e-09 -4.262079599315e-01 
 6.672800000000e-09 -4.556045777845e-01 
 6.682800000000e-09 -4.311375496681e-01 
 6.692800000000e-09 -3.579223284728e-01 
 6.702800000000e-09 -2.459234254052e-01 
 6.712800000000e-09 -1.074941210847e-01 
 6.722800000000e-09  4.451401798519e-02 
 6.732800000000e-09  1.946043142731e-01 
 6.742800000000e-09  3.240212606598e-01 
 6.752800000000e-09  4.145947629940e-01 
 6.762800000000e-09  4.542334510245e-01 
 6.772800000000e-09  4.397544309870e-01 
 6.782800000000e-09  3.751140840798e-01 
 6.792800000000e-09  2.695402197537e-01 
 6.802800000000e-09  1.351577657494e-01 
 6.812800000000e-09 -1.535168966465e-02 
 6.822800000000e-09 -1.671862345174e-01 
 6.832800000000e-09 -3.020009935673e-01 
 6.842800000000e-09 -4.011133260178e-01 
 6.852800000000e-09 -4.508930166074e-01 
 6.862800000000e-09 -4.465532893097e-01 
 6.872800000000e-09 -3.908323062341e-01 
 6.882800000000e-09 -2.921361885153e-01 
 6.892800000000e-09 -1.622485237887e-01 
 6.902800000000e-09 -1.376281966366e-02 
 6.912800000000e-09  1.391438758206e-01 
 6.922800000000e-09  2.786702243792e-01 
 6.932800000000e-09  3.858222837832e-01 
 6.942800000000e-09  4.455885092216e-01 
 6.952800000000e-09  4.514954038015e-01 
 6.962800000000e-09  4.050078402439e-01 
 6.972800000000e-09  3.136224289142e-01 
 6.982800000000e-09  1.886737789552e-01 
 6.992800000000e-09  4.271202891539e-02 
 7.002800000000e-09 -1.106169378480e-01 
 7.012800000000e-09 -2.541614062611e-01 
 7.022800000000e-09 -3.688045083402e-01 
 7.032800000000e-09 -4.383364488686e-01 
 7.042800000000e-09 -4.545459087228e-01 
 7.052800000000e-09 -4.175666756058e-01 
 7.062800000000e-09 -3.339004933414e-01 
 7.072800000000e-09 -2.143364975975e-01 
 7.082800000000e-09 -7.137733532067e-02 
 7.092800000000e-09  8.175260658170e-02 
 7.102800000000e-09  2.286177359302e-01 
 7.112800000000e-09  3.501544204527e-01 
 7.122800000000e-09  4.291563941778e-01 
 7.132800000000e-09  4.556719129768e-01 
 7.142800000000e-09  4.284349549614e-01 
 7.152800000000e-09  3.528748790792e-01 
 7.162800000000e-09  2.391489714675e-01 
 7.172800000000e-09  9.965644242945e-02 
 7.182800000000e-09 -5.268466268220e-02 
 7.192800000000e-09 -2.021737711188e-01 
 7.202800000000e-09 -3.299650336621e-01 
 7.212800000000e-09 -4.180681730243e-01 
 7.222800000000e-09 -4.548461497136e-01 
 7.232800000000e-09 -4.375489319029e-01 
 7.242800000000e-09 -3.704644812400e-01 
 7.252800000000e-09 -2.630363369732e-01 
 7.262800000000e-09 -1.274657228296e-01 
 7.272800000000e-09  2.352693122874e-02 
 7.282800000000e-09  1.749501397879e-01 
 7.292800000000e-09  3.083285244293e-01 
 7.302800000000e-09  4.051009507249e-01 
 7.312800000000e-09  4.520532760558e-01 
 7.322800000000e-09  4.448576323340e-01 
 7.332800000000e-09  3.865996264231e-01 
 7.342800000000e-09  2.859251785346e-01 
 7.352800000000e-09  1.547256930363e-01 
 7.362800000000e-09  5.613635388604e-03 
 7.372800000000e-09 -1.470668758395e-01 
 7.382800000000e-09 -2.853491121181e-01 
 7.392800000000e-09 -3.903057022634e-01 
 7.402800000000e-09 -4.472940447335e-01 
 7.412800000000e-09 -4.503203719338e-01 
 7.422800000000e-09 -4.012122772947e-01 
 7.432800000000e-09 -3.077306627285e-01 
 7.442800000000e-09 -1.813470202032e-01 
 7.452800000000e-09 -3.462232128173e-02 
 7.462800000000e-09  1.186588448234e-01 
 7.472800000000e-09  2.611532586642e-01 
 7.482800000000e-09  3.737592805967e-01 
 7.492800000000e-09  4.405826061161e-01 
 7.502800000000e-09  4.539015778226e-01 
 7.512800000000e-09  4.142296312025e-01 
 7.522800000000e-09  3.283560372782e-01 
 7.532800000000e-09  2.072324240087e-01 
 7.542800000000e-09  6.337889590060e-02 
 7.552800000000e-09 -8.987325796922e-02 
 7.562800000000e-09 -2.358831735534e-01 
 7.572800000000e-09 -3.555544127118e-01 
 7.582800000000e-09 -4.319380947826e-01 
 7.592800000000e-09 -4.555675062209e-01 
 7.602800000000e-09 -4.255768548426e-01 
 7.612800000000e-09 -3.477034498250e-01 
 7.622800000000e-09 -2.322907363417e-01 
 7.632800000000e-09 -9.177565313688e-02 
 7.642800000000e-09  6.084904380068e-02 
 7.652800000000e-09  2.096771429291e-01 
 7.662800000000e-09  3.357851678675e-01 
 7.672800000000e-09  4.213803011213e-01 
 7.682800000000e-09  4.552889174610e-01 
 7.692800000000e-09  4.351863720657e-01 
 7.702800000000e-09  3.656872878154e-01 
 7.712800000000e-09  2.564439737827e-01 
 7.722800000000e-09  1.197245520102e-01 
 7.732800000000e-09 -3.170496320773e-02 
 7.742800000000e-09 -1.826588683791e-01 
 7.752800000000e-09 -3.145427430143e-01 
 7.762800000000e-09 -4.089337721542e-01 
 7.772800000000e-09 -4.530461544663e-01 
 7.782800000000e-09 -4.430039198184e-01 
 7.792800000000e-09 -3.822356881044e-01 
 7.802800000000e-09 -2.796199927309e-01 
 7.812800000000e-09 -1.471469298374e-01 
 7.822800000000e-09  2.547902789047e-03 
 7.832800000000e-09  1.549465651274e-01 
 7.842800000000e-09  2.919264857304e-01 
 7.852800000000e-09  3.946425362770e-01 
 7.862800000000e-09  4.488354885116e-01 
 7.872800000000e-09  4.489864007061e-01 
 7.882800000000e-09  3.972811732227e-01 
 7.892800000000e-09  3.017379312489e-01 
 7.902800000000e-09  1.739569223524e-01 
 7.912800000000e-09  2.651042887114e-02 
 7.922800000000e-09 -1.266700474709e-01 
 7.932800000000e-09 -2.680563337239e-01 
 7.942800000000e-09 -3.785766003962e-01 
 7.952800000000e-09 -4.426680275005e-01 
 7.962800000000e-09 -4.530973256049e-01 
 7.972800000000e-09 -4.107524688970e-01 
 7.982800000000e-09 -3.227037756794e-01 
 7.992800000000e-09 -2.000581955410e-01 
 8.002800000000e-09 -5.534959498754e-02 
 8.012800000000e-09  9.797490386374e-02 
 8.022800000000e-09  2.430719335477e-01 
 8.032800000000e-09  3.608258242963e-01 
 8.042800000000e-09  4.345622459954e-01 
 8.052800000000e-09  4.553022671557e-01 
 8.062800000000e-09  4.225742306606e-01 
 8.072800000000e-09  3.424181135491e-01 
 8.082800000000e-09  2.253565186282e-01 
 8.092800000000e-09  8.385701923752e-02 
 8.102800000000e-09 -6.900422366801e-02 
 8.112800000000e-09 -2.171143670899e-01 
 8.122800000000e-09 -3.414849004195e-01 
 8.132800000000e-09 -4.245377314579e-01 
 8.142800000000e-09 -4.555703410686e-01 
 8.152800000000e-09 -4.326761291770e-01 
 8.162800000000e-09 -3.607913656336e-01 
 8.172800000000e-09 -2.497704621531e-01 
 8.182800000000e-09 -1.119394994518e-01 
 8.192800000000e-09  3.988243522278e-02 
 8.202800000000e-09  1.903113404228e-01 
 8.212800000000e-09  3.206452665806e-01 
 8.222800000000e-09  4.126164004196e-01 
 8.232800000000e-09  4.538784850553e-01 
 8.242800000000e-09  4.410001323069e-01 
 8.252800000000e-09  3.777484928965e-01 
 8.262800000000e-09  2.732277550102e-01 
 8.272800000000e-09  1.395176308322e-01 
 8.282800000000e-09 -1.071791451879e-02 
 8.292800000000e-09 -1.627807662593e-01 
 8.302800000000e-09 -2.984024337120e-01 
 8.312800000000e-09 -3.988356775500e-01 
 8.322800000000e-09 -4.502182537381e-01 
 8.332800000000e-09 -4.475003432793e-01 
 8.342800000000e-09 -3.932218338969e-01 
 8.352800000000e-09 -2.956510508038e-01 
 8.362800000000e-09 -1.665087640185e-01 
 8.372800000000e-09 -1.838038098484e-02 
 8.382800000000e-09  1.346477207896e-01 
 8.392800000000e-09  2.748697151019e-01 
 8.402800000000e-09  3.832581707632e-01 
 8.412800000000e-09  4.445970845888e-01 
 8.422800000000e-09  4.521390346364e-01 
 8.432800000000e-09  4.071417096216e-01 
 8.442800000000e-09  3.169498943535e-01 
 8.452800000000e-09  1.928186058329e-01 
 8.462800000000e-09  4.729311559751e-02 
 8.472800000000e-09 -1.060547109038e-01 
 8.482800000000e-09 -2.501827223476e-01 
 8.492800000000e-09 -3.659696386967e-01 
 8.502800000000e-09 -4.370322277215e-01 
 8.512800000000e-09 -4.548811735530e-01 
 8.522800000000e-09 -4.194329950882e-01 
 8.532800000000e-09 -3.370244706590e-01 
 8.542800000000e-09 -2.183507544700e-01 
 8.552800000000e-09 -7.590390347159e-02 
 8.562800000000e-09  7.714755740503e-02 
 8.572800000000e-09  2.244840572712e-01 
 8.582800000000e-09  3.470647271469e-01 
 8.592800000000e-09  4.275432576701e-01 
 8.602800000000e-09  4.556946268109e-01 
 8.612800000000e-09  4.300231527889e-01 
 8.622800000000e-09  3.557816038974e-01 
 8.632800000000e-09  2.430199812233e-01 
 8.642800000000e-09  1.041138449921e-01 
 8.652800000000e-09 -4.805662301431e-02 
 8.662800000000e-09 -1.979057407312e-01 
 8.672800000000e-09 -3.266357173682e-01 
 8.682800000000e-09 -4.161504554366e-01 
 8.692800000000e-09 -4.545534592556e-01 
 8.702800000000e-09 -4.388504417022e-01 
 8.712800000000e-09 -3.731425082832e-01 
 8.722800000000e-09 -2.667527047060e-01 
 8.732800000000e-09 -1.318413017587e-01 
 8.742800000000e-09  1.889329305012e-02 
 8.752800000000e-09  1.705669383365e-01 
 8.762800000000e-09  3.047755619270e-01 
 8.772800000000e-09  4.028855989524e-01 
 8.782800000000e-09  4.514446896031e-01 
 8.792800000000e-09  4.458657918243e-01 
 8.802800000000e-09  3.890384922082e-01 
 8.812800000000e-09  2.894744154885e-01 
 8.822800000000e-09  1.590059028297e-01 
 8.832800000000e-09  1.023498105767e-02 
 8.842800000000e-09 -1.425892266194e-01 
 8.852800000000e-09 -2.815915930765e-01 
 8.862800000000e-09 -3.878038213909e-01 
 8.872800000000e-09 -4.463715345036e-01 
 8.882800000000e-09 -4.510296240687e-01 
 8.892800000000e-09 -4.034009309068e-01 
 8.902800000000e-09 -3.110979992650e-01 
 8.912800000000e-09 -1.855164955833e-01 
 8.922800000000e-09 -3.921199151634e-02 
 8.932800000000e-09  1.141101133436e-01 
 8.942800000000e-09  2.572136116369e-01 
 8.952800000000e-09  3.709853813080e-01 
 8.962800000000e-09  4.393494804769e-01 
 8.972800000000e-09  4.543067333331e-01 
 8.982800000000e-09  4.161562717105e-01 
 8.992800000000e-09  3.315256341855e-01 
 9.002800000000e-09  2.112758654045e-01 
 9.012800000000e-09  6.791836539209e-02 
 9.022800000000e-09 -8.527687514376e-02 
 9.032800000000e-09 -2.317844595399e-01 
 9.042800000000e-09 -3.525240031788e-01 
 9.052800000000e-09 -4.303979143318e-01 
 9.062800000000e-09 -4.556637831516e-01 
 9.072800000000e-09 -4.272300400538e-01 
 9.082800000000e-09 -3.506606425357e-01 
 9.092800000000e-09 -2.361947566293e-01 
 9.102800000000e-09 -9.624946291581e-02 
 9.112800000000e-09  5.622552697336e-02 
 9.122800000000e-09  2.054402737635e-01 
 9.132800000000e-09  3.325130449924e-01 
 9.142800000000e-09  4.195362867175e-01 
 9.152800000000e-09  4.550724914917e-01 
 9.162800000000e-09  4.365569908893e-01 
 9.172800000000e-09  3.684201496786e-01 
 9.182800000000e-09  2.601972226270e-01 
 9.192800000000e-09  1.241200308912e-01 
 9.202800000000e-09 -2.707179731003e-02 
 9.212800000000e-09 -1.783028280587e-01 
 9.222800000000e-09 -3.110441284289e-01 
 9.232800000000e-09 -4.067918311817e-01 
 9.242800000000e-09 -4.525156765429e-01 
 9.252800000000e-09 -4.440845922208e-01 
 9.262800000000e-09 -3.847335609063e-01 
 9.272800000000e-09 -2.832105085482e-01 
 9.282800000000e-09 -1.514511275496e-01 
 9.292800000000e-09 -2.077638425367e-03 
 9.302800000000e-09  1.504910711584e-01 
 9.312800000000e-09  2.882190958452e-01 
 9.322800000000e-09  3.922122513436e-01 
 9.332800000000e-09  4.479920356831e-01 
 9.342800000000e-09  4.497711547439e-01 
 9.352800000000e-09  3.995331587192e-01 
 9.362800000000e-09  3.051515527640e-01 
 9.372800000000e-09  1.781549653553e-01 
 9.382800000000e-09  3.110942547727e-02 
 9.392800000000e-09 -1.221376066938e-01 
 9.402800000000e-09 -2.641615578293e-01 
 9.412800000000e-09 -3.758714668962e-01 
 9.422800000000e-09 -4.415144431115e-01 
 9.432800000000e-09 -4.535807193372e-01 
 9.442800000000e-09 -4.127467728334e-01 
 9.452800000000e-09 -3.259246853998e-01 
 9.462800000000e-09 -2.041345616173e-01 
 9.472800000000e-09 -5.990311950075e-02 
 9.482800000000e-09  9.338908287709e-02 
 9.492800000000e-09  2.390127519416e-01 
 9.502800000000e-09  3.578610702536e-01 
 9.512800000000e-09  4.331017754409e-01 
 9.522800000000e-09  4.554792115420e-01 
 9.532800000000e-09  4.242992518636e-01 
 9.542800000000e-09  3.454312544016e-01 
 9.552800000000e-09  2.292973549283e-01 
 9.562800000000e-09  8.834883515226e-02 
 9.572800000000e-09 -6.438633969576e-02 
 9.582800000000e-09 -2.129122670114e-01 
 9.592800000000e-09 -3.382754247003e-01 
 9.602800000000e-09 -4.227736645681e-01 
 9.612800000000e-09 -4.554366083322e-01 
 9.622800000000e-09 -4.341217642270e-01 
 9.632800000000e-09 -3.635839112723e-01 
 9.642800000000e-09 -2.535639538785e-01 
 9.652800000000e-09 -1.163564197931e-01 
 9.662800000000e-09  3.525049013609e-02 
 9.672800000000e-09  1.859854309578e-01 
 9.682800000000e-09  3.172057004374e-01 
 9.692800000000e-09  4.105533563503e-01 
 9.702800000000e-09  4.534316934768e-01 
 9.712800000000e-09  4.421584078376e-01 
 9.722800000000e-09  3.803095031667e-01 
 9.732800000000e-09  2.768623215572e-01 
 9.742800000000e-09  1.438470964323e-01 
 9.752800000000e-09 -6.088843201681e-03 
 9.762800000000e-09 -1.583500954910e-01 
 9.772800000000e-09 -2.947493941374e-01 
 9.782800000000e-09 -3.964818839073e-01 
 9.792800000000e-09 -4.494586628414e-01 
 9.802800000000e-09 -4.483649120751e-01 
 9.812800000000e-09 -3.955405716355e-01 
 9.822800000000e-09 -2.991132040749e-01 
 9.832800000000e-09 -1.707364699309e-01 
 9.842800000000e-09 -2.298817244421e-02 
 9.852800000000e-09  1.301339212881e-01 
 9.862800000000e-09  2.710235291692e-01 
 9.872800000000e-09  3.806260719069e-01 
 9.882800000000e-09  4.435270875532e-01 
 9.892800000000e-09  4.527042865534e-01 
 9.902800000000e-09  4.092065393926e-01 
 9.912800000000e-09  3.202240517116e-01 
 9.922800000000e-09  1.969289817336e-01 
 9.932800000000e-09  5.186047129885e-02 
 9.942800000000e-09 -1.014812975430e-01 
 9.952800000000e-09 -2.461661485709e-01 
 9.962800000000e-09 -3.630741341195e-01 
 9.972800000000e-09 -4.356549745425e-01 
 9.982800000000e-09 -4.551418307899e-01 
 9.992800000000e-09 -4.212320702036e-01 
 1.000000000000e-08 -3.666664699207e-01 
