 1.628000000000e-10  2.455492684714e-02 
 1.728000000000e-10  1.574807443101e-02 
 1.828000000000e-10  4.884079192765e-03 
 1.928000000000e-10 -6.871440322368e-03 
 2.028000000000e-10 -1.821185021043e-02 
 2.128000000000e-10 -2.783065290125e-02 
 2.228000000000e-10 -3.457904420238e-02 
 2.328000000000e-10 -3.760021420626e-02 
 2.428000000000e-10 -3.643924944108e-02 
 2.528000000000e-10 -3.110388211563e-02 
 2.628000000000e-10 -2.207697973816e-02 
 2.728000000000e-10 -1.027165184438e-02 
 2.828000000000e-10  3.058026488692e-03 
 2.928000000000e-10  1.644768042486e-02 
 3.028000000000e-10  2.837739742542e-02 
 3.128000000000e-10  3.744540175556e-02 
 3.228000000000e-10  4.253280975469e-02 
 3.328000000000e-10  4.294251503882e-02 
 3.428000000000e-10  3.848988854335e-02 
 3.528000000000e-10  2.953789547430e-02 
 3.628000000000e-10  1.696295320646e-02 
 3.728000000000e-10  2.076771242121e-03 
 3.828000000000e-10 -1.350351158598e-02 
 3.928000000000e-10 -2.802802184399e-02 
 4.028000000000e-10 -3.980860090922e-02 
 4.128000000000e-10 -4.741651575763e-02 
 4.228000000000e-10 -4.986039054300e-02 
 4.328000000000e-10 -4.671190096508e-02 
 4.428000000000e-10 -3.816848602819e-02 
 4.528000000000e-10 -2.504117743019e-02 
 4.628000000000e-10 -8.678013648970e-03 
 4.728000000000e-10  9.168277866223e-03 
 4.828000000000e-10  2.651868863564e-02 
 4.928000000000e-10  4.138308249477e-02 
 5.028000000000e-10  5.198912513739e-02 
 5.128000000000e-10  5.700020367366e-02 
 5.228000000000e-10  5.568361285013e-02 
 5.328000000000e-10  4.801015793478e-02 
 5.428000000000e-10  3.466565416559e-02 
 5.528000000000e-10  1.698942877513e-02 
 5.628000000000e-10 -3.152467319969e-03 
 5.728000000000e-10 -2.355401195387e-02 
 5.828000000000e-10 -4.190069621731e-02 
 5.928000000000e-10 -5.603142766809e-02 
 6.028000000000e-10 -6.420271136294e-02 
 6.128000000000e-10 -6.531077565275e-02 
 6.228000000000e-10 -5.903546039522e-02 
 6.328000000000e-10 -4.588514483957e-02 
 6.428000000000e-10 -2.714961297367e-02 
 6.528000000000e-10 -4.775221906643e-03 
 6.628000000000e-10  1.882202954155e-02 
 6.728000000000e-10  4.100033880613e-02 
 6.828000000000e-10  5.918138417148e-02 
 6.928000000000e-10  7.116059435590e-02 
 7.028000000000e-10  7.538908314263e-02 
 7.128000000000e-10  7.117472231858e-02 
 7.228000000000e-10  5.877072349681e-02 
 7.328000000000e-10  3.935320130278e-02 
 7.428000000000e-10  1.490415895366e-02 
 7.528000000000e-10 -1.197556227442e-02 
 7.628000000000e-10 -3.831604465397e-02 
 7.728000000000e-10 -6.109034638927e-02 
 7.828000000000e-10 -7.757194451526e-02 
 7.928000000000e-10 -8.568504942348e-02 
 8.028000000000e-10 -8.427950748678e-02 
 8.128000000000e-10 -7.327640042115e-02 
 8.228000000000e-10 -5.367332139181e-02 
 8.328000000000e-10 -2.743552175170e-02 
 8.428000000000e-10  2.690176611375e-03 
 8.528000000000e-10  3.342656423670e-02 
 8.628000000000e-10  6.128967190635e-02 
 8.728000000000e-10  8.298475530202e-02 
 8.828000000000e-10  9.582810536874e-02 
 8.928000000000e-10  9.811036998021e-02 
 9.028000000000e-10  8.931760724085e-02 
 9.128000000000e-10  7.018153459082e-02 
 9.228000000000e-10  4.258399195526e-02 
 9.328000000000e-10  9.368048562646e-03 
 9.428000000000e-10 -2.591186736976e-02 
 9.528000000000e-10 -5.931453147258e-02 
 9.628000000000e-10 -8.693525778599e-02 
 9.728000000000e-10 -1.053995945086e-01 
 9.828000000000e-10 -1.123305600595e-01 
 9.928000000000e-10 -1.066708512010e-01 
 1.002800000000e-09 -8.879464502697e-02 
 1.012800000000e-09 -6.042734665321e-02 
 1.022800000000e-09 -2.444869464507e-02 
 1.032800000000e-09  1.535976192786e-02 
 1.042800000000e-09  5.462875433340e-02 
 1.052800000000e-09  8.883006878951e-02 
 1.062800000000e-09  1.138290846480e-01 
 1.072800000000e-09  1.264664624432e-01 
 1.082800000000e-09  1.250095185860e-01 
 1.092800000000e-09  1.093566254666e-01 
 1.102800000000e-09  8.098700318791e-02 
 1.112800000000e-09  4.274879098453e-02 
 1.122800000000e-09 -1.407997778179e-03 
 1.132800000000e-09 -4.673127045216e-02 
 1.142800000000e-09 -8.807668002003e-02 
 1.152800000000e-09 -1.204957819251e-01 
 1.162800000000e-09 -1.399348674135e-01 
 1.172800000000e-09 -1.438470348452e-01 
 1.182800000000e-09 -1.315222204731e-01 
 1.192800000000e-09 -1.040920239780e-01 
 1.202800000000e-09 -6.430153783154e-02 
 1.212800000000e-09 -1.620152054605e-02 
 1.222800000000e-09  3.514468258316e-02 
 1.232800000000e-09  8.402522577212e-02 
 1.242800000000e-09  1.246616505319e-01 
 1.252800000000e-09  1.520081329337e-01 
 1.262800000000e-09  1.625471368571e-01 
 1.272800000000e-09  1.548019809645e-01 
 1.282800000000e-09  1.294340145651e-01 
 1.292800000000e-09  8.900052071450e-02 
 1.302800000000e-09  3.758605389856e-02 
 1.312800000000e-09 -1.951385326530e-02 
 1.322800000000e-09 -7.609858835806e-02 
 1.332800000000e-09 -1.255852178438e-01 
 1.342800000000e-09 -1.618686179587e-01 
 1.352800000000e-09 -1.803149870858e-01 
 1.362800000000e-09 -1.785043254241e-01 
 1.372800000000e-09 -1.564773338687e-01 
 1.382800000000e-09 -1.165092567869e-01 
 1.392800000000e-09 -6.265493302826e-02 
 1.402800000000e-09 -3.598712138673e-04 
 1.412800000000e-09  6.379929531196e-02 
 1.422800000000e-09  1.225205074140e-01 
 1.432800000000e-09  1.686245020118e-01 
 1.442800000000e-09  1.962324686897e-01 
 1.452800000000e-09  2.017890568089e-01 
 1.462800000000e-09  1.845267806264e-01 
 1.472800000000e-09  1.463125878808e-01 
 1.482800000000e-09  9.110934124959e-02 
 1.492800000000e-09  2.444859766538e-02 
 1.502800000000e-09 -4.683597021133e-02 
 1.512800000000e-09 -1.148585968238e-01 
 1.522800000000e-09 -1.714187976539e-01 
 1.532800000000e-09 -2.093105281136e-01 
 1.542800000000e-09 -2.236595174615e-01 
 1.552800000000e-09 -2.126805817820e-01 
 1.562800000000e-09 -1.776672408860e-01 
 1.572800000000e-09 -1.224094225785e-01 
 1.582800000000e-09 -5.248066591153e-02 
 1.592800000000e-09  2.513575299730e-02 
 1.602800000000e-09  1.021491867089e-01 
 1.612800000000e-09  1.694726356805e-01 
 1.622800000000e-09  2.185586054261e-01 
 1.632800000000e-09  2.430558870636e-01 
 1.642800000000e-09  2.399320862866e-01 
 1.652800000000e-09  2.096951788492e-01 
 1.662800000000e-09  1.558388222732e-01 
 1.672800000000e-09  8.394627393957e-02 
 1.682800000000e-09  1.087962599929e-03 
 1.692800000000e-09 -8.422247571578e-02 
 1.702800000000e-09 -1.622209540197e-01 
 1.712800000000e-09 -2.230950373501e-01 
 1.722800000000e-09 -2.589144104980e-01 
 1.732800000000e-09 -2.651829370226e-01 
 1.742800000000e-09 -2.413799324507e-01 
 1.752800000000e-09 -1.905190253949e-01 
 1.762800000000e-09 -1.181379354715e-01 
 1.772800000000e-09 -3.137697420748e-02 
 1.782800000000e-09  6.117479530234e-02 
 1.792800000000e-09  1.493386095702e-01 
 1.802800000000e-09  2.222160213172e-01 
 1.812800000000e-09  2.702722789990e-01 
 1.822800000000e-09  2.873527523504e-01 
 1.832800000000e-09  2.716563219922e-01 
 1.842800000000e-09  2.254845528065e-01 
 1.852800000000e-09  1.542100629982e-01 
 1.862800000000e-09  6.505232012926e-02 
 1.872800000000e-09 -3.339607387462e-02 
 1.882800000000e-09 -1.308060102146e-01 
 1.892800000000e-09 -2.154685661070e-01 
 1.902800000000e-09 -2.763239503325e-01 
 1.912800000000e-09 -3.054216399210e-01 
 1.922800000000e-09 -2.994291640391e-01 
 1.932800000000e-09 -2.596908542904e-01 
 1.942800000000e-09 -1.912194048429e-01 
 1.952800000000e-09 -1.012905345931e-01 
 1.962800000000e-09  1.495682782474e-03 
 1.972800000000e-09  1.068716440198e-01 
 1.982800000000e-09  2.026631684690e-01 
 1.992800000000e-09  2.764787775995e-01 
 2.002800000000e-09  3.185180401206e-01 
 2.012800000000e-09  3.236771356606e-01 
 2.022800000000e-09  2.920914658501e-01 
 2.032800000000e-09  2.281769517825e-01 
 2.042800000000e-09  1.391706884033e-01 
 2.052800000000e-09  3.372743072731e-02 
 2.062800000000e-09 -7.805713005486e-02 
 2.072800000000e-09 -1.839025441711e-01 
 2.082800000000e-09 -2.703943608933e-01 
 2.092800000000e-09 -3.259429035446e-01 
 2.102800000000e-09 -3.434843579935e-01 
 2.112800000000e-09 -3.216746108941e-01 
 2.122800000000e-09 -2.640902148642e-01 
 2.132800000000e-09 -1.777450109692e-01 
 2.142800000000e-09 -7.138256196591e-02 
 2.152800000000e-09  4.507750319817e-02 
 2.162800000000e-09  1.595519743156e-01 
 2.172800000000e-09  2.580015574662e-01 
 2.182800000000e-09  3.272335712622e-01 
 2.192800000000e-09  3.581200796300e-01 
 2.202800000000e-09  3.475561029011e-01 
 2.212800000000e-09  2.980326206525e-01 
 2.222800000000e-09  2.160904487539e-01 
 2.232800000000e-09  1.105417348800e-01 
 2.242800000000e-09 -8.794563106614e-03 
 2.252800000000e-09 -1.302216027056e-01 
 2.262800000000e-09 -2.395139542988e-01 
 2.272800000000e-09 -3.221809766067e-01 
 2.282800000000e-09 -3.670461703556e-01 
 2.292800000000e-09 -3.689943135563e-01 
 2.302800000000e-09 -3.291591967578e-01 
 2.312800000000e-09 -2.533498769504e-01 
 2.322800000000e-09 -1.503168536801e-01 
 2.332800000000e-09 -2.988793708482e-02 
 2.342800000000e-09  9.668026899094e-02 
 2.352800000000e-09  2.153834394800e-01 
 2.362800000000e-09  3.108315206060e-01 
 2.372800000000e-09  3.699451426143e-01 
 2.382800000000e-09  3.854150645024e-01 
 2.392800000000e-09  3.567425468414e-01 
 2.402800000000e-09  2.887563390756e-01 
 2.412800000000e-09  1.898922729726e-01 
 2.422800000000e-09  7.008153092037e-02 
 2.432800000000e-09 -5.978915505226e-02 
 2.442800000000e-09 -1.862417712171e-01 
 2.452800000000e-09 -2.934449280302e-01 
 2.462800000000e-09 -3.666960080499e-01 
 2.472800000000e-09 -3.964086352194e-01 
 2.482800000000e-09 -3.801849622016e-01 
 2.492800000000e-09 -3.216160191661e-01 
 2.502800000000e-09 -2.285341257753e-01 
 2.512800000000e-09 -1.109642425278e-01 
 2.522800000000e-09  2.042231201148e-02 
 2.532800000000e-09  1.528304734552e-01 
 2.542800000000e-09  2.704598215256e-01 
 2.552800000000e-09  3.573631787976e-01 
 2.562800000000e-09  4.017282246561e-01 
 2.572800000000e-09  3.990081289917e-01 
 2.582800000000e-09  3.513049311898e-01 
 2.592800000000e-09  2.655927623331e-01 
 2.602800000000e-09  1.518042299959e-01 
 2.612800000000e-09  2.058645212243e-02 
 2.622800000000e-09 -1.159458499896e-01 
 2.632800000000e-09 -2.424489444181e-01 
 2.642800000000e-09 -3.421724092647e-01 
 2.652800000000e-09 -4.012747290971e-01 
 2.662800000000e-09 -4.128549193865e-01 
 2.672800000000e-09 -3.773032547136e-01 
 2.682800000000e-09 -3.004927749192e-01 
 2.692800000000e-09 -1.919575402843e-01 
 2.702800000000e-09 -6.246820005387e-02 
 2.712800000000e-09  7.640418433821e-02 
 2.722800000000e-09  2.100832227531e-01 
 2.732800000000e-09  3.214845953259e-01 
 2.742800000000e-09  3.950726431635e-01 
 2.752800000000e-09  4.214843307938e-01 
 2.762800000000e-09  3.991769584379e-01 
 2.772800000000e-09  3.326792862192e-01 
 2.782800000000e-09  2.308335031414e-01 
 2.792800000000e-09  1.045230848492e-01 
 2.802800000000e-09 -3.500113317826e-02 
 2.812800000000e-09 -1.740737120433e-01 
 2.822800000000e-09 -2.957480501940e-01 
 2.832800000000e-09 -3.832251192532e-01 
 2.842800000000e-09 -4.247309898576e-01 
 2.852800000000e-09 -4.165496030498e-01 
 2.862800000000e-09 -3.616452897797e-01 
 2.872800000000e-09 -2.679253698464e-01 
 2.882800000000e-09 -1.461677148412e-01 
 2.892800000000e-09 -7.555910636791e-03 
 2.902800000000e-09  1.351222946869e-01 
 2.912800000000e-09  2.654903148358e-01 
 2.922800000000e-09  3.659573402878e-01 
 2.932800000000e-09  4.225543202047e-01 
 2.942800000000e-09  4.291544017303e-01 
 2.952800000000e-09  3.869790115807e-01 
 2.962800000000e-09  3.027716865948e-01 
 2.972800000000e-09  1.868805874366e-01 
 2.982800000000e-09  5.061178538332e-02 
 2.992800000000e-09 -9.394820791427e-02 
 3.002800000000e-09 -2.313246294448e-01 
 3.012800000000e-09 -3.436110853498e-01 
 3.022800000000e-09 -4.150063278694e-01 
 3.032800000000e-09 -4.368094781966e-01 
 3.042800000000e-09 -4.083235533679e-01 
 3.052800000000e-09 -3.349012962840e-01 
 3.062800000000e-09 -2.261674030115e-01 
 3.072800000000e-09 -9.356017445052e-02 
 3.082800000000e-09  5.126793929704e-02 
 3.092800000000e-09  1.939066154254e-01 
 3.102800000000e-09  3.166000486436e-01 
 3.112800000000e-09  4.021779485963e-01 
 3.122800000000e-09  4.393689064627e-01 
 3.132800000000e-09  4.253444966942e-01 
 3.142800000000e-09  3.638658845711e-01 
 3.152800000000e-09  2.635987972526e-01 
 3.162800000000e-09  1.359019403141e-01 
 3.172800000000e-09 -7.709338371821e-03 
 3.182800000000e-09 -1.538603936375e-01 
 3.192800000000e-09 -2.853794826378e-01 
 3.202800000000e-09 -3.842301058229e-01 
 3.212800000000e-09 -4.367723898891e-01 
 3.222800000000e-09 -4.377934250565e-01 
 3.232800000000e-09 -3.893020274868e-01 
 3.242800000000e-09 -2.987896983928e-01 
 3.252800000000e-09 -1.772072294447e-01 
 3.262800000000e-09 -3.616666886473e-02 
 3.272800000000e-09  1.118065465514e-01 
 3.282800000000e-09  2.504822118451e-01 
 3.292800000000e-09  3.614500804569e-01 
 3.302800000000e-09  4.290608833889e-01 
 3.312800000000e-09  4.455018545391e-01 
 3.322800000000e-09  4.108904875599e-01 
 3.332800000000e-09  3.313233309684e-01 
 3.342800000000e-09  2.170438680212e-01 
 3.352800000000e-09  7.981709102640e-02 
 3.362800000000e-09 -6.839424355496e-02 
 3.372800000000e-09 -2.125074177657e-01 
 3.382800000000e-09 -3.342067655158e-01 
 3.392800000000e-09 -4.163107690084e-01 
 3.402800000000e-09 -4.483331482909e-01 
 3.412800000000e-09 -4.283211546910e-01 
 3.422800000000e-09 -3.607854616230e-01 
 3.432800000000e-09 -2.550251422768e-01 
 3.442800000000e-09 -1.227813545528e-01 
 3.452800000000e-09  2.421790959330e-02 
 3.462800000000e-09  1.720436105784e-01 
 3.472800000000e-09  3.029113329848e-01 
 3.482800000000e-09  3.986341974082e-01 
 3.492800000000e-09  4.461984316669e-01 
 3.502800000000e-09  4.413371871270e-01 
 3.512800000000e-09  3.868263176423e-01 
 3.522800000000e-09  2.908102131329e-01 
 3.532800000000e-09  1.646825783936e-01 
 3.542800000000e-09  2.021739865893e-02 
 3.552800000000e-09 -1.296421203824e-01 
 3.562800000000e-09 -2.680212901565e-01 
 3.572800000000e-09 -3.762433757331e-01 
 3.582800000000e-09 -4.391026349462e-01 
 3.592800000000e-09 -4.497707628449e-01 
 3.602800000000e-09 -4.091523182572e-01 
 3.612800000000e-09 -3.240267708048e-01 
 3.622800000000e-09 -2.051368275683e-01 
 3.632800000000e-09 -6.441548901061e-02 
 3.642800000000e-09  8.589325188679e-02 
 3.652800000000e-09  2.300826599639e-01 
 3.662800000000e-09  3.494648527763e-01 
 3.672800000000e-09  4.271110081804e-01 
 3.682800000000e-09  4.534791296201e-01 
 3.692800000000e-09  4.274623799467e-01 
 3.702800000000e-09  3.542823027296e-01 
 3.712800000000e-09  2.437783675660e-01 
 3.722800000000e-09  1.079294228000e-01 
 3.732800000000e-09 -4.137637508052e-02 
 3.742800000000e-09 -1.896644271056e-01 
 3.752800000000e-09 -3.186803239681e-01 
 3.762800000000e-09 -4.103090165126e-01 
 3.772800000000e-09 -4.523575357381e-01 
 3.782800000000e-09 -4.414947815091e-01 
 3.792800000000e-09 -3.812281174778e-01 
 3.802800000000e-09 -2.802870458375e-01 
 3.812800000000e-09 -1.504002251386e-01 
 3.822800000000e-09 -3.416818591730e-03 
 3.832800000000e-09  1.472914470370e-01 
 3.842800000000e-09  2.842995950183e-01 
 3.852800000000e-09  3.888445719469e-01 
 3.862800000000e-09  4.463710850399e-01 
 3.872800000000e-09  4.510584784914e-01 
 3.882800000000e-09  4.045743171874e-01 
 3.892800000000e-09  3.143330300054e-01 
 3.902800000000e-09  1.914857355698e-01 
 3.912800000000e-09  4.803006281900e-02 
 3.922800000000e-09 -1.034984631282e-01 
 3.932800000000e-09 -2.468103433231e-01 
 3.942800000000e-09 -3.629920858059e-01 
 3.952800000000e-09 -4.355641493501e-01 
 3.962800000000e-09 -4.560082725680e-01 
 3.972800000000e-09 -4.240335806881e-01 
 3.982800000000e-09 -3.455381396959e-01 
 3.992800000000e-09 -2.308314005792e-01 
 4.002800000000e-09 -9.202057109010e-02 
 4.012800000000e-09  5.885050308290e-02 
 4.022800000000e-09  2.067615690273e-01 
 4.032800000000e-09  3.331042748661e-01 
 4.042800000000e-09  4.200093950081e-01 
 4.052800000000e-09  4.562296565155e-01 
 4.062800000000e-09  4.393351661864e-01 
 4.072800000000e-09  3.735476141501e-01 
 4.082800000000e-09  2.681225135784e-01 
 4.092800000000e-09  1.350236498539e-01 
 4.102800000000e-09 -1.385059524634e-02 
 4.112800000000e-09 -1.646775690186e-01 
 4.122800000000e-09 -2.995659223442e-01 
 4.132800000000e-09 -3.998121453350e-01 
 4.142800000000e-09 -4.516534004642e-01 
 4.152800000000e-09 -4.502666195138e-01 
 4.162800000000e-09 -3.980671249159e-01 
 4.172800000000e-09 -3.030563462606e-01 
 4.182800000000e-09 -1.767207549639e-01 
 4.192800000000e-09 -3.106303514075e-02 
 4.202800000000e-09  1.210587062220e-01 
 4.212800000000e-09  2.628144779963e-01 
 4.222800000000e-09  3.751858355684e-01 
 4.232800000000e-09  4.422931319096e-01 
 4.242800000000e-09  4.566708823538e-01 
 4.252800000000e-09  4.188183595658e-01 
 4.262800000000e-09  3.352780365132e-01 
 4.272800000000e-09  2.167723484305e-01 
 4.282800000000e-09  7.545604408507e-02 
 4.292800000000e-09 -7.644654492111e-02 
 4.302800000000e-09 -2.233706998144e-01 
 4.312800000000e-09 -3.464532542544e-01 
 4.322800000000e-09 -4.282132353154e-01 
 4.332800000000e-09 -4.584256646787e-01 
 4.342800000000e-09 -4.355254142184e-01 
 4.352800000000e-09 -3.644254224343e-01 
 4.362800000000e-09 -2.548598079611e-01 
 4.372800000000e-09 -1.189456864630e-01 
 4.382800000000e-09  3.136325796563e-02 
 4.392800000000e-09  1.817665180874e-01 
 4.402800000000e-09  3.139845674463e-01 
 4.412800000000e-09  4.094964934289e-01 
 4.422800000000e-09  4.554387992539e-01 
 4.432800000000e-09  4.479548111886e-01 
 4.442800000000e-09  3.901903369699e-01 
 4.452800000000e-09  2.906924463245e-01 
 4.462800000000e-09  1.612182585982e-01 
 4.472800000000e-09  1.375068748618e-02 
 4.482800000000e-09 -1.384896589903e-01 
 4.492800000000e-09 -2.781791546388e-01 
 4.502800000000e-09 -3.862986651828e-01 
 4.512800000000e-09 -4.476881916399e-01 
 4.522800000000e-09 -4.559322302792e-01 
 4.532800000000e-09 -4.122990663892e-01 
 4.542800000000e-09 -3.239439399156e-01 
 4.552800000000e-09 -2.019527737928e-01 
 4.562800000000e-09 -5.847169059557e-02 
 4.572800000000e-09  9.405305340829e-02 
 4.582800000000e-09  2.395203369713e-01 
 4.592800000000e-09  3.589008641126e-01 
 4.602800000000e-09  4.352232876517e-01 
 4.612800000000e-09  4.593260497289e-01 
 4.622800000000e-09  4.304749789302e-01 
 4.632800000000e-09  3.542507585403e-01 
 4.642800000000e-09  2.408244494528e-01 
 4.652800000000e-09  1.023983432320e-01 
 4.662800000000e-09 -4.899070957490e-02 
 4.672800000000e-09 -1.985418510565e-01 
 4.682800000000e-09 -3.276602197178e-01 
 4.692800000000e-09 -4.181179289885e-01 
 4.702800000000e-09 -4.580297028505e-01 
 4.712800000000e-09 -4.444661805868e-01 
 4.722800000000e-09 -3.812857831534e-01 
 4.732800000000e-09 -2.775429394936e-01 
 4.742800000000e-09 -1.452045120933e-01 
 4.752800000000e-09  3.764141699377e-03 
 4.762800000000e-09  1.557386780309e-01 
 4.772800000000e-09  2.929536464310e-01 
 4.782800000000e-09  3.964833597116e-01 
 4.792800000000e-09  4.519885360107e-01 
 4.802800000000e-09  4.540795328776e-01 
 4.812800000000e-09  4.047731220266e-01 
 4.822800000000e-09  3.118076268058e-01 
 4.832800000000e-09  1.865853369859e-01 
 4.842800000000e-09  4.121064862352e-02 
 4.852800000000e-09 -1.115992045264e-01 
 4.862800000000e-09 -2.552244515824e-01 
 4.872800000000e-09 -3.705525181818e-01 
 4.882800000000e-09 -4.412279419363e-01 
 4.892800000000e-09 -4.591667729118e-01 
 4.902800000000e-09 -4.244369511136e-01 
 4.912800000000e-09 -3.432626643829e-01 
 4.922800000000e-09 -2.262143565401e-01 
 4.932800000000e-09 -8.552134976021e-02 
 4.942800000000e-09  6.665343792088e-02 
 4.952800000000e-09  2.149926088471e-01 
 4.962800000000e-09  3.406568746073e-01 
 4.972800000000e-09  4.258142764006e-01 
 4.982800000000e-09  4.596137242740e-01 
 4.992800000000e-09  4.400127885301e-01 
 5.002800000000e-09  3.715636603527e-01 
 5.012800000000e-09  2.637926016938e-01 
 5.022800000000e-09  1.288171415219e-01 
 5.032800000000e-09 -2.139264816257e-02 
 5.042800000000e-09 -1.727701988794e-01 
 5.052800000000e-09 -3.071642651189e-01 
 5.062800000000e-09 -4.058341488656e-01 
 5.072800000000e-09 -4.553398335834e-01 
 5.082800000000e-09 -4.512850072050e-01 
 5.092800000000e-09 -3.964217496141e-01 
 5.102800000000e-09 -2.990357749066e-01 
 5.112800000000e-09 -1.707993774521e-01 
 5.122800000000e-09 -2.376307879995e-02 
 5.132800000000e-09  1.290340195053e-01 
 5.142800000000e-09  2.704821602673e-01 
 5.152800000000e-09  3.814653842917e-01 
 5.162800000000e-09  4.463391115536e-01 
 5.172800000000e-09  4.580904835000e-01 
 5.182800000000e-09  4.175660413877e-01 
 5.192800000000e-09  3.316077230226e-01 
 5.202800000000e-09  2.111489561359e-01 
 5.212800000000e-09  6.840051690230e-02 
 5.222800000000e-09 -8.429731016849e-02 
 5.232800000000e-09 -2.311044304438e-01 
 5.242800000000e-09 -3.530073702333e-01 
 5.252800000000e-09 -4.326680634344e-01 
 5.262800000000e-09 -4.603046467360e-01 
 5.272800000000e-09 -4.347241948999e-01 
 5.282800000000e-09 -3.611525252811e-01 
 5.292800000000e-09 -2.495552675409e-01 
 5.302800000000e-09 -1.121415105424e-01 
 5.312800000000e-09  3.907649588959e-02 
 5.322800000000e-09  1.895561026990e-01 
 5.332800000000e-09  3.208199763864e-01 
 5.342800000000e-09  4.144019869937e-01 
 5.352800000000e-09  4.578295377077e-01 
 5.362800000000e-09  4.476588827395e-01 
 5.372800000000e-09  3.873611401629e-01 
 5.382800000000e-09  2.857364864666e-01 
 5.392800000000e-09  1.546783164720e-01 
 5.402800000000e-09  6.190253257472e-03 
 5.412800000000e-09 -1.463177950413e-01 
 5.422800000000e-09 -2.852847913392e-01 
 5.432800000000e-09 -3.916692888549e-01 
 5.442800000000e-09 -4.506263785965e-01 
 5.452800000000e-09 -4.561904674010e-01 
 5.462800000000e-09 -4.099645654286e-01 
 5.472800000000e-09 -3.193834101294e-01 
 5.482800000000e-09 -1.957056392820e-01 
 5.492800000000e-09 -5.109297134545e-02 
 5.502800000000e-09  1.018817663969e-01 
 5.512800000000e-09  2.468614313730e-01 
 5.522800000000e-09  3.647288813349e-01 
 5.532800000000e-09  4.387333396887e-01 
 5.542800000000e-09  4.601776681588e-01 
 5.552800000000e-09  4.286862597293e-01 
 5.562800000000e-09  3.501370573750e-01 
 5.572800000000e-09  2.349029006763e-01 
 5.582800000000e-09  9.523248549357e-02 
 5.592800000000e-09 -5.677364148495e-02 
 5.602800000000e-09 -2.060724776933e-01 
 5.612800000000e-09 -3.339214000394e-01 
 5.622800000000e-09 -4.222187255321e-01 
 5.632800000000e-09 -4.595134071391e-01 
 5.642800000000e-09 -4.432720217103e-01 
 5.652800000000e-09 -3.776674036015e-01 
 5.662800000000e-09 -2.719820066285e-01 
 5.672800000000e-09 -1.382788143228e-01 
 5.682800000000e-09  1.146234850879e-02 
 5.692800000000e-09  1.634162513026e-01 
 5.702800000000e-09  2.996173323814e-01 
 5.712800000000e-09  4.011793282243e-01 
 5.722800000000e-09  4.541299314573e-01 
 5.732800000000e-09  4.535203472585e-01 
 5.742800000000e-09  4.016967171214e-01 
 5.752800000000e-09  3.066537295962e-01 
 5.762800000000e-09  1.799358068374e-01 
 5.772800000000e-09  3.364133337265e-02 
 5.782800000000e-09 -1.193690159297e-01 
 5.792800000000e-09 -2.622393411421e-01 
 5.802800000000e-09 -3.758206153874e-01 
 5.812800000000e-09 -4.440380015952e-01 
 5.822800000000e-09 -4.592770155204e-01 
 5.832800000000e-09 -4.219528173682e-01 
 5.842800000000e-09 -3.385722293321e-01 
 5.852800000000e-09 -2.198833294763e-01 
 5.862800000000e-09 -7.812860895450e-02 
 5.872800000000e-09  7.444997293426e-02 
 5.882800000000e-09  2.222942022584e-01 
 5.892800000000e-09  3.464598335811e-01 
 5.902800000000e-09  4.292999676654e-01 
 5.912800000000e-09  4.604239215566e-01 
 5.922800000000e-09  4.381683792790e-01 
 5.932800000000e-09  3.673892557119e-01 
 5.942800000000e-09  2.578200527531e-01 
 5.952800000000e-09  1.216401418998e-01 
 5.962800000000e-09 -2.915884036297e-02 
 5.972800000000e-09 -1.802977961022e-01 
 5.982800000000e-09 -3.134595589765e-01 
 5.992800000000e-09 -4.099948861296e-01 
 6.002800000000e-09 -4.568720316242e-01 
 6.012800000000e-09 -4.501191747791e-01 
 6.022800000000e-09 -3.928097040918e-01 
 6.032800000000e-09 -2.934672481571e-01 
 6.042800000000e-09 -1.638783952722e-01 
 6.052800000000e-09 -1.608068234295e-02 
 6.062800000000e-09  1.367244686621e-01 
 6.072800000000e-09  2.772127714669e-01 
 6.082800000000e-09  3.862764663747e-01 
 6.092800000000e-09  4.486000321999e-01 
 6.102800000000e-09  4.576345735536e-01 
 6.112800000000e-09  4.145645806519e-01 
 6.122800000000e-09  3.265003049616e-01 
 6.132800000000e-09  2.045315481327e-01 
 6.142800000000e-09  6.085982370249e-02 
 6.152800000000e-09 -9.207488580359e-02 
 6.162800000000e-09 -2.381962531210e-01 
 6.172800000000e-09 -3.584243259847e-01 
 6.182800000000e-09 -4.356567304204e-01 
 6.192800000000e-09 -4.605852319131e-01 
 6.202800000000e-09 -4.323810911647e-01 
 6.212800000000e-09 -3.565631599369e-01 
 6.222800000000e-09 -2.432865647330e-01 
 6.232800000000e-09 -1.047924056517e-01 
 6.242800000000e-09  4.686990506281e-02 
 6.252800000000e-09  1.969352809219e-01 
 6.262800000000e-09  3.267927115046e-01 
 6.272800000000e-09  4.181146737590e-01 
 6.282800000000e-09  4.588676302511e-01 
 6.292800000000e-09  4.460140396025e-01 
 6.302800000000e-09  3.833381380678e-01 
 6.312800000000e-09  2.798610787568e-01 
 6.322800000000e-09  1.475640674495e-01 
 6.332800000000e-09 -1.558303752362e-03 
 6.342800000000e-09 -1.539153004267e-01 
 6.352800000000e-09 -2.917548693373e-01 
 6.362800000000e-09 -3.960847742375e-01 
 6.372800000000e-09 -4.524292675446e-01 
 6.382800000000e-09 -4.552722323179e-01 
 6.392800000000e-09 -4.065532719022e-01 
 6.402800000000e-09 -3.139586697314e-01 
 6.412800000000e-09 -1.888776700093e-01 
 6.422800000000e-09 -4.345423895264e-02 
 6.432800000000e-09  1.096169330638e-01 
 6.442800000000e-09  2.537513497598e-01 
 6.452800000000e-09  3.698014781350e-01 
 6.462800000000e-09  4.412969624394e-01 
 6.472800000000e-09  4.600172431973e-01 
 6.482800000000e-09  4.259383550854e-01 
 6.492800000000e-09  3.452202686408e-01 
 6.502800000000e-09  2.284089636402e-01 
 6.512800000000e-09  8.776049232065e-02 
 6.522800000000e-09 -6.456675091565e-02 
 6.532800000000e-09 -2.133009703796e-01 
 6.542800000000e-09 -3.395970480739e-01 
 6.552800000000e-09 -4.255361581295e-01 
 6.562800000000e-09 -4.601279610477e-01 
 6.572800000000e-09 -4.412271098442e-01 
 6.582800000000e-09 -3.733109261675e-01 
 6.592800000000e-09 -2.658672220961e-01 
 6.602800000000e-09 -1.310209245362e-01 
 6.612800000000e-09  1.924523472920e-02 
 6.622800000000e-09  1.709084832733e-01 
 6.632800000000e-09  3.058373705099e-01 
 6.642800000000e-09  4.052342372149e-01 
 6.652800000000e-09  4.555299153349e-01 
 6.662800000000e-09  4.522109059632e-01 
 6.672800000000e-09  3.979463382521e-01 
 6.682800000000e-09  3.009698130503e-01 
 6.692800000000e-09  1.729411870805e-01 
 6.702800000000e-09  2.593377847429e-02 
 6.712800000000e-09 -1.270465230883e-01 
 6.722800000000e-09 -2.689301308226e-01 
 6.732800000000e-09 -3.805725210031e-01 
 6.742800000000e-09 -4.462196887715e-01 
 6.752800000000e-09 -4.587287482206e-01 
 6.762800000000e-09 -4.188564516596e-01 
 6.772800000000e-09 -3.333800392161e-01 
 6.782800000000e-09 -2.132047938035e-01 
 6.792800000000e-09 -7.056158726948e-02 
 6.802800000000e-09  8.222616860925e-02 
 6.812800000000e-09  2.293696667928e-01 
 6.822800000000e-09  3.518530631101e-01 
 6.832800000000e-09  4.322547130651e-01 
 6.842800000000e-09  4.606578084152e-01 
 6.852800000000e-09  4.357708195197e-01 
 6.862800000000e-09  3.627450728772e-01 
 6.872800000000e-09  2.515056303033e-01 
 6.882800000000e-09  1.142670235025e-01 
 6.892800000000e-09 -3.695784658110e-02 
 6.902800000000e-09 -1.876773694589e-01 
 6.912800000000e-09 -3.194353374974e-01 
 6.922800000000e-09 -4.137103541770e-01 
 6.932800000000e-09 -4.579022213527e-01 
 6.942800000000e-09 -4.484559215526e-01 
 6.952800000000e-09 -3.887605564249e-01 
 6.962800000000e-09 -2.875640834680e-01 
 6.972800000000e-09 -1.567468748762e-01 
 6.982800000000e-09 -8.326125813411e-03 
 6.992800000000e-09  1.443300251995e-01 
 7.002800000000e-09  2.837014349902e-01 
 7.012800000000e-09  3.907184772661e-01 
 7.022800000000e-09  4.504263817896e-01 
 7.032800000000e-09  4.567349014180e-01 
 7.042800000000e-09  4.111589129746e-01 
 7.052800000000e-09  3.210694649412e-01 
 7.062800000000e-09  1.976966025233e-01 
 7.072800000000e-09  5.321813167388e-02 
 7.082800000000e-09 -9.981974582688e-02 
 7.092800000000e-09 -2.451135320408e-01 
 7.102800000000e-09 -3.635426951946e-01 
 7.112800000000e-09 -4.382706013022e-01 
 7.122800000000e-09 -4.604679224693e-01 
 7.132800000000e-09 -4.296639143177e-01 
 7.142800000000e-09 -3.516632276932e-01 
 7.152800000000e-09 -2.367981341290e-01 
 7.162800000000e-09 -9.732338730155e-02 
 7.172800000000e-09  5.466948275820e-02 
 7.182800000000e-09  2.041933445499e-01 
 7.192800000000e-09  3.325247102672e-01 
 7.202800000000e-09  4.215033288029e-01 
 7.212800000000e-09  4.595496353302e-01 
 7.222800000000e-09  4.440242088960e-01 
 7.232800000000e-09  3.790192183300e-01 
 7.242800000000e-09  2.737660454047e-01 
 7.252800000000e-09  1.403168349870e-01 
 7.262800000000e-09 -9.342631800292e-03 
 7.272800000000e-09 -1.614356203355e-01 
 7.282800000000e-09 -2.980353237042e-01 
 7.292800000000e-09 -4.002237345442e-01 
 7.302800000000e-09 -4.539151474912e-01 
 7.312800000000e-09 -4.540413758222e-01 
 7.322800000000e-09 -4.028620109762e-01 
 7.332800000000e-09 -3.083099810301e-01 
 7.342800000000e-09 -1.819029627440e-01 
 7.352800000000e-09 -3.575220174854e-02 
 7.362800000000e-09  1.173163997488e-01 
 7.372800000000e-09  2.605002276996e-01 
 7.382800000000e-09  3.746429048214e-01 
 7.392800000000e-09  4.435784331018e-01 
 7.402800000000e-09  4.595629362524e-01 
 7.412800000000e-09  4.229192059747e-01 
 7.422800000000e-09  3.400826451169e-01 
 7.432800000000e-09  2.217622664662e-01 
 7.442800000000e-09  8.020821533954e-02 
 7.452800000000e-09 -7.235505999186e-02 
 7.462800000000e-09 -2.204279437034e-01 
 7.472800000000e-09 -3.450810757172e-01 
 7.482800000000e-09 -4.286026794679e-01 
 7.492800000000e-09 -4.604722447694e-01 
 7.502800000000e-09 -4.389251034948e-01 
 7.512800000000e-09 -3.687382338961e-01 
 7.522800000000e-09 -2.595960071293e-01 
 7.532800000000e-09 -1.236707727135e-01 
 7.542800000000e-09  2.704691729216e-02 
 7.552800000000e-09  1.783317340235e-01 
 7.562800000000e-09  3.119011762871e-01 
 7.572800000000e-09  4.090680489553e-01 
 7.582800000000e-09  4.566824573489e-01 
 7.592800000000e-09  4.506585021578e-01 
 7.602800000000e-09  3.939846543358e-01 
 7.612800000000e-09  2.951253814027e-01 
 7.622800000000e-09  1.658440101119e-01 
 7.632800000000e-09  1.818747632299e-02 
 7.642800000000e-09 -1.346845629128e-01 
 7.652800000000e-09 -2.754985603174e-01 
 7.662800000000e-09 -3.851334873010e-01 
 7.672800000000e-09 -4.481758868275e-01 
 7.682800000000e-09 -4.579509497316e-01 
 7.692800000000e-09 -4.155530328669e-01 
 7.702800000000e-09 -3.280234301372e-01 
 7.712800000000e-09 -2.064155332903e-01 
 7.722800000000e-09 -6.293991880420e-02 
 7.732800000000e-09  8.998876360059e-02 
 7.742800000000e-09  2.363535019453e-01 
 7.752800000000e-09  3.570834297344e-01 
 7.762800000000e-09  4.350033130622e-01 
 7.772800000000e-09  4.606745710830e-01 
 7.782800000000e-09  4.331710460665e-01 
 7.792800000000e-09  3.579347311161e-01 
 7.802800000000e-09  2.450740738757e-01 
 7.812800000000e-09  1.068277498139e-01 
 7.822800000000e-09 -4.476289112751e-02 
 7.832800000000e-09 -1.949904723305e-01 
 7.842800000000e-09 -3.252732270371e-01 
 7.852800000000e-09 -4.172376831397e-01 
 7.862800000000e-09 -4.587274293025e-01 
 7.872800000000e-09 -4.465960790173e-01 
 7.882800000000e-09 -3.845447569622e-01 
 7.892800000000e-09 -2.815384294169e-01 
 7.902800000000e-09 -1.495397068970e-01 
 7.912800000000e-09 -5.484117966525e-04 
 7.922800000000e-09  1.518924950246e-01 
 7.932800000000e-09  2.900774905022e-01 
 7.942800000000e-09  3.949937532214e-01 
 7.952800000000e-09  4.520604015783e-01 
 7.962800000000e-09  4.556420194506e-01 
 7.972800000000e-09  4.075836327052e-01 
 7.982800000000e-09  3.155076426524e-01 
 7.992800000000e-09  1.907759716788e-01 
 8.002800000000e-09  4.553808740422e-02 
 8.012800000000e-09 -1.075433378997e-01 
 8.022800000000e-09 -2.519419880738e-01 
 8.032800000000e-09 -3.685125445538e-01 
 8.042800000000e-09 -4.407031670049e-01 
 8.052800000000e-09 -4.601638417724e-01 
 8.062800000000e-09 -4.267764963324e-01 
 8.072800000000e-09 -3.466266891974e-01 
 8.082800000000e-09 -2.302167140864e-01 
 8.092800000000e-09 -8.980456537681e-02 
 8.102800000000e-09  6.246646384966e-02 
 8.112800000000e-09  2.113847148746e-01 
 8.122800000000e-09  3.381279630342e-01 
 8.132800000000e-09  4.247223979884e-01 
 8.142800000000e-09  4.600510848632e-01 
 8.152800000000e-09  4.418648280592e-01 
 8.162800000000e-09  3.745599131802e-01 
 8.172800000000e-09  2.675711522968e-01 
 8.182800000000e-09  1.330102925128e-01 
 8.192800000000e-09 -1.713969726166e-02 
 8.202800000000e-09 -1.689088501890e-01 
 8.212800000000e-09 -3.042068290976e-01 
 8.222800000000e-09 -4.042070747613e-01 
 8.232800000000e-09 -4.552282813318e-01 
 8.242800000000e-09 -4.526402072517e-01 
 8.252800000000e-09 -3.990255668891e-01 
 8.262800000000e-09 -3.025553896621e-01 
 8.272800000000e-09 -1.748611763918e-01 
 8.282800000000e-09 -2.802479125943e-02 
 8.292800000000e-09  1.249871692299e-01 
 8.302800000000e-09  2.671602920201e-01 
 8.312800000000e-09  3.793446335671e-01 
 8.322800000000e-09  4.456957526574e-01 
 8.332800000000e-09  4.589435435581e-01 
 8.342800000000e-09  4.197532054000e-01 
 8.352800000000e-09  3.348303673285e-01 
 8.362800000000e-09  2.150400378203e-01 
 8.372800000000e-09  7.261865990226e-02 
 8.382800000000e-09 -8.013259763424e-02 
 8.392800000000e-09 -2.274859067446e-01 
 8.402800000000e-09 -3.504412836694e-01 
 8.412800000000e-09 -4.315123444406e-01 
 8.422800000000e-09 -4.606533561982e-01 
 8.432800000000e-09 -4.364732379573e-01 
 8.442800000000e-09 -3.640445437630e-01 
 8.452800000000e-09 -2.532425141251e-01 
 8.462800000000e-09 -1.162743331112e-01 
 8.472800000000e-09  3.485262977695e-02 
 8.482800000000e-09  1.857036203689e-01 
 8.492800000000e-09  3.178573406053e-01 
 8.502800000000e-09  4.127542486859e-01 
 8.512800000000e-09  4.576756026429e-01 
 8.522800000000e-09  4.489547737916e-01 
 8.532800000000e-09  3.898963419932e-01 
 8.542800000000e-09  2.891891706150e-01 
 8.552800000000e-09  1.586904789309e-01 
 8.562800000000e-09  1.042356252035e-02 
 8.572800000000e-09 -1.422887537961e-01 
 8.582800000000e-09 -2.819771646088e-01 
 8.592800000000e-09 -3.895592944194e-01 
 8.602800000000e-09 -4.499779429600e-01 
 8.612800000000e-09 -4.570210015165e-01 
 8.622800000000e-09 -4.121168923400e-01 
 8.632800000000e-09 -3.225653806691e-01 
 8.642800000000e-09 -1.995606632847e-01 
 8.652800000000e-09 -5.528819325565e-02 
 8.662800000000e-09  9.773511484314e-02 
 8.672800000000e-09  2.432660307109e-01 
 8.682800000000e-09  3.621923561291e-01 
 8.692800000000e-09  4.376028957355e-01 
 8.702800000000e-09  4.605387846687e-01 
 8.712800000000e-09  4.304333328497e-01 
 8.722800000000e-09  3.530148519720e-01 
 8.732800000000e-09  2.385690908074e-01 
 8.742800000000e-09  9.934889691267e-02 
 8.752800000000e-09 -5.256610566032e-02 
 8.762800000000e-09 -2.022485520307e-01 
 8.772800000000e-09 -3.310031400697e-01 
 8.782800000000e-09 -4.206216918198e-01 
 8.792800000000e-09 -4.594008733038e-01 
 8.802800000000e-09 -4.445946954938e-01 
 8.812800000000e-09 -3.802128108775e-01 
 8.822800000000e-09 -2.754309869580e-01 
 8.832800000000e-09 -1.422839243156e-01 
 8.842800000000e-09  7.240334436475e-03 
 8.852800000000e-09  1.594156865958e-01 
 8.862800000000e-09  2.963607811604e-01 
 8.872800000000e-09  3.991351076285e-01 
 8.882800000000e-09  4.535457930601e-01 
 8.892800000000e-09  4.544051887824e-01 
 8.902800000000e-09  4.038852889321e-01 
 8.912800000000e-09  3.098539770468e-01 
 8.922800000000e-09  1.837970984732e-01 
 8.932800000000e-09  3.783423120374e-02 
 8.942800000000e-09 -1.152447488290e-01 
 8.952800000000e-09 -2.586950721600e-01 
 8.962800000000e-09 -3.733606041090e-01 
 8.972800000000e-09 -4.429910108308e-01 
 8.982800000000e-09 -4.597139985436e-01 
 8.992800000000e-09 -4.237593467822e-01 
 9.002800000000e-09 -3.414888694265e-01 
 9.012800000000e-09 -2.235686422498e-01 
 9.022800000000e-09 -8.225163774902e-02 
 9.032800000000e-09  7.025634564019e-02 
 9.042800000000e-09  2.185169442028e-01 
 9.052800000000e-09  3.436216837418e-01 
 9.062800000000e-09  4.278006156658e-01 
 9.072800000000e-09  4.604057905727e-01 
 9.082800000000e-09  4.395706259915e-01 
 9.092800000000e-09  3.699918047957e-01 
 9.102800000000e-09  2.613015791525e-01 
 9.112800000000e-09  1.256609405269e-01 
 9.122800000000e-09 -2.494222278418e-02 
 9.132800000000e-09 -1.763376416643e-01 
 9.142800000000e-09 -3.102820398713e-01 
 9.152800000000e-09 -4.080562875524e-01 
 9.162800000000e-09 -4.563959504457e-01 
 9.172800000000e-09 -4.511006377908e-01 
 9.182800000000e-09 -3.950730927864e-01 
 9.192800000000e-09 -2.967163499835e-01 
 9.202800000000e-09 -1.677670394565e-01 
 9.212800000000e-09 -2.027924394939e-02 
 9.222800000000e-09  1.326296593559e-01 
 9.232800000000e-09  2.737400855826e-01 
 9.242800000000e-09  3.839227932432e-01 
 9.252800000000e-09  4.476706266554e-01 
 9.262800000000e-09  4.581830096710e-01 
 9.272800000000e-09  4.164636617239e-01 
 9.282800000000e-09  3.294833382984e-01 
 9.292800000000e-09  2.082564134615e-01 
 9.302800000000e-09  6.499971169620e-02 
 9.312800000000e-09 -8.789769381436e-02 
 9.322800000000e-09 -2.344800015829e-01 
 9.332800000000e-09 -3.556895322557e-01 
 9.342800000000e-09 -4.342825616591e-01 
 9.352800000000e-09 -4.606912612355e-01 
 9.362800000000e-09 -4.338915739519e-01 
 9.372800000000e-09 -3.592476144695e-01 
 9.382800000000e-09 -2.468191411119e-01 
 9.392800000000e-09 -1.088395338438e-01 
 9.402800000000e-09  4.265835307712e-02 
 9.412800000000e-09  1.930256608928e-01 
 9.422800000000e-09  3.237130716762e-01 
 9.432800000000e-09  4.163052480144e-01 
 9.442800000000e-09  4.585250151379e-01 
 9.452800000000e-09  4.471166256718e-01 
 9.462800000000e-09  3.856974547687e-01 
 9.472800000000e-09  2.831746882425e-01 
 9.482800000000e-09  1.514899180561e-01 
 9.492800000000e-09  2.647281259359e-03 
 9.502800000000e-09 -1.498581651766e-01 
 9.512800000000e-09 -2.883697980417e-01 
 9.522800000000e-09 -3.938577289373e-01 
 9.532800000000e-09 -4.516386802161e-01 
 9.542800000000e-09 -4.559552533160e-01 
 9.552800000000e-09 -4.085637947927e-01 
 9.562800000000e-09 -3.170195853277e-01 
 9.572800000000e-09 -1.926498853243e-01 
 9.582800000000e-09 -4.761215610920e-02 
 9.592800000000e-09  1.054633397958e-01 
 9.602800000000e-09  2.501098645754e-01 
 9.612800000000e-09  3.671872271555e-01 
 9.622800000000e-09  4.400649642300e-01 
 9.632800000000e-09  4.602638879084e-01 
 9.642800000000e-09  4.275713381930e-01 
 9.652800000000e-09  3.479976340205e-01 
 9.662800000000e-09  2.319999317672e-01 
 9.672800000000e-09  9.183632946585e-02 
 9.682800000000e-09 -6.036481975483e-02 
 9.692800000000e-09 -2.094525777226e-01 
 9.702800000000e-09 -3.366299792314e-01 
 9.712800000000e-09 -4.238710675381e-01 
 9.722800000000e-09 -4.599334190540e-01 
 9.732800000000e-09 -4.424633896767e-01 
 9.742800000000e-09 -3.757756580504e-01 
 9.752800000000e-09 -2.692508515133e-01 
 9.762800000000e-09 -1.349857685398e-01 
 9.772800000000e-09  1.503651936430e-02 
 9.782800000000e-09  1.668988195278e-01 
 9.792800000000e-09  3.025537558313e-01 
 9.802800000000e-09  4.031484089287e-01 
 9.812800000000e-09  4.548910872076e-01 
 9.822800000000e-09  4.530342454030e-01 
 9.832800000000e-09  4.000737952234e-01 
 9.842800000000e-09  3.041172159890e-01 
 9.852800000000e-09  1.767662386431e-01 
 9.862800000000e-09  3.011062524452e-02 
 9.872800000000e-09 -1.229219351912e-01 
 9.882800000000e-09 -2.653734492525e-01 
 9.892800000000e-09 -3.780907264756e-01 
 9.902800000000e-09 -4.451409620284e-01 
 9.912800000000e-09 -4.591266648197e-01 
 9.922800000000e-09 -4.206211164121e-01 
 9.932800000000e-09 -3.362576120284e-01 
 9.942800000000e-09 -2.168598027246e-01 
 9.952800000000e-09 -7.466853118229e-02 
 9.962800000000e-09  7.803678370182e-02 
 9.972800000000e-09  2.255898203770e-01 
 9.982800000000e-09  3.490082838610e-01 
 9.992800000000e-09  4.307432200699e-01 
 1.000000000000e-08  4.576922269653e-01 
