 1.628000000000e-10 -9.342551097229e-03 
 1.728000000000e-10 -2.475473628716e-02 
 1.828000000000e-10 -3.671156624570e-02 
 1.928000000000e-10 -4.316957117173e-02 
 2.028000000000e-10 -4.290976384152e-02 
 2.128000000000e-10 -3.575645899714e-02 
 2.228000000000e-10 -2.263288430993e-02 
 2.328000000000e-10 -5.443000275174e-03 
 2.428000000000e-10  1.319461460541e-02 
 2.528000000000e-10  3.033890240441e-02 
 2.628000000000e-10  4.318808068304e-02 
 2.728000000000e-10  4.954172200681e-02 
 2.828000000000e-10  4.816989087736e-02 
 2.928000000000e-10  3.903572415190e-02 
 3.028000000000e-10  2.333520787749e-02 
 3.128000000000e-10  3.355063179315e-03 
 3.228000000000e-10 -1.784712479476e-02 
 3.328000000000e-10 -3.689931828654e-02 
 3.428000000000e-10 -5.065612628474e-02 
 3.528000000000e-10 -5.672783655138e-02 
 3.628000000000e-10 -5.389779198164e-02 
 3.728000000000e-10 -4.234013020542e-02 
 3.828000000000e-10 -2.361992976235e-02 
 3.928000000000e-10 -4.875451878342e-04 
 4.028000000000e-10  2.350116469645e-02 
 4.128000000000e-10  4.451864365949e-02 
 4.228000000000e-10  5.908225440079e-02 
 4.328000000000e-10  6.464575875845e-02 
 4.428000000000e-10  6.003466423430e-02 
 4.528000000000e-10  4.566003355966e-02 
 4.628000000000e-10  2.349051595358e-02 
 4.728000000000e-10 -3.197206998321e-03 
 4.828000000000e-10 -3.027533035307e-02 
 4.928000000000e-10 -5.338763765850e-02 
 5.028000000000e-10 -6.866889922516e-02 
 5.128000000000e-10 -7.341530441750e-02 
 5.228000000000e-10 -6.655467860883e-02 
 5.328000000000e-10 -4.882843488045e-02 
 5.428000000000e-10 -2.270630894647e-02 
 5.528000000000e-10  7.931608288743e-03 
 5.628000000000e-10  3.832434716967e-02 
 5.728000000000e-10  6.355742422306e-02 
 5.828000000000e-10  7.938795980551e-02 
 5.928000000000e-10  8.298811002908e-02 
 6.028000000000e-10  7.342371751293e-02 
 6.128000000000e-10  5.181421743240e-02 
 6.228000000000e-10  2.119933918436e-02 
 6.328000000000e-10 -1.384505423310e-02 
 6.428000000000e-10 -4.783565256015e-02 
 6.528000000000e-10 -7.522846606405e-02 
 6.628000000000e-10 -9.137944513335e-02 
 6.728000000000e-10 -9.337447488740e-02 
 6.828000000000e-10 -8.051138644046e-02 
 6.928000000000e-10 -5.439306271789e-02 
 7.028000000000e-10 -1.872487339061e-02 
 7.128000000000e-10  2.114040998133e-02 
 7.228000000000e-10  5.892581577577e-02 
 7.328000000000e-10  8.842478532625e-02 
 7.428000000000e-10  1.046068731466e-01 
 7.528000000000e-10  1.045206220653e-01 
 7.628000000000e-10  8.775246631394e-02 
 7.728000000000e-10  5.646612074444e-02 
 7.828000000000e-10  1.513229967132e-02 
 7.928000000000e-10 -3.000852153412e-02 
 8.028000000000e-10 -7.179053015983e-02 
 8.128000000000e-10 -1.032852554728e-01 
 8.228000000000e-10 -1.190903320732e-01 
 8.328000000000e-10 -1.163034552567e-01 
 8.428000000000e-10 -9.492070044382e-02 
 8.528000000000e-10 -5.777313833542e-02 
 8.628000000000e-10 -1.019038165583e-02 
 8.728000000000e-10  4.060784362593e-02 
 8.828000000000e-10  8.648599155696e-02 
 8.928000000000e-10  1.197714622177e-01 
 9.028000000000e-10  1.347356693552e-01 
 9.128000000000e-10  1.286053591344e-01 
 9.228000000000e-10  1.018702110521e-01 
 9.328000000000e-10  5.813155322995e-02 
 9.428000000000e-10  3.694762829397e-03 
 9.528000000000e-10 -5.312454565429e-02 
 9.628000000000e-10 -1.031286186394e-01 
 9.728000000000e-10 -1.378736272524e-01 
 9.828000000000e-10 -1.513841899143e-01 
 9.928000000000e-10 -1.411547692171e-01 
 1.002800000000e-09 -1.082971002023e-01 
 1.012800000000e-09 -5.727603541686e-02 
 1.022800000000e-09  4.535342530566e-03 
 1.032800000000e-09  6.762383223574e-02 
 1.042800000000e-09  1.216522066148e-01 
 1.052800000000e-09  1.574248539530e-01 
 1.062800000000e-09  1.688232410738e-01 
 1.072800000000e-09  1.537244603102e-01 
 1.082800000000e-09  1.139621991279e-01 
 1.092800000000e-09  5.497467490160e-02 
 1.102800000000e-09 -1.468208593835e-02 
 1.112800000000e-09 -8.418585493369e-02 
 1.122800000000e-09 -1.419868815488e-01 
 1.132800000000e-09 -1.781854831582e-01 
 1.142800000000e-09 -1.866875836860e-01 
 1.152800000000e-09 -1.659181260539e-01 
 1.162800000000e-09 -1.185351606643e-01 
 1.172800000000e-09 -5.101824505565e-02 
 1.182800000000e-09  2.680501466662e-02 
 1.192800000000e-09  1.027017899741e-01 
 1.202800000000e-09  1.638685754325e-01 
 1.212800000000e-09  1.998110746341e-01 
 1.222800000000e-09  2.046279094100e-01 
 1.232800000000e-09  1.774152136079e-01 
 1.242800000000e-09  1.217410533679e-01 
 1.252800000000e-09  4.521887633933e-02 
 1.262800000000e-09 -4.095472925129e-02 
 1.272800000000e-09 -1.230413043067e-01 
 1.282800000000e-09 -1.869710639607e-01 
 1.292800000000e-09 -2.218305792151e-01 
 1.302800000000e-09 -2.221385467008e-01 
 1.312800000000e-09 -1.877949043141e-01 
 1.322800000000e-09 -1.233236814126e-01 
 1.332800000000e-09 -3.751217359159e-02 
 1.342800000000e-09  5.699368500364e-02 
 1.352800000000e-09  1.448695121722e-01 
 1.362800000000e-09  2.108323200974e-01 
 1.372800000000e-09  2.437761010803e-01 
 1.382800000000e-09  2.388167727532e-01 
 1.392800000000e-09  1.967432378625e-01 
 1.402800000000e-09  1.230826986418e-01 
 1.412800000000e-09  2.785834260159e-02 
 1.422800000000e-09 -7.476500382202e-02 
 1.432800000000e-09 -1.678177958218e-01 
 1.442800000000e-09 -2.349262073705e-01 
 1.452800000000e-09 -2.650797962452e-01 
 1.462800000000e-09 -2.541778518408e-01 
 1.472800000000e-09 -2.039559835136e-01 
 1.482800000000e-09 -1.209341399838e-01 
 1.492800000000e-09 -1.639155679610e-02 
 1.502800000000e-09  9.392732927382e-02 
 1.512800000000e-09  1.913853549829e-01 
 1.522800000000e-09  2.587270234557e-01 
 1.532800000000e-09  2.853036669222e-01 
 1.542800000000e-09  2.679076920970e-01 
 1.552800000000e-09  2.092499990549e-01 
 1.562800000000e-09  1.168438501953e-01 
 1.572800000000e-09  3.258624602989e-03 
 1.582800000000e-09 -1.141430403167e-01 
 1.592800000000e-09 -2.150787601697e-01 
 1.602800000000e-09 -2.817026016133e-01 
 1.612800000000e-09 -3.039863266164e-01 
 1.622800000000e-09 -2.797016234835e-01 
 1.632800000000e-09 -2.125238682985e-01 
 1.642800000000e-09 -1.109170894247e-01 
 1.652800000000e-09  1.125044052057e-02 
 1.662800000000e-09  1.349707810612e-01 
 1.672800000000e-09  2.384034014659e-01 
 1.682800000000e-09  3.034420752682e-01 
 1.692800000000e-09  3.208528541732e-01 
 1.702800000000e-09  2.894210118988e-01 
 1.712800000000e-09  2.137648690322e-01 
 1.722800000000e-09  1.032729136373e-01 
 1.732800000000e-09 -2.687455647504e-02 
 1.742800000000e-09 -1.560232502407e-01 
 1.752800000000e-09 -2.609290896120e-01 
 1.762800000000e-09 -3.235777913857e-01 
 1.772800000000e-09 -3.356598191937e-01 
 1.782800000000e-09 -2.969823524306e-01 
 1.792800000000e-09 -2.130511757433e-01 
 1.802800000000e-09 -9.413183928190e-02 
 1.812800000000e-09  4.328052517557e-02 
 1.822800000000e-09  1.769035277881e-01 
 1.832800000000e-09  2.823171384314e-01 
 1.842800000000e-09  3.418997038839e-01 
 1.852800000000e-09  3.483294820764e-01 
 1.862800000000e-09  3.024185724016e-01 
 1.872800000000e-09  2.105026139772e-01 
 1.882800000000e-09  8.369737622461e-02 
 1.892800000000e-09 -6.019103624170e-02 
 1.902800000000e-09 -1.972982094435e-01 
 1.912800000000e-09 -3.023115720598e-01 
 1.922800000000e-09 -3.582604824172e-01 
 1.932800000000e-09 -3.588403909661e-01 
 1.942800000000e-09 -3.058268099619e-01 
 1.952800000000e-09 -2.063081130549e-01 
 1.962800000000e-09 -7.221879729058e-02 
 1.972800000000e-09  7.732758010036e-02 
 1.982800000000e-09  2.169584646613e-01 
 1.992800000000e-09  3.207829969746e-01 
 2.002800000000e-09  3.726521381890e-01 
 2.012800000000e-09  3.672795014443e-01 
 2.022800000000e-09  3.073447529499e-01 
 2.032800000000e-09  2.006342550660e-01 
 2.042800000000e-09  5.989488176934e-02 
 2.052800000000e-09 -9.448067994694e-02 
 2.062800000000e-09 -2.357112079401e-01 
 2.072800000000e-09 -3.376464928336e-01 
 2.082800000000e-09 -3.850847817163e-01 
 2.092800000000e-09 -3.737477277355e-01 
 2.102800000000e-09 -3.071467609881e-01 
 2.112800000000e-09 -1.936946276205e-01 
 2.122800000000e-09 -4.694335640018e-02 
 2.132800000000e-09  1.114573730341e-01 
 2.142800000000e-09  2.534465692432e-01 
 2.152800000000e-09  3.529197950496e-01 
 2.162800000000e-09  3.956752477945e-01 
 2.172800000000e-09  3.784112844292e-01 
 2.182800000000e-09  3.054150662478e-01 
 2.192800000000e-09  1.856654163986e-01 
 2.202800000000e-09  3.352606239080e-02 
 2.212800000000e-09 -1.281320625544e-01 
 2.222800000000e-09 -2.701276421071e-01 
 2.232800000000e-09 -3.666608202058e-01 
 2.242800000000e-09 -4.045476407930e-01 
 2.252800000000e-09 -3.814389343132e-01 
 2.262800000000e-09 -3.023302472348e-01 
 2.272800000000e-09 -1.767136901551e-01 
 2.282800000000e-09 -1.977408461688e-02 
 2.292800000000e-09  1.444327661081e-01 
 2.302800000000e-09  2.857593943646e-01 
 2.312800000000e-09  3.789431352536e-01 
 2.322800000000e-09  4.118392859050e-01 
 2.332800000000e-09  3.829918965600e-01 
 2.342800000000e-09  2.980494826094e-01 
 2.352800000000e-09  1.669793955966e-01 
 2.362800000000e-09  5.806686407889e-03 
 2.372800000000e-09 -1.602745127008e-01 
 2.382800000000e-09 -3.003437000997e-01 
 2.392800000000e-09 -3.898552314866e-01 
 2.402800000000e-09 -4.176897818863e-01 
 2.412800000000e-09 -3.832348043154e-01 
 2.422800000000e-09 -2.927368516729e-01 
 2.432800000000e-09 -1.566063724688e-01 
 2.442800000000e-09  8.271598867008e-03 
 2.452800000000e-09  1.756174210053e-01 
 2.462800000000e-09  3.139164268538e-01 
 2.472800000000e-09  3.994859660423e-01 
 2.482800000000e-09  4.222297784893e-01 
 2.492800000000e-09  3.823112746901e-01 
 2.502800000000e-09  2.865266757528e-01 
 2.512800000000e-09  1.457117565444e-01 
 2.522800000000e-09 -2.237522568519e-02 
 2.532800000000e-09 -1.904230247352e-01 
 2.542800000000e-09 -3.265304098142e-01 
 2.552800000000e-09 -4.079602712269e-01 
 2.562800000000e-09 -4.256024910702e-01 
 2.572800000000e-09 -3.803632275693e-01 
 2.582800000000e-09 -2.795392498479e-01 
 2.592800000000e-09 -1.343818514012e-01 
 2.602800000000e-09  3.646095299594e-02 
 2.612800000000e-09  2.047058229170e-01 
 2.622800000000e-09  3.382536573207e-01 
 2.632800000000e-09  4.153770094156e-01 
 2.642800000000e-09  4.279260225029e-01 
 2.652800000000e-09  3.775070770399e-01 
 2.662800000000e-09  2.718714249346e-01 
 2.672800000000e-09  1.226897618535e-01 
 2.682800000000e-09 -5.048883015913e-02 
 2.692800000000e-09 -2.184698232669e-01 
 2.702800000000e-09 -3.491419530532e-01 
 2.712800000000e-09 -4.218258439216e-01 
 2.722800000000e-09 -4.293055687487e-01 
 2.732800000000e-09 -3.738442798863e-01 
 2.742800000000e-09 -2.636111250536e-01 
 2.752800000000e-09 -1.107040600621e-01 
 2.762800000000e-09  6.442252349177e-02 
 2.772800000000e-09  2.317257852816e-01 
 2.782800000000e-09  3.592540552410e-01 
 2.792800000000e-09  4.273955427978e-01 
 2.802800000000e-09  4.298385128142e-01 
 2.812800000000e-09  3.694671637841e-01 
 2.822800000000e-09  2.548324365632e-01 
 2.832800000000e-09  9.847784597424e-02 
 2.842800000000e-09 -7.823736411270e-02 
 2.852800000000e-09 -2.444877716040e-01 
 2.862800000000e-09 -3.686457189665e-01 
 2.872800000000e-09 -4.321705554993e-01 
 2.882800000000e-09 -4.296158961563e-01 
 2.892800000000e-09 -3.644592271350e-01 
 2.902800000000e-09 -2.456036860039e-01 
 2.912800000000e-09 -8.605610464601e-02 
 2.922800000000e-09  9.191859251251e-02 
 2.932800000000e-09  2.567824437215e-01 
 2.942800000000e-09  3.773714214089e-01 
 2.952800000000e-09  4.362123510926e-01 
 2.962800000000e-09  4.287042918458e-01 
 2.972800000000e-09  3.588790988038e-01 
 2.982800000000e-09  2.359650307509e-01 
 2.992800000000e-09  7.347201381836e-02 
 3.002800000000e-09 -1.054469836848e-01 
 3.012800000000e-09 -2.686146458979e-01 
 3.022800000000e-09 -3.854619965609e-01 
 3.032800000000e-09 -4.395726918910e-01 
 3.042800000000e-09 -4.271572170689e-01 
 3.052800000000e-09 -3.527796068514e-01 
 3.062800000000e-09 -2.259675291616e-01 
 3.072800000000e-09 -6.076119797348e-02 
 3.082800000000e-09  1.188074780136e-01 
 3.092800000000e-09  2.800018861226e-01 
 3.102800000000e-09  3.929603881189e-01 
 3.112800000000e-09  4.423079325271e-01 
 3.122800000000e-09  4.250339236846e-01 
 3.132800000000e-09  3.462107391662e-01 
 3.142800000000e-09  2.156472608817e-01 
 3.152800000000e-09  4.794910493410e-02 
 3.162800000000e-09 -1.319906308106e-01 
 3.172800000000e-09 -2.909593369541e-01 
 3.182800000000e-09 -3.999005900030e-01 
 3.192800000000e-09 -4.444627704243e-01 
 3.202800000000e-09 -4.223817602759e-01 
 3.212800000000e-09 -3.392146615912e-01 
 3.222800000000e-09 -2.050380514080e-01 
 3.232800000000e-09 -3.505912925664e-02 
 3.242800000000e-09  1.449875589837e-01 
 3.252800000000e-09  3.015024970716e-01 
 3.262800000000e-09  4.063147875289e-01 
 3.272800000000e-09  4.460772343536e-01 
 3.282800000000e-09  4.192408559822e-01 
 3.292800000000e-09  3.318255076546e-01 
 3.302800000000e-09  1.941672555141e-01 
 3.312800000000e-09  2.211097554977e-02 
 3.322800000000e-09 -1.577901947975e-01 
 3.332800000000e-09 -3.116432403003e-01 
 3.342800000000e-09 -4.122289588115e-01 
 3.352800000000e-09 -4.471846281513e-01 
 3.362800000000e-09 -4.156460905245e-01 
 3.372800000000e-09 -3.240736787303e-01 
 3.382800000000e-09 -1.830599343092e-01 
 3.392800000000e-09 -9.115014636344e-03 
 3.402800000000e-09  1.704117014496e-01 
 3.412800000000e-09  3.214012213386e-01 
 3.422800000000e-09  4.176507476149e-01 
 3.432800000000e-09  4.477998782900e-01 
 3.442800000000e-09  4.116118348045e-01 
 3.452800000000e-09  3.159704645892e-01 
 3.462800000000e-09  1.717273845354e-01 
 3.472800000000e-09 -3.903267726606e-03 
 3.482800000000e-09 -1.828048521356e-01 
 3.492800000000e-09 -3.307661970828e-01 
 3.502800000000e-09 -4.226224887882e-01 
 3.512800000000e-09 -4.479616786244e-01 
 3.522800000000e-09 -4.071771430883e-01 
 3.532800000000e-09 -3.075495944169e-01 
 3.542800000000e-09 -1.601957760849e-01 
 3.552800000000e-09  1.693349725756e-02 
 3.562800000000e-09  1.949848648162e-01 
 3.572800000000e-09  3.397580585139e-01 
 3.582800000000e-09  4.271564237745e-01 
 3.592800000000e-09  4.476925249023e-01 
 3.602800000000e-09  4.023657208741e-01 
 3.612800000000e-09  2.988286877136e-01 
 3.622800000000e-09  1.484801273173e-01 
 3.632800000000e-09 -2.996556880572e-02 
 3.642800000000e-09 -2.069474386804e-01 
 3.652800000000e-09 -3.483858419417e-01 
 3.662800000000e-09 -4.312671313488e-01 
 3.672800000000e-09 -4.470084836911e-01 
 3.682800000000e-09 -3.971919462887e-01 
 3.692800000000e-09 -2.898231301927e-01 
 3.702800000000e-09 -1.365983997858e-01 
 3.712800000000e-09  4.297611885831e-02 
 3.722800000000e-09  2.186608658502e-01 
 3.732800000000e-09  3.566240984802e-01 
 3.742800000000e-09  4.349533820197e-01 
 3.752800000000e-09  4.459236714557e-01 
 3.762800000000e-09  3.916834240295e-01 
 3.772800000000e-09  2.805678662957e-01 
 3.782800000000e-09  1.245932732224e-01 
 3.792800000000e-09 -5.593536117413e-02 
 3.802800000000e-09 -2.301361202162e-01 
 3.812800000000e-09 -3.645120741533e-01 
 3.822800000000e-09 -4.382421778015e-01 
 3.832800000000e-09 -4.444560093266e-01 
 3.842800000000e-09 -3.858458578301e-01 
 3.852800000000e-09 -2.710562137184e-01 
 3.862800000000e-09 -1.124510047974e-01 
 3.872800000000e-09  6.885536596257e-02 
 3.882800000000e-09  2.413741493671e-01 
 3.892800000000e-09  3.720522790216e-01 
 3.902800000000e-09  4.411529804234e-01 
 3.912800000000e-09  4.426284490828e-01 
 3.922800000000e-09  3.797019320933e-01 
 3.932800000000e-09  2.613085081579e-01 
 3.942800000000e-09  1.001857848569e-01 
 3.952800000000e-09 -8.173006033832e-02 
 3.962800000000e-09 -2.523828815436e-01 
 3.972800000000e-09 -3.792563494624e-01 
 3.982800000000e-09 -4.436896388066e-01 
 3.992800000000e-09 -4.404418806214e-01 
 4.002800000000e-09 -3.732487348152e-01 
 4.012800000000e-09 -2.513199074537e-01 
 4.022800000000e-09 -8.780558083272e-02 
 4.032800000000e-09  9.454079387740e-02 
 4.042800000000e-09  2.631395101631e-01 
 4.052800000000e-09  3.861070549335e-01 
 4.062800000000e-09  4.458464880275e-01 
 4.072800000000e-09  4.379010336066e-01 
 4.082800000000e-09  3.664968323058e-01 
 4.092800000000e-09  2.411027328009e-01 
 4.102800000000e-09  7.532314632881e-02 
 4.112800000000e-09 -1.072764760038e-01 
 4.122800000000e-09 -2.736429756124e-01 
 4.132800000000e-09 -3.926122762962e-01 
 4.142800000000e-09 -4.476356107171e-01 
 4.152800000000e-09 -4.350135634277e-01 
 4.162800000000e-09 -3.594533195932e-01 
 4.172800000000e-09 -2.306681606919e-01 
 4.182800000000e-09 -6.275118170882e-02 
 4.192800000000e-09  1.199244932149e-01 
 4.202800000000e-09  2.838875194287e-01 
 4.212800000000e-09  3.987731076278e-01 
 4.222800000000e-09  4.490639893635e-01 
 4.232800000000e-09  4.317920308359e-01 
 4.242800000000e-09  3.521302440255e-01 
 4.252800000000e-09  2.200263950707e-01 
 4.262800000000e-09  5.010207242345e-02 
 4.272800000000e-09 -1.324724498374e-01 
 4.282800000000e-09 -2.938693706441e-01 
 4.292800000000e-09 -4.045926425607e-01 
 4.302800000000e-09 -4.501383993652e-01 
 4.312800000000e-09 -4.282444467228e-01 
 4.322800000000e-09 -3.445346575120e-01 
 4.332800000000e-09 -2.091853806237e-01 
 4.342800000000e-09 -3.738662948569e-02 
 4.352800000000e-09  1.449083167441e-01 
 4.362800000000e-09  3.035829795385e-01 
 4.372800000000e-09  4.100709009206e-01 
 4.382800000000e-09  4.508631357658e-01 
 4.392800000000e-09  4.243780700954e-01 
 4.402800000000e-09  3.366744532083e-01 
 4.412800000000e-09  1.981546826871e-01 
 4.422800000000e-09  2.461667750100e-02 
 4.432800000000e-09 -1.572202638956e-01 
 4.442800000000e-09 -3.130401067620e-01 
 4.452800000000e-09 -4.152381456909e-01 
 4.462800000000e-09 -4.512594747973e-01 
 4.472800000000e-09 -4.202065179372e-01 
 4.482800000000e-09 -3.285525166834e-01 
 4.492800000000e-09 -1.869287474629e-01 
 4.502800000000e-09 -1.177308593765e-02 
 4.512800000000e-09  1.694425593540e-01 
 4.522800000000e-09  3.222507800095e-01 
 4.532800000000e-09  4.200678085441e-01 
 4.542800000000e-09  4.513122747400e-01 
 4.552800000000e-09  4.157181466206e-01 
 4.562800000000e-09  3.201611151213e-01 
 4.572800000000e-09  1.755086807361e-01 
 4.582800000000e-09 -1.118970301361e-03 
 4.592800000000e-09 -1.815183948713e-01 
 4.602800000000e-09 -3.311589915872e-01 
 4.612800000000e-09 -4.245265876763e-01 
 4.622800000000e-09 -4.510059873175e-01 
 4.632800000000e-09 -4.109163925039e-01 
 4.642800000000e-09 -3.115223790514e-01 
 4.652800000000e-09 -1.639353807069e-01 
 4.662800000000e-09  1.401003801129e-02 
 4.672800000000e-09  1.934053295785e-01 
 4.682800000000e-09  3.397648117652e-01 
 4.692800000000e-09  4.286480961711e-01 
 4.702800000000e-09  4.503613752857e-01 
 4.712800000000e-09  4.058161372885e-01 
 4.722800000000e-09  3.026405423271e-01 
 4.732800000000e-09  1.522058610225e-01 
 4.742800000000e-09 -2.690240882934e-02 
 4.752800000000e-09 -2.050949165302e-01 
 4.762800000000e-09 -3.480468815623e-01 
 4.772800000000e-09 -4.324132118780e-01 
 4.782800000000e-09 -4.493789782903e-01 
 4.792800000000e-09 -4.004309533740e-01 
 4.802800000000e-09 -2.935387679163e-01 
 4.812800000000e-09 -1.403534383417e-01 
 4.822800000000e-09  3.977125370900e-02 
 4.832800000000e-09  2.165957106462e-01 
 4.842800000000e-09  3.560346502045e-01 
 4.852800000000e-09  4.358374806190e-01 
 4.862800000000e-09  4.480641775412e-01 
 4.872800000000e-09  3.947550931076e-01 
 4.882800000000e-09  2.842036357730e-01 
 4.892800000000e-09  1.283642873159e-01 
 4.902800000000e-09 -5.262589383718e-02 
 4.912800000000e-09 -2.279027851616e-01 
 4.922800000000e-09 -3.637205836325e-01 
 4.932800000000e-09 -4.389226166109e-01 
 4.942800000000e-09 -4.464224724525e-01 
 4.952800000000e-09 -3.887961555766e-01 
 4.962800000000e-09 -2.746430500849e-01 
 4.972800000000e-09 -1.162478561874e-01 
 4.982800000000e-09  6.545422353735e-02 
 4.992800000000e-09  2.390074763889e-01 
 5.002800000000e-09  3.711063398647e-01 
 5.012800000000e-09  4.416813479890e-01 
 5.022800000000e-09  4.444691151884e-01 
 5.032800000000e-09  3.825708379311e-01 
 5.042800000000e-09  2.648715885056e-01 
 5.052800000000e-09  1.040154134054e-01 
 5.062800000000e-09 -7.825114620529e-02 
 5.072800000000e-09 -2.499140909860e-01 
 5.082800000000e-09 -3.781973574760e-01 
 5.092800000000e-09 -4.441098079362e-01 
 5.102800000000e-09 -4.421943035478e-01 
 5.112800000000e-09 -3.760629989171e-01 
 5.122800000000e-09 -2.548755213851e-01 
 5.132800000000e-09 -9.167006402328e-02 
 5.142800000000e-09  9.099671744662e-02 
 5.152800000000e-09  2.605934784031e-01 
 5.162800000000e-09  3.849657873454e-01 
 5.172800000000e-09  4.461900430378e-01 
 5.182800000000e-09  4.395950770057e-01 
 5.192800000000e-09  3.692813537607e-01 
 5.202800000000e-09  2.446654184040e-01 
 5.212800000000e-09  7.922431696244e-02 
 5.222800000000e-09 -1.036796720722e-01 
 5.232800000000e-09 -2.710428422787e-01 
 5.242800000000e-09 -3.914178459775e-01 
 5.252800000000e-09 -4.479325804286e-01 
 5.262800000000e-09 -4.366758849533e-01 
 5.272800000000e-09 -3.622282746365e-01 
 5.282800000000e-09 -2.342492079463e-01 
 5.292800000000e-09 -6.668860747188e-02 
 5.302800000000e-09  1.162873470465e-01 
 5.312800000000e-09  2.812541432626e-01 
 5.322800000000e-09  3.975501226405e-01 
 5.332800000000e-09  4.493389316554e-01 
 5.342800000000e-09  4.334438754514e-01 
 5.352800000000e-09  3.549116588541e-01 
 5.362800000000e-09  2.236342863449e-01 
 5.372800000000e-09  5.407467288138e-02 
 5.382800000000e-09 -1.288063409355e-01 
 5.392800000000e-09 -2.912206653932e-01 
 5.402800000000e-09 -4.033622702541e-01 
 5.412800000000e-09 -4.504123311617e-01 
 5.422800000000e-09 -4.299039547937e-01 
 5.432800000000e-09 -3.473357878349e-01 
 5.442800000000e-09 -2.128263182437e-01 
 5.452800000000e-09 -4.139186104401e-02 
 5.462800000000e-09  1.412245276456e-01 
 5.472800000000e-09  3.009351413856e-01 
 5.482800000000e-09  4.088511660312e-01 
 5.492800000000e-09  4.511533560387e-01 
 5.502800000000e-09  4.260596437482e-01 
 5.512800000000e-09  3.395056828416e-01 
 5.522800000000e-09  2.018330974521e-01 
 5.532800000000e-09  2.865167750666e-02 
 5.542800000000e-09 -1.535293855585e-01 
 5.552800000000e-09 -3.104076710309e-01 
 5.562800000000e-09 -4.140450012158e-01 
 5.572800000000e-09 -4.515810300165e-01 
 5.582800000000e-09 -4.219224677126e-01 
 5.592800000000e-09 -3.314221559114e-01 
 5.602800000000e-09 -1.906471272041e-01 
 5.612800000000e-09 -1.584141652606e-02 
 5.622800000000e-09  1.657340854197e-01 
 5.632800000000e-09  3.196234765920e-01 
 5.642800000000e-09  4.189032790075e-01 
 5.652800000000e-09  4.516753263176e-01 
 5.662800000000e-09  4.174856553441e-01 
 5.672800000000e-09  3.230918743169e-01 
 5.682800000000e-09  1.792915554730e-01 
 5.692800000000e-09  2.989837902940e-03 
 5.702800000000e-09 -1.778173863720e-01 
 5.712800000000e-09 -3.285731885965e-01 
 5.722800000000e-09 -4.234132292808e-01 
 5.732800000000e-09 -4.514240365280e-01 
 5.742800000000e-09 -4.127375507199e-01 
 5.752800000000e-09 -3.145044436196e-01 
 5.762800000000e-09 -1.677616941370e-01 
 5.772800000000e-09  9.883513041200e-03 
 5.782800000000e-09  1.897252019383e-01 
 5.792800000000e-09  3.372279962823e-01 
 5.802800000000e-09  4.275955385773e-01 
 5.812800000000e-09  4.508423929159e-01 
 5.822800000000e-09  4.076966493186e-01 
 5.832800000000e-09  3.056780039062e-01 
 5.842800000000e-09  1.560755000754e-01 
 5.852800000000e-09 -2.276979936352e-02 
 5.862800000000e-09 -2.014675071888e-01 
 5.872800000000e-09 -3.455957232951e-01 
 5.882800000000e-09 -4.314444824365e-01 
 5.892800000000e-09 -4.499337820138e-01 
 5.902800000000e-09 -4.023685178454e-01 
 5.912800000000e-09 -2.966157126133e-01 
 5.922800000000e-09 -1.442383638272e-01 
 5.932800000000e-09  3.565392875550e-02 
 5.942800000000e-09  2.130110434428e-01 
 5.952800000000e-09  3.536436393224e-01 
 5.962800000000e-09  4.349432427763e-01 
 5.972800000000e-09  4.486931895083e-01 
 5.982800000000e-09  3.967601636713e-01 
 5.992800000000e-09  2.873405693797e-01 
 6.002800000000e-09  1.322899621252e-01 
 6.012800000000e-09 -4.850353303019e-02 
 6.022800000000e-09 -2.243601561281e-01 
 6.032800000000e-09 -3.613994309576e-01 
 6.042800000000e-09 -4.381090824766e-01 
 6.052800000000e-09 -4.471309296033e-01 
 6.062800000000e-09 -3.908727650096e-01 
 6.072800000000e-09 -2.778408831381e-01 
 6.082800000000e-09 -1.202123578031e-01 
 6.092800000000e-09  6.133258277193e-02 
 6.102800000000e-09  2.355128387669e-01 
 6.112800000000e-09  3.688608058839e-01 
 6.122800000000e-09  4.409527558073e-01 
 6.132800000000e-09  4.452596946964e-01 
 6.142800000000e-09  3.847152284533e-01 
 6.152800000000e-09  2.681234534908e-01 
 6.162800000000e-09  1.080108891472e-01 
 6.172800000000e-09 -7.413711518405e-02 
 6.182800000000e-09 -2.464723277935e-01 
 6.192800000000e-09 -3.760280745757e-01 
 6.202800000000e-09 -4.434636281346e-01 
 6.212800000000e-09 -4.430643808089e-01 
 6.222800000000e-09 -3.782816457876e-01 
 6.232800000000e-09 -2.581912974030e-01 
 6.242800000000e-09 -9.570044274156e-02 
 6.252800000000e-09  8.689312078720e-02 
 6.262800000000e-09  2.572116432474e-01 
 6.272800000000e-09  3.828830632286e-01 
 6.282800000000e-09  4.456378298038e-01 
 6.292800000000e-09  4.405549226637e-01 
 6.302800000000e-09  3.715776146050e-01 
 6.312800000000e-09  2.480437079742e-01 
 6.322800000000e-09  8.328606494542e-02 
 6.332800000000e-09 -9.959138811781e-02 
 6.342800000000e-09 -2.677251568030e-01 
 6.352800000000e-09 -3.894240440575e-01 
 6.362800000000e-09 -4.474754865559e-01 
 6.372800000000e-09 -4.377257500326e-01 
 6.382800000000e-09 -3.646024904138e-01 
 6.392800000000e-09 -2.376893541438e-01 
 6.402800000000e-09 -7.077916987063e-02 
 6.412800000000e-09  1.122189429233e-01 
 6.422800000000e-09  2.780044178141e-01 
 6.432800000000e-09  3.956483049873e-01 
 6.442800000000e-09  4.489788724875e-01 
 6.452800000000e-09  4.345848354383e-01 
 6.462800000000e-09  3.573639686347e-01 
 6.472800000000e-09  2.271351527255e-01 
 6.482800000000e-09  5.819064702884e-02 
 6.492800000000e-09 -1.247626978704e-01 
 6.502800000000e-09 -2.880427499135e-01 
 6.512800000000e-09 -4.015547957346e-01 
 6.522800000000e-09 -4.501506175474e-01 
 6.532800000000e-09 -4.311362805516e-01 
 6.542800000000e-09 -3.498660783973e-01 
 6.552800000000e-09 -2.163865645497e-01 
 6.562800000000e-09 -4.553014952284e-02 
 6.572800000000e-09  1.372103790128e-01 
 6.582800000000e-09  2.978325316282e-01 
 6.592800000000e-09  4.071404875425e-01 
 6.602800000000e-09  4.509913580167e-01 
 6.612800000000e-09  4.273837920805e-01 
 6.622800000000e-09  3.421136349081e-01 
 6.632800000000e-09  2.054510208116e-01 
 6.642800000000e-09  3.280864786855e-02 
 6.652800000000e-09 -1.495488008210e-01 
 6.662800000000e-09 -3.073670465249e-01 
 6.672800000000e-09 -4.124036514742e-01 
 6.682800000000e-09 -4.515026001731e-01 
 6.692800000000e-09 -4.233308723731e-01 
 6.702800000000e-09 -3.341106014894e-01 
 6.712800000000e-09 -1.943351979516e-01 
 6.722800000000e-09 -2.003683006797e-02 
 6.732800000000e-09  1.617651964286e-01 
 6.742800000000e-09  3.166546238621e-01 
 6.752800000000e-09  4.173703214944e-01 
 6.762800000000e-09  4.517018389412e-01 
 6.772800000000e-09  4.189886047146e-01 
 6.782800000000e-09  3.258585979901e-01 
 6.792800000000e-09  1.830332127348e-01 
 6.802800000000e-09  7.195667343701e-03 
 6.812800000000e-09 -1.738944601740e-01 
 6.822800000000e-09 -3.256911491439e-01 
 6.832800000000e-09 -4.219851323959e-01 
 6.842800000000e-09 -4.515550972582e-01 
 6.852800000000e-09 -4.143343872911e-01 
 6.862800000000e-09 -3.173487626138e-01 
 6.872800000000e-09 -1.715562094705e-01 
 6.882800000000e-09  5.669870385316e-03 
 6.892800000000e-09  1.858515586089e-01 
 6.902800000000e-09  3.344360076092e-01 
 6.912800000000e-09  4.262737704615e-01 
 6.922800000000e-09  4.510788486934e-01 
 6.932800000000e-09  4.093866383054e-01 
 6.942800000000e-09  3.085987768742e-01 
 6.952800000000e-09  1.599195273261e-01 
 6.962800000000e-09 -1.855242834100e-02 
 6.972800000000e-09 -1.976478696081e-01 
 6.982800000000e-09 -3.428957344228e-01 
 6.992800000000e-09 -4.302296540475e-01 
 7.002800000000e-09 -4.502751671305e-01 
 7.012800000000e-09 -4.041510227703e-01 
 7.022800000000e-09 -2.996119241870e-01 
 7.032800000000e-09 -1.481298783460e-01 
 7.042800000000e-09  3.143639380262e-02 
 7.052800000000e-09  2.092492538840e-01 
 7.062800000000e-09  3.510386863363e-01 
 7.072800000000e-09  4.338367683028e-01 
 7.082800000000e-09  4.491401630788e-01 
 7.092800000000e-09  3.986346444964e-01 
 7.102800000000e-09  2.904109472719e-01 
 7.112800000000e-09  1.362254860617e-01 
 7.122800000000e-09 -4.429035926076e-02 
 7.132800000000e-09 -2.206603686678e-01 
 7.142800000000e-09 -3.588910329679e-01 
 7.152800000000e-09 -4.371112224496e-01 
 7.162800000000e-09 -4.476829487263e-01 
 7.172800000000e-09 -3.928384733022e-01 
 7.182800000000e-09 -2.809843144927e-01 
 7.192800000000e-09 -1.241893991549e-01 
 7.202800000000e-09  5.712753666676e-02 
 7.212800000000e-09  2.318783524048e-01 
 7.222800000000e-09  3.664464082529e-01 
 7.232800000000e-09  4.400522066580e-01 
 7.242800000000e-09  4.459038488570e-01 
 7.252800000000e-09  3.867632681645e-01 
 7.262800000000e-09  2.713357573460e-01 
 7.272800000000e-09  1.120298083701e-01 
 7.282800000000e-09 -6.993470808040e-02 
 7.292800000000e-09 -2.428925759823e-01 
 7.302800000000e-09 -3.737026089370e-01 
 7.312800000000e-09 -4.426702011037e-01 
 7.322800000000e-09 -4.438158752650e-01 
 7.332800000000e-09 -3.804231245212e-01 
 7.342800000000e-09 -2.614776504433e-01 
 7.352800000000e-09 -9.975694863421e-02 
 7.362800000000e-09  8.270710697908e-02 
 7.372800000000e-09  2.537064510174e-01 
 7.382800000000e-09  3.806638603704e-01 
 7.392800000000e-09  4.449588716813e-01 
 7.402800000000e-09  4.414118778209e-01 
 7.412800000000e-09  3.738088971849e-01 
 7.422800000000e-09  2.514019298609e-01 
 7.432800000000e-09  8.737692162183e-02 
 7.442800000000e-09 -9.542478542861e-02 
 7.452800000000e-09 -2.642945655228e-01 
 7.462800000000e-09 -3.873082484378e-01 
 7.472800000000e-09 -4.469078386539e-01 
 7.482800000000e-09 -4.386898828758e-01 
 7.492800000000e-09 -3.669243580332e-01 
 7.502800000000e-09 -2.411151563169e-01 
 7.512800000000e-09 -7.489970719543e-02 
 7.522800000000e-09  1.080768707508e-01 
 7.532800000000e-09  2.746518813933e-01 
 7.542800000000e-09  3.936373866013e-01 
 7.552800000000e-09  4.485212414571e-01 
 7.562800000000e-09  4.356510837391e-01 
 7.572800000000e-09  3.597716563568e-01 
 7.582800000000e-09  2.306256859523e-01 
 7.592800000000e-09  6.233668527978e-02 
 7.602800000000e-09 -1.206495887009e-01 
 7.612800000000e-09 -2.847700299843e-01 
 7.622800000000e-09 -3.996482638729e-01 
 7.632800000000e-09 -4.498017315726e-01 
 7.642800000000e-09 -4.323032987225e-01 
 7.652800000000e-09 -3.523588098512e-01 
 7.662800000000e-09 -2.199404712674e-01 
 7.672800000000e-09 -4.969880440398e-02 
 7.682800000000e-09  1.331303274788e-01 
 7.692800000000e-09  2.946425094327e-01 
 7.702800000000e-09  4.053399354506e-01 
 7.712800000000e-09  4.507512464082e-01 
 7.722800000000e-09  4.286502735182e-01 
 7.732800000000e-09  3.446893681183e-01 
 7.742800000000e-09  2.090654918453e-01 
 7.752800000000e-09  3.699610478764e-02 
 7.762800000000e-09 -1.455060647802e-01 
 7.772800000000e-09 -3.042616005584e-01 
 7.782800000000e-09 -4.107092418320e-01 
 7.792800000000e-09 -4.513707057950e-01 
 7.802800000000e-09 -4.246958281340e-01 
 7.812800000000e-09 -3.367684129536e-01 
 7.822800000000e-09 -1.980081957046e-01 
 7.832800000000e-09 -2.423961507536e-02 
 7.842800000000e-09  1.577644755341e-01 
 7.852800000000e-09  3.136369474764e-01 
 7.862800000000e-09  4.157835817875e-01 
 7.872800000000e-09  4.516780901622e-01 
 7.882800000000e-09  4.204506823800e-01 
 7.892800000000e-09  3.285964950543e-01 
 7.902800000000e-09  1.867616835605e-01 
 7.912800000000e-09  1.140967665673e-02 
 7.922800000000e-09 -1.699392952689e-01 
 7.932800000000e-09 -3.227770817716e-01 
 7.942800000000e-09 -4.205339702023e-01 
 7.952800000000e-09 -4.516557089683e-01 
 7.962800000000e-09 -4.159006506067e-01 
 7.972800000000e-09 -3.201638174508e-01 
 7.982800000000e-09 -1.753255952778e-01 
 7.992800000000e-09  1.468945298881e-03 
 8.002800000000e-09  1.819729563079e-01 
 8.012800000000e-09  3.316240799352e-01 
 8.022800000000e-09  4.249239259412e-01 
 8.032800000000e-09  4.512835504112e-01 
 8.042800000000e-09  4.110451869491e-01 
 8.052800000000e-09  3.114897812308e-01 
 8.062800000000e-09  1.637397520488e-01 
 8.072800000000e-09 -1.434615699215e-02 
 8.082800000000e-09 -1.938206322745e-01 
 8.092800000000e-09 -3.401744732899e-01 
 8.102800000000e-09 -4.289857230745e-01 
 8.112800000000e-09 -4.505846591553e-01 
 8.122800000000e-09 -4.059017849024e-01 
 8.132800000000e-09 -3.025801501028e-01 
 8.142800000000e-09 -1.520012926290e-01 
 8.152800000000e-09  2.722577374444e-02 
 8.162800000000e-09  2.054769145493e-01 
 8.172800000000e-09  3.484107668519e-01 
 8.182800000000e-09  4.327015013802e-01 
 8.192800000000e-09  4.495567220095e-01 
 8.202800000000e-09  4.004803536304e-01 
 8.212800000000e-09  2.934551800775e-01 
 8.222800000000e-09  1.401419274263e-01 
 8.232800000000e-09 -4.008277170360e-02 
 8.242800000000e-09 -2.169481877899e-01 
 8.252800000000e-09 -3.563584876472e-01 
 8.262800000000e-09 -4.360834380148e-01 
 8.272800000000e-09 -4.482038020593e-01 
 8.282800000000e-09 -3.947746928937e-01 
 8.292800000000e-09 -2.841014999718e-01 
 8.302800000000e-09 -1.281480332897e-01 
 8.312800000000e-09  5.292638194774e-02 
 8.322800000000e-09  2.282297523558e-01 
 8.332800000000e-09  3.640107570434e-01 
 8.342800000000e-09  4.391325877783e-01 
 8.352800000000e-09  4.465288292245e-01 
 8.362800000000e-09  3.887896379897e-01 
 8.372800000000e-09  2.745246707180e-01 
 8.382800000000e-09  1.160277932164e-01 
 8.392800000000e-09 -6.574424808737e-02 
 8.402800000000e-09 -2.393109329987e-01 
 8.412800000000e-09 -3.713657406403e-01 
 8.422800000000e-09 -4.418591325361e-01 
 8.432800000000e-09 -4.445464120855e-01 
 8.442800000000e-09 -3.825418346822e-01 
 8.452800000000e-09 -2.647396394763e-01 
 8.462800000000e-09 -1.037928427124e-01 
 8.472800000000e-09  7.853114569635e-02 
 8.482800000000e-09  2.501964456064e-01 
 8.492800000000e-09  3.784298238266e-01 
 8.502800000000e-09  4.442597340152e-01 
 8.512800000000e-09  4.422467568181e-01 
 8.522800000000e-09  3.760150084734e-01 
 8.532800000000e-09  2.547321394696e-01 
 8.542800000000e-09  9.144570813218e-02 
 8.552800000000e-09 -9.126756469390e-02 
 8.562800000000e-09 -2.608570823608e-01 
 8.572800000000e-09 -3.851745843136e-01 
 8.582800000000e-09 -4.463157642509e-01 
 8.592800000000e-09 -4.396260927094e-01 
 8.602800000000e-09 -3.692171272203e-01 
 8.612800000000e-09 -2.445125231629e-01 
 8.622800000000e-09 -7.899896110188e-02 
 8.632800000000e-09  1.039419170163e-01 
 8.642800000000e-09  2.712896967533e-01 
 8.652800000000e-09  3.916058933174e-01 
 8.662800000000e-09  4.480372677171e-01 
 8.672800000000e-09  4.366883263891e-01 
 8.682800000000e-09  3.621499837932e-01 
 8.692800000000e-09  2.340881053829e-01 
 8.702800000000e-09  6.646265906089e-02 
 8.712800000000e-09 -1.165416180782e-01 
 8.722800000000e-09 -2.814858709073e-01 
 8.732800000000e-09 -3.977196509527e-01 
 8.742800000000e-09 -4.494250470522e-01 
 8.752800000000e-09 -4.334400910757e-01 
 8.762800000000e-09 -3.548212175240e-01 
 8.772800000000e-09 -2.234662349325e-01 
 8.782800000000e-09 -5.384856850027e-02 
 8.792800000000e-09  1.290531391717e-01 
 8.802800000000e-09  2.914387717691e-01 
 8.812800000000e-09  4.035153583951e-01 
 8.822800000000e-09  4.504820723531e-01 
 8.832800000000e-09  4.298859062436e-01 
 8.842800000000e-09  3.472346731355e-01 
 8.852800000000e-09  2.126522238103e-01 
 8.862800000000e-09  4.116587428051e-02 
 8.872800000000e-09 -1.414643089594e-01 
 8.882800000000e-09 -3.011408138707e-01 
 8.892800000000e-09 -4.089894403428e-01 
 8.902800000000e-09 -4.512084951098e-01 
 8.912800000000e-09 -4.260289971244e-01 
 8.922800000000e-09 -3.393952137400e-01 
 8.932800000000e-09 -2.016538001875e-01 
 8.942800000000e-09 -2.842606613570e-02 
 8.952800000000e-09  1.537625324072e-01 
 8.962800000000e-09  3.106019870988e-01 
 8.972800000000e-09  4.141699236290e-01 
 8.982800000000e-09  4.516230919051e-01 
 8.992800000000e-09  4.218805845350e-01 
 9.002800000000e-09  3.313033591149e-01 
 9.012800000000e-09  1.904632805007e-01 
 9.022800000000e-09  1.561639124473e-02 
 9.032800000000e-09 -1.659609172154e-01 
 9.042800000000e-09 -3.198073012814e-01 
 9.052800000000e-09 -4.190160203557e-01 
 9.062800000000e-09 -4.517055707606e-01 
 9.072800000000e-09 -4.174337051729e-01 
 9.082800000000e-09 -3.229656534089e-01 
 9.092800000000e-09 -1.791037333615e-01 
 9.102800000000e-09 -2.765564972472e-03 
 9.112800000000e-09  1.780382296336e-01 
 9.122800000000e-09  3.287473595130e-01 
 9.132800000000e-09  4.235148524858e-01 
 9.142800000000e-09  4.514435305052e-01 
 9.152800000000e-09  4.126764603755e-01 
 9.162800000000e-09  3.143714687354e-01 
 9.172800000000e-09  1.675703108938e-01 
 9.182800000000e-09 -1.010693004565e-02 
 9.192800000000e-09 -1.899402823219e-01 
 9.202800000000e-09 -3.373931107382e-01 
 9.212800000000e-09 -4.276868886616e-01 
 9.222800000000e-09 -4.508520415067e-01 
 9.232800000000e-09 -4.076272496558e-01 
 9.242800000000e-09 -3.055389051661e-01 
 9.252800000000e-09 -1.558809657837e-01 
 9.262800000000e-09  2.299223035801e-02 
 9.272800000000e-09  2.016770301897e-01 
 9.282800000000e-09  3.457523399222e-01 
 9.292800000000e-09  4.315262944654e-01 
 9.302800000000e-09  4.499343287175e-01 
 9.312800000000e-09  4.022914647997e-01 
 9.322800000000e-09  2.964709777303e-01 
 9.332800000000e-09  1.440410152664e-01 
 9.342800000000e-09 -3.587525066172e-02 
 9.352800000000e-09 -2.132151442451e-01 
 9.362800000000e-09 -3.537921700237e-01 
 9.372800000000e-09 -4.350161070214e-01 
 9.382800000000e-09 -4.486852613109e-01 
 9.392800000000e-09 -3.966760278572e-01 
 9.402800000000e-09 -2.871906379687e-01 
 9.412800000000e-09 -1.320901206863e-01 
 9.422800000000e-09  4.872360375479e-02 
 9.432800000000e-09  2.245589661227e-01 
 9.442800000000e-09  3.615402842970e-01 
 9.452800000000e-09  4.381735320047e-01 
 9.462800000000e-09  4.471150636101e-01 
 9.472800000000e-09  3.907820144546e-01 
 9.482800000000e-09  2.776861055262e-01 
 9.492800000000e-09  1.200102872824e-01 
 9.502800000000e-09 -6.155128428591e-02 
 9.512800000000e-09 -2.357064632055e-01 
 9.522800000000e-09 -3.689943035165e-01 
 9.532800000000e-09 -4.410092259963e-01 
 9.542800000000e-09 -4.452363432860e-01 
 9.552800000000e-09 -3.846182680251e-01 
 9.562800000000e-09 -2.679641377211e-01 
 9.572800000000e-09 -1.078068293528e-01 
 9.582800000000e-09  7.435432160213e-02 
 9.592800000000e-09  2.466608427752e-01 
 9.602800000000e-09  3.761544886352e-01 
 9.612800000000e-09  4.435125097059e-01 
 9.622800000000e-09  4.430339217631e-01 
 9.632800000000e-09  3.781787631106e-01 
 9.642800000000e-09  2.580276571702e-01 
 9.652800000000e-09  9.549458059821e-02 
 9.662800000000e-09 -8.710871624388e-02 
 9.672800000000e-09 -2.573950997826e-01 
 9.682800000000e-09 -3.830025986042e-01 
 9.692800000000e-09 -4.456794119304e-01 
 9.702800000000e-09 -4.405177154640e-01 
 9.712800000000e-09 -3.714691903518e-01 
 9.722800000000e-09 -2.478760499766e-01 
 9.732800000000e-09 -8.307863783566e-02 
 9.742800000000e-09  9.980525014898e-02 
 9.752800000000e-09  2.679036526683e-01 
 9.762800000000e-09  3.895369775922e-01 
 9.772800000000e-09  4.475101435386e-01 
 9.782800000000e-09  4.376821537298e-01 
 9.792800000000e-09  3.644887986180e-01 
 9.802800000000e-09  2.375178925383e-01 
 9.812800000000e-09  7.057036894665e-02 
 9.822800000000e-09 -1.124309404028e-01 
 9.832800000000e-09 -2.781779934590e-01 
 9.842800000000e-09 -3.957548130684e-01 
 9.852800000000e-09 -4.490068567332e-01 
 9.862800000000e-09 -4.345351203794e-01 
 9.872800000000e-09 -3.572452446496e-01 
 9.882800000000e-09 -2.269600887431e-01 
 9.892800000000e-09 -5.798066174510e-02 
 9.902800000000e-09  1.249726867933e-01 
 9.912800000000e-09  2.882114279617e-01 
 9.922800000000e-09  4.016550264304e-01 
 9.932800000000e-09  4.501721456632e-01 
 9.942800000000e-09  4.310806827041e-01 
 9.952800000000e-09  3.497425272902e-01 
 9.962800000000e-09  2.162080837705e-01 
 9.972800000000e-09  4.531916402062e-02 
 9.982800000000e-09 -1.374182063732e-01 
 9.992800000000e-09 -2.979963145195e-01 
 1.000000000000e-08 -3.833872526826e-01 
