% time-domain current integration by openEMS v0.0.36-88-g332ca7d @Sun Jan 18 11:44:02 2026
% start-coordinates: (-1.294e-05,-4.46197e-05,0.00016068) m -> [94,42,30]
% stop-coordinates: (-1.194e-05,-4.11275e-05,0.00016068) m -> [96,48,30]
% t/s	current
4.51346598274e-16	0
3.57015159235e-13	-1.80124803961e-11
7.13578971872e-13	-2.02022565343e-11
1.07014278451e-12	-9.21148465664e-13
1.42670659714e-12	7.35228197768e-11
1.78327040978e-12	2.5977808793e-10
2.13983422242e-12	6.22593587796e-10
2.49639803505e-12	1.1912796305e-09
2.85296184769e-12	1.88035453874e-09
3.20952566033e-12	2.37801511815e-09
3.56608947296e-12	2.0670996026e-09
3.9226532856e-12	5.86193177332e-11
4.27921709824e-12	-4.55329862703e-09
4.63578091087e-12	-1.21884191628e-08
4.99234472351e-12	-2.21482743257e-08
5.34890853615e-12	-3.21534194825e-08
5.70547234878e-12	-3.84412963683e-08
6.06203616142e-12	-3.67076182783e-08
6.41859997406e-12	-2.37775843459e-08
6.77516378669e-12	5.68556646208e-10
7.13172759933e-12	3.2528944871e-08
7.48829141197e-12	6.4750665274e-08
7.8448552246e-12	8.84802489054e-08
8.20141903724e-12	9.66740856256e-08
8.55798284988e-12	8.67341114485e-08
8.91454666251e-12	6.15790369807e-08
9.27111047515e-12	2.85190928651e-08
9.62767428779e-12	-3.53930196262e-09
9.98423810042e-12	-2.7256186641e-08
1.03408019131e-11	-3.90215220136e-08
1.06973657257e-11	-3.93768218032e-08
1.10539295383e-11	-3.18439781211e-08
1.1410493351e-11	-2.09879758017e-08
1.17670571636e-11	-1.06712780834e-08
1.21236209762e-11	-3.11286973975e-09
1.24801847889e-11	1.15335407891e-09
1.28367486015e-11	2.73257083627e-09
1.31933124142e-11	2.67062660875e-09
1.35498762268e-11	1.92324134396e-09
1.39064400394e-11	1.11129305758e-09
1.42630038521e-11	5.11478692733e-10
1.46195676647e-11	1.67073854751e-10
1.49761314773e-11	1.34672255986e-11
1.533269529e-11	-3.18443570124e-11
1.56892591026e-11	-3.1401839462e-11
1.60458229152e-11	-1.86806403679e-11
1.64023867279e-11	-8.14568898444e-12
1.67589505405e-11	-6.95980599541e-12
1.71155143532e-11	-7.88333287538e-12
1.74720781658e-11	-8.38872374342e-12
1.78286419784e-11	-8.66893969803e-12
1.81852057911e-11	-8.46341399741e-12
1.85417696037e-11	-8.29822582177e-12
1.88983334163e-11	-8.44554287616e-12
1.9254897229e-11	-8.69297082234e-12
1.96114610416e-11	-8.71798206542e-12
1.99680248543e-11	-8.77732435345e-12
2.03245886669e-11	-8.79919834912e-12
2.06811524795e-11	-8.88781756525e-12
2.10377162922e-11	-8.99240144153e-12
2.13942801048e-11	-9.1632630303e-12
2.17508439174e-11	-9.22485525467e-12
2.21074077301e-11	-8.9824753538e-12
2.24639715427e-11	-9.17316309718e-12
2.28205353553e-11	-9.22910706191e-12
2.3177099168e-11	-9.35215880432e-12
2.35336629806e-11	-9.34971631367e-12
2.38902267933e-11	-9.43502914685e-12
2.42467906059e-11	-9.44499947003e-12
2.46033544185e-11	-9.57648543798e-12
