% time-domain voltage integration by openEMS v0.0.36-88-g332ca7d @Sun Jan 18 11:44:02 2026
% start-coordinates: (-7.246e-05,-4.3075e-05,0.00015727) m -> [12,45,24]
% stop-coordinates: (-7.246e-05,-4.3075e-05,0.00016498) m -> [12,45,34]
% t/s	voltage
0	-0
3.56563812637e-13	-2.79699519974e-12
7.13127625273e-13	-2.75850108814e-11
1.06969143791e-12	-3.04226708929e-11
1.42625525055e-12	3.49877826364e-11
1.78281906318e-12	1.56712275101e-10
2.13938287582e-12	4.44254284401e-10
2.49594668846e-12	9.2430753329e-10
2.85251050109e-12	1.54814615294e-09
3.20907431373e-12	2.07700283361e-09
3.56563812637e-12	1.93781105051e-09
3.922201939e-12	2.50678176134e-10
4.27876575164e-12	-3.92044241515e-09
4.63532956428e-12	-1.10232969974e-08
4.99189337691e-12	-2.03070412708e-08
5.34845718955e-12	-2.91466124569e-08
5.70502100219e-12	-3.32073408771e-08
6.06158481482e-12	-2.74636113851e-08
6.41814862746e-12	-8.62247001576e-09
6.7747124401e-12	2.25153564681e-08
7.13127625273e-12	5.94775602103e-08
7.48784006537e-12	9.11048854135e-08
7.84440387801e-12	1.05124709826e-07
8.20096769064e-12	9.33185702046e-08
8.55753150328e-12	5.58280290885e-08
8.91409531592e-12	2.21596763161e-09
9.27065912855e-12	-5.1670640433e-08
9.62722294119e-12	-8.98762744228e-08
9.98378675383e-12	-1.02579600814e-07
1.03403505665e-11	-8.94084233316e-08
1.06969143791e-11	-5.85460511182e-08
1.10534781917e-11	-2.23245227859e-08
1.14100420044e-11	7.99780819349e-09
1.1766605817e-11	2.60455617074e-08
1.21231696296e-11	3.11794394747e-08
1.24797334423e-11	2.68863600272e-08
1.28362972549e-11	1.82204604737e-08
1.31928610676e-11	9.44076500309e-09
1.35494248802e-11	2.94301089054e-09
1.39059886928e-11	-6.60830064281e-10
1.42625525055e-11	-1.94315176449e-09
1.46191163181e-11	-1.88385876343e-09
1.49756801307e-11	-1.31259449143e-09
1.53322439434e-11	-7.3723263605e-10
1.5688807756e-11	-3.26461668462e-10
1.60453715686e-11	-1.01687795337e-10
1.64019353813e-11	-1.00319057532e-11
1.67584991939e-11	1.96886702905e-11
1.71150630066e-11	-1.75233443614e-12
1.74716268192e-11	-2.10613866842e-11
1.78281906318e-11	-2.03232181518e-11
1.81847544445e-11	-1.61619518766e-11
1.85413182571e-11	-1.30389918155e-11
1.88978820697e-11	-1.27598728025e-11
1.92544458824e-11	-1.02022554901e-11
1.9611009695e-11	-1.41491370486e-11
1.99675735077e-11	-1.23443050486e-11
2.03241373203e-11	-1.1243703722e-11
2.06807011329e-11	-6.11365423347e-12
2.10372649456e-11	-1.45525363678e-11
2.13938287582e-11	-4.8523240005e-12
2.17503925708e-11	-1.38806968307e-11
2.21069563835e-11	-3.66549064051e-12
2.24635201961e-11	-1.78529612697e-12
2.28200840087e-11	-1.40246098697e-11
2.31766478214e-11	-1.7995268253e-11
2.3533211634e-11	-1.19149177829e-11
2.38897754467e-11	-4.27666796833e-12
2.42463392593e-11	-4.96844424869e-12
2.46029030719e-11	-8.63008709634e-12
