 1.628000000000e-10  2.036926209855e-02 
 1.728000000000e-10  1.093069732771e-02 
 1.828000000000e-10 -4.122241597848e-06 
 1.928000000000e-10 -1.117682819600e-02 
 2.028000000000e-10 -2.127000622608e-02 
 2.128000000000e-10 -2.906410376965e-02 
 2.228000000000e-10 -3.358696131534e-02 
 2.328000000000e-10 -3.423320674368e-02 
 2.428000000000e-10 -3.084666273584e-02 
 2.528000000000e-10 -2.374388404999e-02 
 2.628000000000e-10 -1.368902396732e-02 
 2.728000000000e-10 -1.806953117702e-03 
 2.828000000000e-10  1.053902657536e-02 
 2.928000000000e-10  2.190195211058e-02 
 3.028000000000e-10  3.091803221418e-02 
 3.128000000000e-10  3.647273414846e-02 
 3.228000000000e-10  3.783655171430e-02 
 3.328000000000e-10  3.476202167078e-02 
 3.428000000000e-10  2.751963114503e-02 
 3.528000000000e-10  1.687464347592e-02 
 3.628000000000e-10  4.008004845404e-03 
 3.728000000000e-10 -9.608451768474e-03 
 3.828000000000e-10 -2.238209567281e-02 
 3.928000000000e-10 -3.278201140940e-02 
 4.028000000000e-10 -3.952554558172e-02 
 4.128000000000e-10 -4.173697848442e-02 
 4.228000000000e-10 -3.906189946983e-02 
 4.328000000000e-10 -3.171710301947e-02 
 4.428000000000e-10 -2.047494208124e-02 
 4.528000000000e-10 -6.579610752675e-03 
 4.628000000000e-10  8.386213985058e-03 
 4.728000000000e-10  2.267950348296e-02 
 4.828000000000e-10  3.459622551759e-02 
 4.928000000000e-10  4.267626286829e-02 
 5.028000000000e-10  4.588290728405e-02 
 5.128000000000e-10  4.373713470360e-02 
 5.228000000000e-10  3.638239791942e-02 
 5.328000000000e-10  2.457863682347e-02 
 5.428000000000e-10  9.623241374035e-03 
 5.528000000000e-10 -6.787809481915e-03 
 5.628000000000e-10 -2.274828728269e-02 
 5.728000000000e-10 -3.635929843811e-02 
 5.828000000000e-10 -4.595747812360e-02 
 5.928000000000e-10 -5.032134962928e-02 
 6.028000000000e-10 -4.882791370736e-02 
 6.128000000000e-10 -4.153652595149e-02 
 6.228000000000e-10 -2.919201208445e-02 
 6.328000000000e-10 -1.314498059255e-02 
 6.428000000000e-10  4.792186542707e-03 
 6.528000000000e-10  2.254473744532e-02 
 6.628000000000e-10  3.801006764559e-02 
 6.728000000000e-10  4.930773473597e-02 
 6.828000000000e-10  5.501147798636e-02 
 6.928000000000e-10  5.433243939418e-02 
 7.028000000000e-10  4.722343541751e-02 
 7.128000000000e-10  3.439431571303e-02 
 7.228000000000e-10  1.723836726588e-02 
 7.328000000000e-10 -2.315669215017e-03 
 7.428000000000e-10 -2.201342434543e-02 
 7.528000000000e-10 -3.952792135930e-02 
 7.628000000000e-10 -5.273529691710e-02 
 7.728000000000e-10 -5.997786494682e-02 
 7.828000000000e-10 -6.027749817533e-02 
 7.928000000000e-10 -5.346376497889e-02 
 8.028000000000e-10 -4.020257060828e-02 
 8.128000000000e-10 -2.192597771230e-02 
 8.228000000000e-10 -6.794906601890e-04 
 8.328000000000e-10  2.109814724647e-02 
 8.428000000000e-10  4.084510748152e-02 
 8.528000000000e-10  5.617673373910e-02 
 8.628000000000e-10  6.518005288621e-02 
 8.728000000000e-10  6.666012052303e-02 
 8.828000000000e-10  6.029640658996e-02 
 8.928000000000e-10  4.668927809300e-02 
 9.028000000000e-10  2.729660658284e-02 
 9.128000000000e-10  4.278324137273e-03 
 9.228000000000e-10 -1.973368216882e-02 
 9.328000000000e-10 -4.192361448335e-02 
 9.428000000000e-10 -5.961922840223e-02 
 9.528000000000e-10 -7.062220845841e-02 
 9.628000000000e-10 -7.349285647588e-02 
 9.728000000000e-10 -6.773781671997e-02 
 9.828000000000e-10 -5.387637099796e-02 
 9.928000000000e-10 -3.338388304406e-02 
 1.002800000000e-09 -8.531899660934e-03 
 1.012800000000e-09  1.785145934751e-02 
 1.022800000000e-09  4.268572331423e-02 
 1.032800000000e-09  6.299129963174e-02 
 1.042800000000e-09  7.625644204910e-02 
 1.052800000000e-09  8.076351819234e-02 
 1.062800000000e-09  7.581520690331e-02 
 1.072800000000e-09  6.182496486734e-02 
 1.082800000000e-09  4.026916783833e-02 
 1.092800000000e-09  1.352547145883e-02 
 1.102800000000e-09 -1.537628865017e-02 
 1.112800000000e-09 -4.307452154551e-02 
 1.122800000000e-09 -6.625596331672e-02 
 1.132800000000e-09 -8.206267829800e-02 
 1.142800000000e-09 -8.846569870420e-02 
 1.152800000000e-09 -8.453428361162e-02 
 1.162800000000e-09 -7.055420618444e-02 
 1.172800000000e-09 -4.798957975346e-02 
 1.182800000000e-09 -1.931762018746e-02 
 1.192800000000e-09  1.222992632202e-02 
 1.202800000000e-09  4.300132367281e-02 
 1.212800000000e-09  6.932938648453e-02 
 1.222800000000e-09  8.797874735702e-02 
 1.232800000000e-09  9.657129185976e-02 
 1.242800000000e-09  9.390554546124e-02 
 1.252800000000e-09  8.010938179610e-02 
 1.262800000000e-09  5.661485478154e-02 
 1.272800000000e-09  2.598976627298e-02 
 1.282800000000e-09 -8.330896909741e-03 
 1.292800000000e-09 -4.239303597361e-02 
 1.302800000000e-09 -7.215145873357e-02 
 1.312800000000e-09 -9.395909581155e-02 
 1.322800000000e-09 -1.050497593129e-01 
 1.332800000000e-09 -1.039148404074e-01 
 1.342800000000e-09 -9.049601022552e-02 
 1.352800000000e-09 -6.617474104231e-02 
 1.362800000000e-09 -3.359889481657e-02 
 1.372800000000e-09  3.597007397959e-03 
 1.382800000000e-09  4.115132036205e-02 
 1.392800000000e-09  7.462284883155e-02 
 1.402800000000e-09  9.992052246741e-02 
 1.412800000000e-09  1.138478067809e-01 
 1.422800000000e-09  1.145456369934e-01 
 1.432800000000e-09  1.017332780070e-01 
 1.442800000000e-09  7.671735014815e-02 
 1.452800000000e-09  4.221336770900e-02 
 1.462800000000e-09  2.051985292667e-03 
 1.472800000000e-09 -3.919151461370e-02 
 1.482800000000e-09 -7.666100026062e-02 
 1.492800000000e-09 -1.057882657824e-01 
 1.502800000000e-09 -1.229036525350e-01 
 1.512800000000e-09 -1.257539816898e-01 
 1.522800000000e-09 -1.138006665392e-01 
 1.532800000000e-09 -8.825163425242e-02 
 1.542800000000e-09 -5.187565394612e-02 
 1.552800000000e-09 -8.691674444017e-03 
 1.562800000000e-09  3.641216160452e-02 
 1.572800000000e-09  7.815272900431e-02 
 1.582800000000e-09  1.114549884337e-01 
 1.592800000000e-09  1.321315799322e-01 
 1.602800000000e-09  1.374859098178e-01 
 1.612800000000e-09  1.266788357174e-01 
 1.622800000000e-09  1.007905075120e-01 
 1.632800000000e-09  6.262711344451e-02 
 1.642800000000e-09  1.638804480098e-02 
 1.652800000000e-09 -3.272725230377e-02 
 1.662800000000e-09 -7.899862923980e-02 
 1.672800000000e-09 -1.168166211066e-01 
 1.682800000000e-09 -1.414327406678e-01 
 1.692800000000e-09 -1.496576752959e-01 
 1.702800000000e-09 -1.403083634742e-01 
 1.712800000000e-09 -1.143069938041e-01 
 1.722800000000e-09 -7.447958746379e-02 
 1.732800000000e-09 -2.519473993826e-02 
 1.742800000000e-09  2.804468927457e-02 
 1.752800000000e-09  7.907947455540e-02 
 1.762800000000e-09  1.217439662272e-01 
 1.772800000000e-09  1.506859746654e-01 
 1.782800000000e-09  1.621702249499e-01 
 1.792800000000e-09  1.546202425250e-01 
 1.802800000000e-09  1.287651772770e-01 
 1.812800000000e-09  8.743165635551e-02 
 1.822800000000e-09  3.514653051128e-02 
 1.832800000000e-09 -2.229315577533e-02 
 1.842800000000e-09 -7.829155309030e-02 
 1.852800000000e-09 -1.261107507636e-01 
 1.862800000000e-09 -1.597562245613e-01 
 1.872800000000e-09 -1.748947443521e-01 
 1.882800000000e-09 -1.695059785407e-01 
 1.892800000000e-09 -1.440885932791e-01 
 1.902800000000e-09 -1.014483417118e-01 
 1.912800000000e-09 -4.625722341951e-02 
 1.922800000000e-09  1.540757770611e-02 
 1.932800000000e-09  7.652451363306e-02 
 1.942800000000e-09  1.297759830752e-01 
 1.952800000000e-09  1.684912876194e-01 
 1.962800000000e-09  1.876864959070e-01 
 1.972800000000e-09  1.848422957949e-01 
 1.982800000000e-09  1.601842873754e-01 
 1.992800000000e-09  1.164733361994e-01 
 2.002800000000e-09  5.851410974423e-02 
 2.012800000000e-09 -7.350525797054e-03 
 2.022800000000e-09 -7.368972903656e-02 
 2.032800000000e-09 -1.326077240644e-01 
 2.042800000000e-09 -1.767312241045e-01 
 2.052800000000e-09 -2.003768911831e-01 
 2.062800000000e-09 -2.004715754938e-01 
 2.072800000000e-09 -1.769220165378e-01 
 2.082800000000e-09 -1.324163996229e-01 
 2.092800000000e-09 -7.187783760453e-02 
 2.102800000000e-09 -1.898209740189e-03 
 2.112800000000e-09  6.970598922280e-02 
 2.122800000000e-09  1.344729681293e-01 
 2.132800000000e-09  1.843096493534e-01 
 2.142800000000e-09  2.127880299014e-01 
 2.152800000000e-09  2.162240038577e-01 
 2.162800000000e-09  1.941551579540e-01 
 2.172800000000e-09  1.491649087320e-01 
 2.182800000000e-09  8.628019541080e-02 
 2.192800000000e-09  1.232668661231e-02 
 2.202800000000e-09 -6.452092171735e-02 
 2.212800000000e-09 -1.352575613745e-01 
 2.222800000000e-09 -1.910642375665e-01 
 2.232800000000e-09 -2.247305378922e-01 
 2.242800000000e-09 -2.319069843313e-01 
 2.252800000000e-09 -2.117092240814e-01 
 2.262800000000e-09 -1.665784589007e-01 
 2.272800000000e-09 -1.016274474154e-01 
 2.282800000000e-09 -2.390049151367e-02 
 2.292800000000e-09  5.810058827544e-02 
 2.302800000000e-09  1.348607590078e-01 
 2.312800000000e-09  1.968411019378e-01 
 2.322800000000e-09  2.360186559814e-01 
 2.332800000000e-09  2.473255785213e-01 
 2.342800000000e-09  2.294003951779e-01 
 2.352800000000e-09  1.844998053221e-01 
 2.362800000000e-09  1.178010588135e-01 
 2.372800000000e-09  3.655390069096e-02 
 2.382800000000e-09 -5.044374144365e-02 
 2.392800000000e-09 -1.332090252820e-01 
 2.402800000000e-09 -2.015026491046e-01 
 2.412800000000e-09 -2.464700911125e-01 
 2.422800000000e-09 -2.622772125511e-01 
 2.432800000000e-09 -2.470301070347e-01 
 2.442800000000e-09 -2.027543081190e-01 
 2.452800000000e-09 -1.346640723531e-01 
 2.462800000000e-09 -5.020087361977e-02 
 2.472800000000e-09  4.157130541890e-02 
 2.482800000000e-09  1.302511232169e-01 
 2.492800000000e-09  2.049311733704e-01 
 2.502800000000e-09  2.559178897136e-01 
 2.512800000000e-09  2.765681385651e-01 
 2.522800000000e-09  2.643998692803e-01 
 2.532800000000e-09  2.211587032320e-01 
 2.542800000000e-09  1.520628901685e-01 
 2.552800000000e-09  6.473093546580e-02 
 2.562800000000e-09 -3.153381707203e-02 
 2.572800000000e-09 -1.259651996009e-01 
 2.582800000000e-09 -2.070336151598e-01 
 2.592800000000e-09 -2.642116120826e-01 
 2.602800000000e-09 -2.900114019350e-01 
 2.612800000000e-09 -2.813097752919e-01 
 2.622800000000e-09 -2.395226734440e-01 
 2.632800000000e-09 -1.698333056074e-01 
 2.642800000000e-09 -8.001841358319e-02 
 2.652800000000e-09  2.040296492637e-02 
 2.662800000000e-09  1.203549559381e-01 
 2.672800000000e-09  2.077427057361e-01 
 2.682800000000e-09  2.712235250155e-01 
 2.692800000000e-09  3.024378211061e-01 
 2.702800000000e-09  2.975696090862e-01 
 2.712800000000e-09  2.576561303033e-01 
 2.722800000000e-09  1.878030367737e-01 
 2.732800000000e-09  9.592181607392e-02 
 2.742800000000e-09 -8.273545043119e-03 
 2.752800000000e-09 -1.134511192115e-01 
 2.762800000000e-09 -2.070174021106e-01 
 2.772800000000e-09 -2.768474593386e-01 
 2.782800000000e-09 -3.136936911509e-01 
 2.792800000000e-09 -3.129989908538e-01 
 2.802800000000e-09 -2.753729697850e-01 
 2.812800000000e-09 -2.057987617864e-01 
 2.822800000000e-09 -1.122931695000e-01 
 2.832800000000e-09 -4.745445365198e-03 
 2.842800000000e-09  1.053064360740e-01 
 2.852800000000e-09  2.048435707975e-01 
 2.862800000000e-09  2.810049240051e-01 
 2.872800000000e-09  3.236502699699e-01 
 2.882800000000e-09  3.274374065082e-01 
 2.892800000000e-09  2.924988867826e-01 
 2.902800000000e-09  2.236501028390e-01 
 2.912800000000e-09  1.289790222410e-01 
 2.922800000000e-09  1.853052891795e-02 
 2.932800000000e-09 -9.599613198786e-02 
 2.942800000000e-09 -2.012337902594e-01 
 2.952800000000e-09 -2.836431560222e-01 
 2.962800000000e-09 -3.322011808303e-01 
 2.972800000000e-09 -3.407444437620e-01 
 2.982800000000e-09 -3.088759816651e-01 
 2.992800000000e-09 -2.411977991255e-01 
 3.002800000000e-09 -1.458304353847e-01 
 3.012800000000e-09 -3.295390459993e-02 
 3.022800000000e-09  8.561046863712e-02 
 3.032800000000e-09  1.962245839125e-01 
 3.042800000000e-09  2.847408487604e-01 
 3.052800000000e-09  3.392745555882e-01 
 3.062800000000e-09  3.528105233647e-01 
 3.072800000000e-09  3.243714436449e-01 
 3.082800000000e-09  2.582991532372e-01 
 3.092800000000e-09  1.627050749007e-01 
 3.102800000000e-09  4.788277703800e-02 
 3.112800000000e-09 -7.425678345195e-02 
 3.122800000000e-09 -1.898793366352e-01 
 3.132800000000e-09 -2.843063883934e-01 
 3.142800000000e-09 -3.448268690228e-01 
 3.152800000000e-09 -3.635538275104e-01 
 3.162800000000e-09 -3.388780249945e-01 
 3.172800000000e-09 -2.748323702097e-01 
 3.182800000000e-09 -1.794745804675e-01 
 3.192800000000e-09 -6.318956673120e-02 
 3.202800000000e-09  6.204897726518e-02 
 3.212800000000e-09  1.822798745559e-01 
 3.222800000000e-09  2.823761077880e-01 
 3.232800000000e-09  3.488470892772e-01 
 3.242800000000e-09  3.729240635784e-01 
 3.252800000000e-09  3.523168415914e-01 
 3.262800000000e-09  2.906982742632e-01 
 3.272800000000e-09  1.960260593501e-01 
 3.282800000000e-09  7.875331760151e-02 
 3.292800000000e-09 -4.910501096738e-02 
 3.302800000000e-09 -1.735228333178e-01 
 3.312800000000e-09 -2.790093391101e-01 
 3.322800000000e-09 -3.513514583492e-01 
 3.332800000000e-09 -3.808988641517e-01 
 3.342800000000e-09 -3.646355256600e-01 
 3.352800000000e-09 -3.058207969206e-01 
 3.362800000000e-09 -2.122650412892e-01 
 3.372800000000e-09 -9.446447463039e-02 
 3.382800000000e-09  3.554127101075e-02 
 3.392800000000e-09  1.637144372838e-01 
 3.402800000000e-09  2.742845451998e-01 
 3.412800000000e-09  3.523808338983e-01 
 3.422800000000e-09  3.874816001399e-01 
 3.432800000000e-09  3.758055177794e-01 
 3.442800000000e-09  3.201443824150e-01 
 3.452800000000e-09  2.281140093281e-01 
 3.462800000000e-09  1.102253626816e-01 
 3.472800000000e-09 -2.146947503915e-02 
 3.482800000000e-09 -1.529649824594e-01 
 3.492800000000e-09 -2.682924235432e-01 
 3.502800000000e-09 -3.519938038649e-01 
 3.512800000000e-09 -3.926958311712e-01 
 3.522800000000e-09 -3.858183543593e-01 
 3.532800000000e-09 -3.336325227620e-01 
 3.542800000000e-09 -2.435127492898e-01 
 3.552800000000e-09 -1.259522087395e-01 
 3.562800000000e-09  6.993225974364e-03 
 3.572800000000e-09  1.413845942115e-01 
 3.582800000000e-09  2.611319479513e-01 
 3.592800000000e-09  3.502615824467e-01 
 3.602800000000e-09  3.965788107841e-01 
 3.612800000000e-09  3.946801188026e-01 
 3.622800000000e-09  3.462631804256e-01 
 3.632800000000e-09  2.584149998527e-01 
 3.642800000000e-09  1.415742001607e-01 
 3.652800000000e-09  7.794180166718e-03 
 3.662800000000e-09 -1.290779306744e-01 
 3.672800000000e-09 -2.529014126644e-01 
 3.682800000000e-09 -3.472637765168e-01 
 3.692800000000e-09 -3.991842764895e-01 
 3.702800000000e-09 -4.024141903954e-01 
 3.712800000000e-09 -3.580352974857e-01 
 3.722800000000e-09 -2.727953959688e-01 
 3.732800000000e-09 -1.570371680077e-01 
 3.742800000000e-09 -2.281032590037e-02 
 3.752800000000e-09  1.161469480233e-01 
 3.762800000000e-09  2.437062984927e-01 
 3.772800000000e-09  3.430906884035e-01 
 3.782800000000e-09  4.005765542268e-01 
 3.792800000000e-09  4.090535923903e-01 
 3.802800000000e-09  3.689414764022e-01 
 3.812800000000e-09  2.866141200353e-01 
 3.822800000000e-09  1.722804742568e-01 
 3.832800000000e-09  3.797371515058e-02 
 3.842800000000e-09 -1.026861856479e-01 
 3.852800000000e-09 -2.336391471032e-01 
 3.862800000000e-09 -3.378169464222e-01 
 3.872800000000e-09 -4.008032185747e-01 
 3.882800000000e-09 -4.146206336562e-01 
 3.892800000000e-09 -3.789906090008e-01 
 3.902800000000e-09 -2.998625046119e-01 
 3.912800000000e-09 -1.872684162855e-01 
 3.922800000000e-09 -5.322110177276e-02 
 3.932800000000e-09  8.878180171163e-02 
 3.942800000000e-09  2.227955736673e-01 
 3.952800000000e-09  3.315311465176e-01 
 3.962800000000e-09  3.999336948292e-01 
 3.972800000000e-09  4.191594494501e-01 
 3.982800000000e-09  3.881972255581e-01 
 3.992800000000e-09  3.125278917963e-01 
 4.002800000000e-09  2.019665493870e-01 
 4.012800000000e-09  6.849456062938e-02 
 4.022800000000e-09 -7.451182139398e-02 
 4.032800000000e-09 -2.112617352325e-01 
 4.042800000000e-09 -3.243124258760e-01 
 4.052800000000e-09 -3.980285594691e-01 
 4.062800000000e-09 -4.227079341409e-01 
 4.072800000000e-09 -3.965757476972e-01 
 4.082800000000e-09 -3.246021657724e-01 
 4.092800000000e-09 -2.163465692231e-01 
 4.102800000000e-09 -8.374446660998e-02 
 4.112800000000e-09  5.994541584278e-02 
 4.122800000000e-09  1.991163949176e-01 
 4.132800000000e-09  3.162351597317e-01 
 4.142800000000e-09  3.951461238328e-01 
 4.152800000000e-09  4.253039812626e-01 
 4.162800000000e-09  4.041423959426e-01 
 4.172800000000e-09  3.360809874422e-01 
 4.182800000000e-09  2.303869784710e-01 
 4.192800000000e-09  9.892871790420e-02 
 4.202800000000e-09 -4.514480042105e-02 
 4.212800000000e-09 -1.864322467201e-01 
 4.222800000000e-09 -3.073695907059e-01 
 4.232800000000e-09 -3.913426276790e-01 
 4.242800000000e-09 -4.269851718989e-01 
 4.252800000000e-09 -4.109144830416e-01 
 4.262800000000e-09 -3.469626233228e-01 
 4.272800000000e-09 -2.440694438391e-01 
 4.282800000000e-09 -1.140112437080e-01 
 4.292800000000e-09  3.016427256187e-02 
 4.302800000000e-09  1.732748492743e-01 
 4.312800000000e-09  2.977810588837e-01 
 4.322800000000e-09  3.866717226463e-01 
 4.332800000000e-09  4.277884053074e-01 
 4.342800000000e-09  4.169103845858e-01 
 4.352800000000e-09  3.572481356381e-01 
 4.362800000000e-09  2.573799610476e-01 
 4.372800000000e-09  1.289615869067e-01 
 4.382800000000e-09 -1.505181684004e-02 
 4.392800000000e-09 -1.597038633016e-01 
 4.402800000000e-09 -2.875309309446e-01 
 4.412800000000e-09 -3.811829343603e-01 
 4.422800000000e-09 -4.277457326716e-01 
 4.432800000000e-09 -4.221461667410e-01 
 4.442800000000e-09 -3.669385405661e-01 
 4.452800000000e-09 -2.703063831360e-01 
 4.462800000000e-09 -1.437537807672e-01 
 4.472800000000e-09 -1.512821034775e-04 
 4.482800000000e-09  1.457714786734e-01 
 4.492800000000e-09  2.766724913191e-01 
 4.502800000000e-09  3.749247302859e-01 
 4.512800000000e-09  4.268954475763e-01 
 4.522800000000e-09  4.266426191303e-01 
 4.532800000000e-09  3.760386644505e-01 
 4.542800000000e-09  2.828387017177e-01 
 4.552800000000e-09  1.583631753358e-01 
 4.562800000000e-09  1.540427923063e-02 
 4.572800000000e-09 -1.315309694577e-01 
 4.582800000000e-09 -2.652627993709e-01 
 4.592800000000e-09 -3.679447825844e-01 
 4.602800000000e-09 -4.252690603628e-01 
 4.612800000000e-09 -4.304164881521e-01 
 4.622800000000e-09 -3.845510243550e-01 
 4.632800000000e-09 -2.949664633767e-01 
 4.642800000000e-09 -1.727674838214e-01 
 4.652800000000e-09 -3.067142891375e-02 
 4.662800000000e-09  1.170292026169e-01 
 4.672800000000e-09  2.533518164096e-01 
 4.682800000000e-09  3.602859667339e-01 
 4.692800000000e-09  4.228958049607e-01 
 4.702800000000e-09  4.334826456340e-01 
 4.712800000000e-09  3.924770370529e-01 
 4.722800000000e-09  3.066789548725e-01 
 4.732800000000e-09  1.869458653249e-01 
 4.742800000000e-09  4.592005786394e-02 
 4.752800000000e-09 -1.023093492719e-01 
 4.762800000000e-09 -2.409858341971e-01 
 4.772800000000e-09 -3.519880427240e-01 
 4.782800000000e-09 -4.198022375687e-01 
 4.792800000000e-09 -4.358541114834e-01 
 4.802800000000e-09 -3.998170567621e-01 
 4.812800000000e-09 -3.179654230695e-01 
 4.822800000000e-09 -2.008790986678e-01 
 4.832800000000e-09 -6.112067306747e-02 
 4.842800000000e-09  8.741077697281e-02 
 4.852800000000e-09  2.282074012927e-01 
 4.862800000000e-09  3.430877145863e-01 
 4.872800000000e-09  4.160124976195e-01 
 4.882800000000e-09  4.375423445276e-01 
 4.892800000000e-09  4.065706974258e-01 
 4.902800000000e-09  3.288155019271e-01 
 4.912800000000e-09  2.145498617829e-01 
 4.922800000000e-09  7.624714069434e-02 
 4.932800000000e-09 -7.236888037584e-02 
 4.942800000000e-09 -2.150552674976e-01 
 4.952800000000e-09 -3.336188255999e-01 
 4.962800000000e-09 -4.115488339120e-01 
 4.972800000000e-09 -4.385578475166e-01 
 4.982800000000e-09 -4.127374643487e-01 
 4.992800000000e-09 -3.392197881026e-01 
 5.002800000000e-09 -2.279425715350e-01 
 5.012800000000e-09 -9.127677202369e-02 
 5.022800000000e-09  5.721456609527e-02 
 5.032800000000e-09  2.015640572622e-01 
 5.042800000000e-09  3.236123663199e-01 
 5.052800000000e-09  4.064319988785e-01 
 5.062800000000e-09  4.389106889879e-01 
 5.072800000000e-09  4.183174115424e-01 
 5.082800000000e-09  3.491704969204e-01 
 5.092800000000e-09  2.410452689147e-01 
 5.102800000000e-09  1.061900051480e-01 
 5.112800000000e-09 -4.197673086003e-02 
 5.122800000000e-09 -1.877667876721e-01 
 5.132800000000e-09 -3.130985921788e-01 
 5.142800000000e-09 -4.006828331067e-01 
 5.152800000000e-09 -4.386112190026e-01 
 5.162800000000e-09 -4.233109457293e-01 
 5.172800000000e-09 -3.586603702084e-01 
 5.182800000000e-09 -2.538452738682e-01 
 5.192800000000e-09 -1.209685545901e-01 
 5.202800000000e-09  2.668110817932e-02 
 5.212800000000e-09  1.736937213315e-01 
 5.222800000000e-09  3.021065855349e-01 
 5.232800000000e-09  3.943200222698e-01 
 5.242800000000e-09  4.376660109931e-01 
 5.252800000000e-09  4.277164264644e-01 
 5.262800000000e-09  3.676816042125e-01 
 5.272800000000e-09  2.663309979710e-01 
 5.282800000000e-09  1.355965581023e-01 
 5.292800000000e-09 -1.134988128228e-02 
 5.302800000000e-09 -1.593709736262e-01 
 5.312800000000e-09 -2.906607251350e-01 
 5.322800000000e-09 -3.873646716596e-01 
 5.332800000000e-09 -4.360905580894e-01 
 5.342800000000e-09 -4.315364873872e-01 
 5.352800000000e-09 -3.762296584953e-01 
 5.362800000000e-09 -2.784938834995e-01 
 5.372800000000e-09 -1.500587390118e-01 
 5.382800000000e-09 -3.993242126545e-03 
 5.392800000000e-09  1.448288137425e-01 
 5.402800000000e-09  2.787923398741e-01 
 5.412800000000e-09  3.798396279307e-01 
 5.422800000000e-09  4.338956652086e-01 
 5.432800000000e-09  4.347790318768e-01 
 5.442800000000e-09  3.843017023314e-01 
 5.452800000000e-09  2.903174502135e-01 
 5.462800000000e-09  1.643346551977e-01 
 5.472800000000e-09  1.932171165299e-02 
 5.482800000000e-09 -1.300982095767e-01 
 5.492800000000e-09 -2.665312012718e-01 
 5.502800000000e-09 -3.717662516733e-01 
 5.512800000000e-09 -4.310904614696e-01 
 5.522800000000e-09 -4.374366510966e-01 
 5.532800000000e-09 -3.918854729283e-01 
 5.542800000000e-09 -3.017913277728e-01 
 5.552800000000e-09 -1.784093014751e-01 
 5.562800000000e-09 -3.461467135361e-02 
 5.572800000000e-09  1.152055650737e-01 
 5.582800000000e-09  2.539042518460e-01 
 5.592800000000e-09  3.631652047667e-01 
 5.602800000000e-09  4.276850402391e-01 
 5.612800000000e-09  4.395121717226e-01 
 5.622800000000e-09  3.989752259023e-01 
 5.632800000000e-09  3.129015471250e-01 
 5.642800000000e-09  1.922657744166e-01 
 5.652800000000e-09  4.985032423161e-02 
 5.662800000000e-09 -1.001776333338e-01 
 5.672800000000e-09 -2.409382120646e-01 
 5.682800000000e-09 -3.540564178374e-01 
 5.692800000000e-09 -4.236880245063e-01 
 5.702800000000e-09 -4.410046211838e-01 
 5.712800000000e-09 -4.055623585005e-01 
 5.722800000000e-09 -3.236341689451e-01 
 5.732800000000e-09 -2.058878156358e-01 
 5.742800000000e-09 -6.500832253801e-02 
 5.752800000000e-09  8.503958456332e-02 
 5.762800000000e-09  2.276584187636e-01 
 5.772800000000e-09  3.444589687986e-01 
 5.782800000000e-09  4.191075078604e-01 
 5.792800000000e-09  4.419127953586e-01 
 5.802800000000e-09  4.116382349850e-01 
 5.812800000000e-09  3.339756781981e-01 
 5.822800000000e-09  2.192602748367e-01 
 5.832800000000e-09  8.007015182861e-02 
 5.842800000000e-09 -6.981460242696e-02 
 5.852800000000e-09 -2.140885508030e-01 
 5.862800000000e-09 -3.343910887387e-01 
 5.872800000000e-09 -4.139514548939e-01 
 5.882800000000e-09 -4.422357952904e-01 
 5.892800000000e-09 -4.171948376632e-01 
 5.902800000000e-09 -3.439136177690e-01 
 5.912800000000e-09 -2.323690712516e-01 
 5.922800000000e-09 -9.501939946727e-02 
 5.932800000000e-09  5.452316235154e-02 
 5.942800000000e-09  2.002501495867e-01 
 5.952800000000e-09  3.238700845774e-01 
 5.962800000000e-09  4.082280413986e-01 
 5.972800000000e-09  4.419735145610e-01 
 5.982800000000e-09  4.222253705184e-01 
 5.992800000000e-09  3.534371826984e-01 
 6.002800000000e-09  2.452031380143e-01 
 6.012800000000e-09  1.098414952480e-01 
 6.022800000000e-09 -3.918549648588e-02 
 6.032800000000e-09 -1.861650868243e-01 
 6.042800000000e-09 -3.129143693664e-01 
 6.052800000000e-09 -4.019471139361e-01 
 6.062800000000e-09 -4.411272252448e-01 
 6.072800000000e-09 -4.267239575850e-01 
 6.082800000000e-09 -3.625360601786e-01 
 6.092800000000e-09 -2.577499590882e-01 
 6.102800000000e-09 -1.245218929251e-01 
 6.112800000000e-09  2.382024303153e-02 
 6.122800000000e-09  1.718542403726e-01 
 6.132800000000e-09  3.015428773306e-01 
 6.142800000000e-09  3.951177155830e-01 
 6.152800000000e-09  4.396952300290e-01 
 6.162800000000e-09  4.306830260387e-01 
 6.172800000000e-09  3.711992402389e-01 
 6.182800000000e-09  2.699975382054e-01 
 6.192800000000e-09  1.390474555981e-01 
 6.202800000000e-09 -8.443844945959e-03 
 6.212800000000e-09 -1.573358230701e-01 
 6.222800000000e-09 -2.897711505159e-01 
 6.232800000000e-09 -3.877526133680e-01 
 6.242800000000e-09 -4.376859567944e-01 
 6.252800000000e-09 -4.341018279989e-01 
 6.262800000000e-09 -3.794197634388e-01 
 6.272800000000e-09 -2.819344543512e-01 
 6.282800000000e-09 -1.534028571290e-01 
 6.292800000000e-09 -6.922651607516e-03 
 6.302800000000e-09  1.426351935734e-01 
 6.312800000000e-09  2.776241909702e-01 
 6.322800000000e-09  3.798676938782e-01 
 6.332800000000e-09  4.351032303642e-01 
 6.342800000000e-09  4.369765444666e-01 
 6.352800000000e-09  3.871881638181e-01 
 6.362800000000e-09  2.935476122762e-01 
 6.372800000000e-09  1.675727508497e-01 
 6.382800000000e-09  2.225984655511e-02 
 6.392800000000e-09 -1.277751555233e-01 
 6.402800000000e-09 -2.651237594274e-01 
 6.412800000000e-09 -3.714776445739e-01 
 6.422800000000e-09 -4.319514245822e-01 
 6.432800000000e-09 -4.393031245083e-01 
 6.442800000000e-09 -3.944943155927e-01 
 6.452800000000e-09 -3.048228746035e-01 
 6.462800000000e-09 -1.815411184842e-01 
 6.472800000000e-09 -3.754810641222e-02 
 6.482800000000e-09  1.127788542659e-01 
 6.492800000000e-09  2.522920201064e-01 
 6.502800000000e-09  3.625975297940e-01 
 6.512800000000e-09  4.282347935243e-01 
 6.522800000000e-09  4.410771438861e-01 
 6.532800000000e-09  4.013274375816e-01 
 6.542800000000e-09  3.157453968318e-01 
 6.552800000000e-09  1.952917944759e-01 
 6.562800000000e-09  5.276821625524e-02 
 6.572800000000e-09 -9.766903397869e-02 
 6.582800000000e-09 -2.391508497209e-01 
 6.592800000000e-09 -3.532423418012e-01 
 6.602800000000e-09 -4.239574217545e-01 
 6.612800000000e-09 -4.422940102415e-01 
 6.622800000000e-09 -4.076765083540e-01 
 6.632800000000e-09 -3.263002663401e-01 
 6.642800000000e-09 -2.088091165789e-01 
 6.652800000000e-09 -6.790203182329e-02 
 6.662800000000e-09  8.246736536394e-02 
 6.672800000000e-09  2.257213051478e-01 
 6.682800000000e-09  3.434267777199e-01 
 6.692800000000e-09  4.191234130641e-01 
 6.702800000000e-09  4.429493492278e-01 
 6.712800000000e-09  4.135308160502e-01 
 6.722800000000e-09  3.364731797072e-01 
 6.732800000000e-09  2.220784821969e-01 
 6.742800000000e-09  8.293296363191e-02 
 6.752800000000e-09 -6.719397809053e-02 
 6.762800000000e-09 -2.120233502837e-01 
 6.772800000000e-09 -3.331653064477e-01 
 6.782800000000e-09 -4.137373504126e-01 
 6.792800000000e-09 -4.430395664121e-01 
 6.802800000000e-09 -4.188805621239e-01 
 6.812800000000e-09 -3.462509788090e-01 
 6.822800000000e-09 -2.350861963022e-01 
 6.832800000000e-09 -9.784616347207e-02 
 6.842800000000e-09  5.186677102804e-02 
 6.852800000000e-09  1.980753531084e-01 
 6.862800000000e-09  3.224720078308e-01 
 6.872800000000e-09  4.078045304660e-01 
 6.882800000000e-09  4.425622386528e-01 
 6.892800000000e-09  4.237174162839e-01 
 6.902800000000e-09  3.556222240079e-01 
 6.912800000000e-09  2.478214289822e-01 
 6.922800000000e-09  1.126282749027e-01 
 6.932800000000e-09 -3.650389200192e-02 
 6.942800000000e-09 -1.838965780132e-01 
 6.952800000000e-09 -3.113626340169e-01 
 6.962800000000e-09 -4.013324152986e-01 
 6.972800000000e-09 -4.415166560238e-01 
 6.982800000000e-09 -4.280341217069e-01 
 6.992800000000e-09 -3.645759233627e-01 
 7.002800000000e-09 -2.602716463062e-01 
 7.012800000000e-09 -1.272655613120e-01 
 7.022800000000e-09  2.112237240229e-02 
 7.032800000000e-09  1.695058138429e-01 
 7.042800000000e-09  2.998539431549e-01 
 7.052800000000e-09  3.943280279367e-01 
 7.062800000000e-09  4.398993093643e-01 
 7.072800000000e-09  4.318217779156e-01 
 7.082800000000e-09  3.731002985676e-01 
 7.092800000000e-09  2.724246311318e-01 
 7.102800000000e-09  1.417453818905e-01 
 7.112800000000e-09 -5.737447246386e-03 
 7.122800000000e-09 -1.549196119677e-01 
 7.132800000000e-09 -2.879596008288e-01 
 7.142800000000e-09 -3.868023851587e-01 
 7.152800000000e-09 -4.377171193758e-01 
 7.162800000000e-09 -4.350784433278e-01 
 7.172800000000e-09 -3.811876094705e-01 
 7.182800000000e-09 -2.842686115306e-01 
 7.192800000000e-09 -1.560526698984e-01 
 7.202800000000e-09 -9.630721894052e-03 
 7.212800000000e-09  1.401620410541e-01 
 7.222800000000e-09  2.757031492658e-01 
 7.232800000000e-09  3.787698985420e-01 
 7.242800000000e-09  4.349724451679e-01 
 7.252800000000e-09  4.377986706930e-01 
 7.262800000000e-09  3.888303029062e-01 
 7.272800000000e-09  2.957955957980e-01 
 7.282800000000e-09  1.701764444201e-01 
 7.292800000000e-09  2.496631254165e-02 
 7.302800000000e-09 -1.252536517970e-01 
 7.312800000000e-09 -2.631057505837e-01 
 7.322800000000e-09 -3.702464231686e-01 
 7.332800000000e-09 -4.316722796643e-01 
 7.342800000000e-09 -4.399834644056e-01 
 7.352800000000e-09 -3.960142955135e-01 
 7.362800000000e-09 -3.069792156020e-01 
 7.372800000000e-09 -1.840921329441e-01 
 7.382800000000e-09 -4.024465312313e-02 
 7.392800000000e-09  1.102185700292e-01 
 7.402800000000e-09  2.501863581066e-01 
 7.412800000000e-09  3.612400301604e-01 
 7.422800000000e-09  4.278110365266e-01 
 7.432800000000e-09  4.416157204039e-01 
 7.442800000000e-09  4.027255893863e-01 
 7.452800000000e-09  3.178109300383e-01 
 7.462800000000e-09  1.977882080296e-01 
 7.472800000000e-09  5.545003920097e-02 
 7.482800000000e-09 -9.507772285466e-02 
 7.492800000000e-09 -2.369670016189e-01 
 7.502800000000e-09 -3.517678698255e-01 
 7.512800000000e-09 -4.233965438302e-01 
 7.522800000000e-09 -4.426960879380e-01 
 7.532800000000e-09 -4.089556052812e-01 
 7.542800000000e-09 -3.282753451331e-01 
 7.552800000000e-09 -2.112492423093e-01 
 7.562800000000e-09 -7.056498591470e-02 
 7.572800000000e-09  7.985180762298e-02 
 7.582800000000e-09  2.234676159730e-01 
 7.592800000000e-09  3.418435788486e-01 
 7.602800000000e-09  4.184320142984e-01 
 7.612800000000e-09  4.432195340569e-01 
 7.622800000000e-09  4.146932562317e-01 
 7.632800000000e-09  3.383581170104e-01 
 7.642800000000e-09  2.244605342930e-01 
 7.652800000000e-09  8.557369533741e-02 
 7.662800000000e-09 -6.455935876285e-02 
 7.672800000000e-09 -2.097065219150e-01 
 7.682800000000e-09 -3.314802622305e-01 
 7.692800000000e-09 -4.129210656018e-01 
 7.702800000000e-09 -4.431819140310e-01 
 7.712800000000e-09 -4.199286512815e-01 
 7.722800000000e-09 -3.480464565482e-01 
 7.732800000000e-09 -2.374103627089e-01 
 7.742800000000e-09 -1.004620810653e-01 
 7.752800000000e-09  4.921892000861e-02 
 7.762800000000e-09  1.957026565120e-01 
 7.772800000000e-09  3.206923491044e-01 
 7.782800000000e-09  4.068691357019e-01 
 7.792800000000e-09  4.425806193361e-01 
 7.802800000000e-09  4.246529453427e-01 
 7.812800000000e-09  3.573281933712e-01 
 7.822800000000e-09  2.500857519165e-01 
 7.832800000000e-09  1.152162675220e-01 
 7.842800000000e-09 -3.384740213604e-02 
 7.852800000000e-09 -1.814739877916e-01 
 7.862800000000e-09 -3.094948513159e-01 
 7.872800000000e-09 -4.002810311092e-01 
 7.882800000000e-09 -4.414104854295e-01 
 7.892800000000e-09 -4.288560048413e-01 
 7.902800000000e-09 -3.661908913129e-01 
 7.912800000000e-09 -2.624746653675e-01 
 7.922800000000e-09 -1.298240808820e-01 
 7.932800000000e-09  1.845938174008e-02 
 7.942800000000e-09  1.670358342243e-01 
 7.952800000000e-09  2.978999002007e-01 
 7.962800000000e-09  3.931659523866e-01 
 7.972800000000e-09  4.396768318927e-01 
 7.982800000000e-09  4.325349166874e-01 
 7.992800000000e-09  3.746265049379e-01 
 8.002800000000e-09  2.745658703239e-01 
 8.012800000000e-09  1.442712105336e-01 
 8.022800000000e-09 -3.074175083289e-03 
 8.032800000000e-09 -1.524109402537e-01 
 8.042800000000e-09 -2.859292372122e-01 
 8.052800000000e-09 -3.855364971031e-01 
 8.062800000000e-09 -4.373810478985e-01 
 8.072800000000e-09 -4.356842281082e-01 
 8.082800000000e-09 -3.826249240167e-01 
 8.092800000000e-09 -2.863466899835e-01 
 8.102800000000e-09 -1.585433199019e-01 
 8.112800000000e-09 -1.229033379224e-02 
 8.122800000000e-09  1.376198876307e-01 
 8.132800000000e-09  2.736020105639e-01 
 8.142800000000e-09  3.774047762665e-01 
 8.152800000000e-09  4.345255842750e-01 
 8.162800000000e-09  4.382986496910e-01 
 8.172800000000e-09  3.901756032086e-01 
 8.182800000000e-09  2.978033597916e-01 
 8.192800000000e-09  1.726251141745e-01 
 8.202800000000e-09  2.761554597422e-02 
 8.212800000000e-09 -1.226842298236e-01 
 8.222800000000e-09 -2.609384683785e-01 
 8.232800000000e-09 -3.687839046723e-01 
 8.242800000000e-09 -4.311131871719e-01 
 8.252800000000e-09 -4.403727242946e-01 
 8.262800000000e-09 -3.972673329821e-01 
 8.272800000000e-09 -3.089211212561e-01 
 8.282800000000e-09 -1.865006802775e-01 
 8.292800000000e-09 -4.288266761724e-02 
 8.302800000000e-09  1.076258341891e-01 
 8.312800000000e-09  2.479592572846e-01 
 8.322800000000e-09  3.596874303323e-01 
 8.332800000000e-09  4.271466448232e-01 
 8.342800000000e-09  4.419008246186e-01 
 8.352800000000e-09  4.038884602047e-01 
 8.362800000000e-09  3.196847284919e-01 
 8.372800000000e-09  2.001541073205e-01 
 8.382800000000e-09  5.807339869253e-02 
 8.392800000000e-09 -9.246613621535e-02 
 8.402800000000e-09 -2.346847602191e-01 
 8.412800000000e-09 -3.501289279294e-01 
 8.422800000000e-09 -4.226287713043e-01 
 8.432800000000e-09 -4.428773703294e-01 
 8.442800000000e-09 -4.100273202144e-01 
 8.452800000000e-09 -3.300791091017e-01 
 8.462800000000e-09 -2.135701540363e-01 
 8.472800000000e-09 -7.317061073060e-02 
 8.482800000000e-09  7.722543824558e-02 
 8.492800000000e-09  2.211345690001e-01 
 8.502800000000e-09  3.401218334784e-01 
 8.512800000000e-09  4.175626977762e-01 
 8.522800000000e-09  4.432973178943e-01 
 8.532800000000e-09  4.156728596548e-01 
 8.542800000000e-09  3.400900357064e-01 
 8.552800000000e-09  2.267343198056e-01 
 8.562800000000e-09  8.815882639761e-02 
 8.572800000000e-09 -6.192190117279e-02 
 8.582800000000e-09 -2.073266806184e-01 
 8.592800000000e-09 -3.296790774300e-01 
 8.602800000000e-09 -4.119520256561e-01 
 8.612800000000e-09 -4.431565830863e-01 
 8.622800000000e-09 -4.208153160940e-01 
 8.632800000000e-09 -3.497049186234e-01 
 8.642800000000e-09 -2.396351158439e-01 
 8.652800000000e-09 -1.030242662867e-01 
 8.662800000000e-09  4.657375017375e-02 
 8.672800000000e-09  1.932798072068e-01 
 8.682800000000e-09  3.188150600063e-01 
 8.692800000000e-09  4.058023315051e-01 
 8.702800000000e-09  4.424527249009e-01 
 8.712800000000e-09  4.254460147306e-01 
 8.722800000000e-09  3.589117592372e-01 
 8.732800000000e-09  2.522596755824e-01 
 8.742800000000e-09  1.177531969515e-01 
 8.752800000000e-09 -3.119772034414e-02 
 8.762800000000e-09 -1.790118226576e-01 
 8.772800000000e-09 -3.075448721459e-01 
 8.782800000000e-09 -3.991186223295e-01 
 8.792800000000e-09 -4.411807184744e-01 
 8.802800000000e-09 -4.295549505177e-01 
 8.812800000000e-09 -3.676982144515e-01 
 8.822800000000e-09 -2.645959611911e-01 
 8.832800000000e-09 -1.323334556487e-01 
 8.842800000000e-09  1.580835485560e-02 
 8.852800000000e-09  1.645380903119e-01 
 8.862800000000e-09  2.958807523257e-01 
 8.872800000000e-09  3.919102930701e-01 
 8.882800000000e-09  4.393460704589e-01 
 8.892800000000e-09  4.331393088066e-01 
 8.902800000000e-09  3.760562520018e-01 
 8.912800000000e-09  2.766326280215e-01 
 8.922800000000e-09  1.467506304699e-01 
 8.932800000000e-09 -4.250340648220e-04 
 8.942800000000e-09 -1.498814753218e-01 
 8.952800000000e-09 -2.838446469725e-01 
 8.962800000000e-09 -3.841901597936e-01 
 8.972800000000e-09 -4.369502380809e-01 
 8.982800000000e-09 -4.361936374015e-01 
 8.992800000000e-09 -3.839756746552e-01 
 9.002800000000e-09 -2.883568144612e-01 
 9.012800000000e-09 -1.609902361229e-01 
 9.022800000000e-09 -1.493426695204e-02 
 9.032800000000e-09  1.350626854065e-01 
 9.042800000000e-09  2.714558537494e-01 
 9.052800000000e-09  3.759704694491e-01 
 9.062800000000e-09  4.339956829129e-01 
 9.072800000000e-09  4.387125782718e-01 
 9.082800000000e-09  3.914457875255e-01 
 9.092800000000e-09  2.997545476049e-01 
 9.102800000000e-09  1.750368447439e-01 
 9.112800000000e-09  3.025090563930e-02 
 9.122800000000e-09 -1.201033223589e-01 
 9.132800000000e-09 -2.587346679764e-01 
 9.142800000000e-09 -3.672643739165e-01 
 9.152800000000e-09 -4.304851018512e-01 
 9.162800000000e-09 -4.406905870255e-01 
 9.172800000000e-09 -3.984552502980e-01 
 9.182800000000e-09 -3.108109331442e-01 
 9.192800000000e-09 -1.888745069715e-01 
 9.202800000000e-09 -4.550615322547e-02 
 9.212800000000e-09  1.050251865582e-01 
 9.222800000000e-09  2.457016803194e-01 
 9.232800000000e-09  3.580853912003e-01 
 9.242800000000e-09  4.264212259692e-01 
 9.252800000000e-09  4.421219746219e-01 
 9.262800000000e-09  4.049923374018e-01 
 9.272800000000e-09  3.215106889272e-01 
 9.282800000000e-09  2.024873854971e-01 
 9.292800000000e-09  6.068189275264e-02 
 9.302800000000e-09 -8.984951890349e-02 
 9.312800000000e-09 -2.323771124437e-01 
 9.322800000000e-09 -3.484470187498e-01 
 9.332800000000e-09 -4.218068446771e-01 
 9.342800000000e-09 -4.430011752345e-01 
 9.352800000000e-09 -4.110454198547e-01 
 9.362800000000e-09 -3.318388354661e-01 
 9.372800000000e-09 -2.158604159262e-01 
 9.382800000000e-09 -7.576126368702e-02 
 9.392800000000e-09  7.459635067321e-02 
 9.402800000000e-09  2.187803546417e-01 
 9.412800000000e-09  3.383626320865e-01 
 9.422800000000e-09  4.166451449608e-01 
 9.432800000000e-09  4.433232526605e-01 
 9.442800000000e-09  4.166035788461e-01 
 9.452800000000e-09  3.417813278764e-01 
 9.462800000000e-09  2.289793181866e-01 
 9.472800000000e-09  9.072907027793e-02 
 9.482800000000e-09 -5.928356451164e-02 
 9.492800000000e-09 -2.049292245104e-01 
 9.502800000000e-09 -3.278451605165e-01 
 9.512800000000e-09 -4.109398829193e-01 
 9.522800000000e-09 -4.430843213435e-01 
 9.532800000000e-09 -4.216572638038e-01 
 9.542800000000e-09 -3.513258022418e-01 
 9.552800000000e-09 -2.418328000298e-01 
 9.562800000000e-09 -1.055717592301e-01 
 9.572800000000e-09  4.392917600652e-02 
 9.582800000000e-09  1.908423338357e-01 
 9.592800000000e-09  3.169090962204e-01 
 9.602800000000e-09  4.046968839963e-01 
 9.612800000000e-09  4.422821957219e-01 
 9.622800000000e-09  4.261980373292e-01 
 9.632800000000e-09  3.604604658989e-01 
 9.642800000000e-09  2.544081015447e-01 
 9.652800000000e-09  1.202756931784e-01 
 9.662800000000e-09 -2.854983166145e-02 
 9.672800000000e-09 -1.765375820631e-01 
 9.682800000000e-09 -3.055697413611e-01 
 9.692800000000e-09 -3.979214766865e-01 
 9.702800000000e-09 -4.409120826697e-01 
 9.712800000000e-09 -4.302160732590e-01 
 9.722800000000e-09 -3.691730769817e-01 
 9.732800000000e-09 -2.666931533782e-01 
 9.742800000000e-09 -1.348286608233e-01 
 9.752800000000e-09  1.316012311674e-02 
 9.762800000000e-09  1.620304705737e-01 
 9.772800000000e-09  2.938395272978e-01 
 9.782800000000e-09  3.906233203802e-01 
 9.792800000000e-09  4.389797297342e-01 
 9.802800000000e-09  4.337086955425e-01 
 9.812800000000e-09  3.774556362089e-01 
 9.822800000000e-09  2.786764993134e-01 
 9.832800000000e-09  1.492161246502e-01 
 9.842800000000e-09  2.220455486797e-03 
 9.852800000000e-09 -1.473440556006e-01 
 9.862800000000e-09 -2.817406830874e-01 
 9.872800000000e-09 -3.828155205010e-01 
 9.882800000000e-09 -4.364867186951e-01 
 9.892800000000e-09 -4.366704863668e-01 
 9.902800000000e-09 -3.852978706559e-01 
 9.912800000000e-09 -2.903450872155e-01 
 9.922800000000e-09 -1.634234304689e-01 
 9.932800000000e-09 -1.757380383480e-02 
 9.942800000000e-09  1.324992136016e-01 
 9.952800000000e-09  2.692926991180e-01 
 9.962800000000e-09  3.745105012390e-01 
 9.972800000000e-09  4.334355623894e-01 
 9.982800000000e-09  4.390960566878e-01 
 9.992800000000e-09  3.926889652193e-01 
 1.000000000000e-08  3.307010095973e-01 
