 1.628000000000e-10 -1.027278379983e-02 
 1.728000000000e-10 -2.569803614980e-02 
 1.828000000000e-10 -3.750178253136e-02 
 1.928000000000e-10 -4.365343948472e-02 
 2.028000000000e-10 -4.296867575583e-02 
 2.128000000000e-10 -3.532608022300e-02 
 2.228000000000e-10 -2.171989953491e-02 
 2.328000000000e-10 -4.134792364022e-03 
 2.428000000000e-10  1.473123579490e-02 
 2.528000000000e-10  3.187078526105e-02 
 2.628000000000e-10  4.444188469626e-02 
 2.728000000000e-10  5.024796352287e-02 
 2.828000000000e-10  4.812393127191e-02 
 2.928000000000e-10  3.815781379635e-02 
 3.028000000000e-10  2.170139661054e-02 
 3.128000000000e-10  1.187383650395e-03 
 3.228000000000e-10 -2.022008218184e-02 
 3.328000000000e-10 -3.909573389075e-02 
 3.428000000000e-10 -5.229722918080e-02 
 3.528000000000e-10 -5.749300252583e-02 
 3.628000000000e-10 -5.357804562789e-02 
 3.728000000000e-10 -4.088512402234e-02 
 3.828000000000e-10 -2.116602193840e-02 
 3.928000000000e-10  2.647048174652e-03 
 4.028000000000e-10  2.685570129922e-02 
 4.128000000000e-10  4.755252202725e-02 
 4.228000000000e-10  6.125219479257e-02 
 4.328000000000e-10  6.549693887916e-02 
 4.428000000000e-10  5.929909299652e-02 
 4.528000000000e-10  4.333294730559e-02 
 4.628000000000e-10  1.985100888989e-02 
 4.728000000000e-10 -7.628122027507e-03 
 4.828000000000e-10 -3.481863357332e-02 
 4.928000000000e-10 -5.730825300669e-02 
 5.028000000000e-10 -7.128087759355e-02 
 5.128000000000e-10 -7.418637472219e-02 
 5.228000000000e-10 -6.520760954912e-02 
 5.328000000000e-10 -4.542064342678e-02 
 5.428000000000e-10 -1.765280537834e-02 
 5.528000000000e-10  1.390998465582e-02 
 5.628000000000e-10  4.430863492291e-02 
 5.728000000000e-10  6.856428717282e-02 
 5.828000000000e-10  8.251336010252e-02 
 5.928000000000e-10  8.356107033039e-02 
 6.028000000000e-10  7.115562036795e-02 
 6.128000000000e-10  4.689316384584e-02 
 6.228000000000e-10  1.428231836961e-02 
 6.328000000000e-10 -2.173662489894e-02 
 6.428000000000e-10 -5.547515004687e-02 
 6.528000000000e-10 -8.136293467460e-02 
 6.628000000000e-10 -9.490796867239e-02 
 6.728000000000e-10 -9.352606489470e-02 
 6.828000000000e-10 -7.701620088483e-02 
 6.928000000000e-10 -4.758935189256e-02 
 7.028000000000e-10 -9.537704433784e-03 
 7.128000000000e-10  3.134270261727e-02 
 7.228000000000e-10  6.854238461946e-02 
 7.328000000000e-10  9.585395972746e-02 
 7.428000000000e-10  1.084797373288e-01 
 7.528000000000e-10  1.039426814084e-01 
 7.628000000000e-10  8.252488427848e-02 
 7.728000000000e-10  4.718647572435e-02 
 7.828000000000e-10  3.113630203738e-03 
 7.928000000000e-10 -4.295181711724e-02 
 8.028000000000e-10 -8.361859230229e-02 
 8.128000000000e-10 -1.120251088078e-01 
 8.228000000000e-10 -1.231168480355e-01 
 8.328000000000e-10 -1.146257858269e-01 
 8.428000000000e-10 -8.744686105399e-02 
 8.528000000000e-10 -4.541421409417e-02 
 8.628000000000e-10  5.273479594851e-03 
 8.728000000000e-10  5.681911412584e-02 
 8.828000000000e-10  1.008653445791e-01 
 8.928000000000e-10  1.298857857188e-01 
 9.028000000000e-10  1.386524126164e-01 
 9.128000000000e-10  1.252630626636e-01 
 9.228000000000e-10  9.139372259396e-02 
 9.328000000000e-10  4.189272259120e-02 
 9.428000000000e-10 -1.592272608770e-02 
 9.528000000000e-10 -7.310889814639e-02 
 9.628000000000e-10 -1.202864834279e-01 
 9.728000000000e-10 -1.492829356624e-01 
 9.828000000000e-10 -1.548109579096e-01 
 9.928000000000e-10 -1.355038043976e-01 
 1.002800000000e-09 -9.398806727380e-02 
 1.012800000000e-09 -3.625959224311e-02 
 1.022800000000e-09  2.913113890836e-02 
 1.032800000000e-09  9.198955220541e-02 
 1.042800000000e-09  1.418585032434e-01 
 1.052800000000e-09  1.699783360486e-01 
 1.062800000000e-09  1.711758569379e-01 
 1.072800000000e-09  1.448416167304e-01 
 1.082800000000e-09  9.473629604335e-02 
 1.092800000000e-09  2.812386194625e-02 
 1.102800000000e-09 -4.512161485744e-02 
 1.112800000000e-09 -1.134698992919e-01 
 1.122800000000e-09 -1.653657498930e-01 
 1.132800000000e-09 -1.915673679766e-01 
 1.142800000000e-09 -1.872309030073e-01 
 1.152800000000e-09 -1.527374002387e-01 
 1.162800000000e-09 -9.315506645920e-02 
 1.172800000000e-09 -1.712041910064e-02 
 1.182800000000e-09  6.407521396891e-02 
 1.192800000000e-09  1.374837087555e-01 
 1.202800000000e-09  1.904688433788e-01 
 1.212800000000e-09  2.134869057408e-01 
 1.222800000000e-09  2.023027507036e-01 
 1.232800000000e-09  1.585446128406e-01 
 1.242800000000e-09  8.873675613144e-02 
 1.252800000000e-09  2.958050825937e-03 
 1.262800000000e-09 -8.601331487358e-02 
 1.272800000000e-09 -1.637553874812e-01 
 1.282800000000e-09 -2.166301469255e-01 
 1.292800000000e-09 -2.350386743545e-01 
 1.302800000000e-09 -2.156687117437e-01 
 1.312800000000e-09 -1.616362213886e-01 
 1.322800000000e-09 -8.103348076443e-02 
 1.332800000000e-09  1.457194390730e-02 
 1.342800000000e-09  1.108443546303e-01 
 1.352800000000e-09  1.918643054228e-01 
 1.362800000000e-09  2.431542328325e-01 
 1.372800000000e-09  2.553936161272e-01 
 1.382800000000e-09  2.265380765529e-01 
 1.392800000000e-09  1.614008910296e-01 
 1.402800000000e-09  6.969449756722e-02 
 1.412800000000e-09 -3.551134393906e-02 
 1.422800000000e-09 -1.382687172451e-01 
 1.432800000000e-09 -2.211916740026e-01 
 1.442800000000e-09 -2.692171330349e-01 
 1.452800000000e-09 -2.736940586099e-01 
 1.462800000000e-09 -2.341823428119e-01 
 1.472800000000e-09 -1.573407745994e-01 
 1.482800000000e-09 -5.450140129716e-02 
 1.492800000000e-09  5.976037923461e-02 
 1.502800000000e-09  1.678358944128e-01 
 1.512800000000e-09  2.509841783990e-01 
 1.522800000000e-09  2.939112819960e-01 
 1.532800000000e-09  2.890793671471e-01 
 1.542800000000e-09  2.379515690912e-01 
 1.552800000000e-09  1.491007308518e-01 
 1.562800000000e-09  3.541753563484e-02 
 1.572800000000e-09 -8.701786427861e-02 
 1.582800000000e-09 -1.989144533202e-01 
 1.592800000000e-09 -2.803835181218e-01 
 1.602800000000e-09 -3.163361709513e-01 
 1.612800000000e-09 -3.008010266678e-01 
 1.622800000000e-09 -2.373669431526e-01 
 1.632800000000e-09 -1.365053436361e-01 
 1.642800000000e-09 -1.257174169839e-02 
 1.652800000000e-09  1.168354518318e-01 
 1.662800000000e-09  2.307660901571e-01 
 1.672800000000e-09  3.084953387395e-01 
 1.682800000000e-09  3.356467125184e-01 
 1.692800000000e-09  3.082491251912e-01 
 1.702800000000e-09  2.321325645343e-01 
 1.712800000000e-09  1.195706868777e-01 
 1.722800000000e-09 -1.372779883842e-02 
 1.732800000000e-09 -1.486120475157e-01 
 1.742800000000e-09 -2.625668136563e-01 
 1.752800000000e-09 -3.344451575307e-01 
 1.762800000000e-09 -3.511386360854e-01 
 1.772800000000e-09 -3.110189828849e-01 
 1.782800000000e-09 -2.221640849370e-01 
 1.792800000000e-09 -9.849169301478e-02 
 1.802800000000e-09  4.302860907525e-02 
 1.812800000000e-09  1.816472805562e-01 
 1.822800000000e-09  2.934769075103e-01 
 1.832800000000e-09  3.574495231517e-01 
 1.842800000000e-09  3.622858424277e-01 
 1.852800000000e-09  3.089141542956e-01 
 1.862800000000e-09  2.075723204442e-01 
 1.872800000000e-09  7.362084373912e-02 
 1.882800000000e-09 -7.476094735951e-02 
 1.892800000000e-09 -2.151886264742e-01 
 1.902800000000e-09 -3.227008325816e-01 
 1.912800000000e-09 -3.768775053343e-01 
 1.922800000000e-09 -3.687767773668e-01 
 1.932800000000e-09 -3.019438392202e-01 
 1.942800000000e-09 -1.886269774318e-01 
 1.952800000000e-09 -4.541578000260e-02 
 1.962800000000e-09  1.082910687334e-01 
 1.972800000000e-09  2.484854998949e-01 
 1.982800000000e-09  3.495268753953e-01 
 1.992800000000e-09  3.922645808062e-01 
 2.002800000000e-09  3.704838784263e-01 
 2.012800000000e-09  2.902798567854e-01 
 2.022800000000e-09  1.657145967062e-01 
 2.032800000000e-09  1.440996642083e-02 
 2.042800000000e-09 -1.429483835966e-01 
 2.052800000000e-09 -2.808206545661e-01 
 2.062800000000e-09 -3.733677726454e-01 
 2.072800000000e-09 -4.033304219414e-01 
 2.082800000000e-09 -3.674447454448e-01 
 2.092800000000e-09 -2.742135015927e-01 
 2.102800000000e-09 -1.392827386727e-01 
 2.112800000000e-09  1.883782784632e-02 
 2.122800000000e-09  1.780723499538e-01 
 2.132800000000e-09  3.115507308395e-01 
 2.142800000000e-09  3.937823805113e-01 
 2.152800000000e-09  4.099575045295e-01 
 2.162800000000e-09  3.598236827850e-01 
 2.172800000000e-09  2.541141053027e-01 
 2.182800000000e-09  1.098033846366e-01 
 2.192800000000e-09 -5.377349884969e-02 
 2.202800000000e-09 -2.130430758705e-01 
 2.212800000000e-09 -3.401002746726e-01 
 2.222800000000e-09 -4.104260236509e-01 
 2.232800000000e-09 -4.121276700127e-01 
 2.242800000000e-09 -3.478605055908e-01 
 2.252800000000e-09 -2.303966775427e-01 
 2.262800000000e-09 -7.777466561033e-02 
 2.272800000000e-09  8.981445211965e-02 
 2.282800000000e-09  2.472450757424e-01 
 2.292800000000e-09  3.659730476447e-01 
 2.302800000000e-09  4.230900948985e-01 
 2.312800000000e-09  4.099221508308e-01 
 2.322800000000e-09  3.318553586467e-01 
 2.332800000000e-09  2.034926116489e-01 
 2.342800000000e-09  4.368561566945e-02 
 2.352800000000e-09 -1.263997710707e-01 
 2.362800000000e-09 -2.801209335998e-01 
 2.372800000000e-09 -3.887741101776e-01 
 2.382800000000e-09 -4.316779801730e-01 
 2.392800000000e-09 -4.034970028974e-01 
 2.402800000000e-09 -3.121429915047e-01 
 2.412800000000e-09 -1.738207268830e-01 
 2.422800000000e-09 -8.002202732022e-03 
 2.432800000000e-09  1.629998574208e-01 
 2.442800000000e-09  3.111706960523e-01 
 2.452800000000e-09  4.082012612280e-01 
 2.462800000000e-09  4.361783746386e-01 
 2.472800000000e-09  3.930611505513e-01 
 2.482800000000e-09  2.890773321164e-01 
 2.492800000000e-09  1.417818589643e-01 
 2.502800000000e-09 -2.883122043671e-02 
 2.512800000000e-09 -1.991227648926e-01 
 2.522800000000e-09 -3.399716675055e-01 
 2.532800000000e-09 -4.240576242468e-01 
 2.542800000000e-09 -4.366481522046e-01 
 2.552800000000e-09 -3.788528870186e-01 
 2.562800000000e-09 -2.630089137339e-01 
 2.572800000000e-09 -1.077461193857e-01 
 2.582800000000e-09  6.639671403556e-02 
 2.592800000000e-09  2.343144906170e-01 
 2.602800000000e-09  3.661335435508e-01 
 2.612800000000e-09  4.361672690429e-01 
 2.622800000000e-09  4.331538994390e-01 
 2.632800000000e-09  3.611143600190e-01 
 2.642800000000e-09  2.342884559057e-01 
 2.652800000000e-09  7.210062034915e-02 
 2.662800000000e-09 -1.042340888296e-01 
 2.672800000000e-09 -2.681001253241e-01 
 2.682800000000e-09 -3.893223295663e-01 
 2.692800000000e-09 -4.444610755165e-01 
 2.702800000000e-09 -4.258281555555e-01 
 2.712800000000e-09 -3.401164897881e-01 
 2.722800000000e-09 -2.032538928095e-01 
 2.732800000000e-09 -3.520909341707e-02 
 2.742800000000e-09  1.419136043707e-01 
 2.752800000000e-09  3.000616531538e-01 
 2.762800000000e-09  4.092844483810e-01 
 2.772800000000e-09  4.489371843044e-01 
 2.782800000000e-09  4.148457546555e-01 
 2.792800000000e-09  3.161467191283e-01 
 2.802800000000e-09  1.702202946106e-01 
 2.812800000000e-09 -2.583077477361e-03 
 2.822800000000e-09 -1.790309623044e-01 
 2.832800000000e-09 -3.298253885452e-01 
 2.842800000000e-09 -4.258284292730e-01 
 2.852800000000e-09 -4.496314223410e-01 
 2.862800000000e-09 -4.003992276026e-01 
 2.872800000000e-09 -2.894927444841e-01 
 2.882800000000e-09 -1.354828601325e-01 
 2.892800000000e-09  4.093777622373e-02 
 2.902800000000e-09  2.151959018476e-01 
 2.912800000000e-09  3.570557266195e-01 
 2.922800000000e-09  4.388117929811e-01 
 2.932800000000e-09  4.465999785655e-01 
 2.942800000000e-09  3.826830266778e-01 
 2.952800000000e-09  2.604343009348e-01 
 2.962800000000e-09  9.932803861042e-02 
 2.972800000000e-09 -7.950281287823e-02 
 2.982800000000e-09 -2.500189441195e-01 
 2.992800000000e-09 -3.814617449830e-01 
 3.002800000000e-09 -4.481673247038e-01 
 3.012800000000e-09 -4.399433345280e-01 
 3.022800000000e-09 -3.619111220874e-01 
 3.032800000000e-09 -2.292444672215e-01 
 3.042800000000e-09 -6.203716030483e-02 
 3.052800000000e-09  1.179318771841e-01 
 3.062800000000e-09  2.831425619575e-01 
 3.072800000000e-09  4.027907360353e-01 
 3.082800000000e-09  4.538419696221e-01 
 3.092800000000e-09  4.297753858466e-01 
 3.102800000000e-09  3.383058168780e-01 
 3.112800000000e-09  1.961893989453e-01 
 3.122800000000e-09  2.390844361774e-02 
 3.132800000000e-09 -1.558490639743e-01 
 3.142800000000e-09 -3.141956898471e-01 
 3.152800000000e-09 -4.208396132858e-01 
 3.162800000000e-09 -4.558603925161e-01 
 3.172800000000e-09 -4.162592173248e-01 
 3.182800000000e-09 -3.121133126126e-01 
 3.192800000000e-09 -1.615194452308e-01 
 3.202800000000e-09  1.477452102061e-02 
 3.212800000000e-09  1.929071567193e-01 
 3.222800000000e-09  3.428600780026e-01 
 3.232800000000e-09  4.354584430211e-01 
 3.242800000000e-09  4.542628477817e-01 
 3.252800000000e-09  3.995624718103e-01 
 3.262800000000e-09  2.835781707813e-01 
 3.272800000000e-09  1.254732737581e-01 
 3.282800000000e-09 -5.371878706574e-02 
 3.292800000000e-09 -2.287579702142e-01 
 3.302800000000e-09 -3.688424275406e-01 
 3.312800000000e-09 -4.465366579575e-01 
 3.322800000000e-09 -4.491037058300e-01 
 3.332800000000e-09 -3.798541123646e-01 
 3.342800000000e-09 -2.529384273472e-01 
 3.352800000000e-09 -8.829310922204e-02 
 3.362800000000e-09  9.260746360145e-02 
 3.372800000000e-09  2.630470691359e-01 
 3.382800000000e-09  3.918922626026e-01 
 3.392800000000e-09  4.540373209598e-01 
 3.402800000000e-09  4.404876789726e-01 
 3.412800000000e-09  3.573295958957e-01 
 3.422800000000e-09  2.204304468710e-01 
 3.432800000000e-09  5.022256747842e-02 
 3.442800000000e-09 -1.311273323541e-01 
 3.452800000000e-09 -2.954540525088e-01 
 3.462800000000e-09 -4.117969057773e-01 
 3.472800000000e-09 -4.579309312956e-01 
 3.482800000000e-09 -4.285301865205e-01 
 3.492800000000e-09 -3.321948235135e-01 
 3.502800000000e-09 -1.862850275681e-01 
 3.512800000000e-09 -1.152741763032e-02 
 3.522800000000e-09  1.689337532876e-01 
 3.532800000000e-09  3.256398576043e-01 
 3.542800000000e-09  4.283822748796e-01 
 3.552800000000e-09  4.582500700584e-01 
 3.562800000000e-09  4.133862241290e-01 
 3.572800000000e-09  3.046761884796e-01 
 3.582800000000e-09  1.507216547635e-01 
 3.592800000000e-09 -2.753204949296e-02 
 3.602800000000e-09 -2.057011914124e-01 
 3.612800000000e-09 -3.533103774769e-01 
 3.622800000000e-09 -4.415182519532e-01 
 3.632800000000e-09 -4.550342809104e-01 
 3.642800000000e-09 -3.952094550393e-01 
 3.652800000000e-09 -2.749971342942e-01 
 3.662800000000e-09 -1.139557794658e-01 
 3.672800000000e-09  6.667589304803e-02 
 3.682800000000e-09  2.410956798858e-01 
 3.692800000000e-09  3.782067415907e-01 
 3.702800000000e-09  4.511385172797e-01 
 3.712800000000e-09  4.483565052431e-01 
 3.722800000000e-09  3.741660705284e-01 
 3.732800000000e-09  2.433740426522e-01 
 3.742800000000e-09  7.620176663238e-02 
 3.752800000000e-09 -1.056170524603e-01 
 3.762800000000e-09 -2.748003199702e-01 
 3.772800000000e-09 -4.000869981201e-01 
 3.782800000000e-09 -4.571754470232e-01 
 3.792800000000e-09 -4.382979126301e-01 
 3.802800000000e-09 -3.504339162940e-01 
 3.812800000000e-09 -2.100311370230e-01 
 3.822800000000e-09 -3.771226434159e-02 
 3.832800000000e-09  1.440176021711e-01 
 3.842800000000e-09  3.064679487087e-01 
 3.852800000000e-09  4.187553013266e-01 
 3.862800000000e-09  4.596465437400e-01 
 3.872800000000e-09  4.249981824869e-01 
 3.882800000000e-09  3.242250260275e-01 
 3.892800000000e-09  1.751830382948e-01 
 3.902800000000e-09 -1.269133776893e-03 
 3.912800000000e-09 -1.815634716129e-01 
 3.922800000000e-09 -3.357996610333e-01 
 3.932800000000e-09 -4.340657768525e-01 
 3.942800000000e-09 -4.585855588356e-01 
 3.952800000000e-09 -4.086072955007e-01 
 3.962800000000e-09 -2.957568928098e-01 
 3.972800000000e-09 -1.390350151155e-01 
 3.982800000000e-09  4.048803017230e-02 
 3.992800000000e-09  2.179362548583e-01 
 4.002800000000e-09  3.625147903752e-01 
 4.012800000000e-09  4.459029643378e-01 
 4.022800000000e-09  4.540330467377e-01 
 4.032800000000e-09  3.892726292065e-01 
 4.042800000000e-09  2.652418974383e-01 
 4.052800000000e-09  1.017947365106e-01 
 4.062800000000e-09 -7.966238187095e-02 
 4.072800000000e-09 -2.528037693331e-01 
 4.082800000000e-09 -3.863658910879e-01 
 4.092800000000e-09 -4.542171018090e-01 
 4.102800000000e-09 -4.460719136727e-01 
 4.112800000000e-09 -3.671632810692e-01 
 4.122800000000e-09 -2.328928752329e-01 
 4.132800000000e-09 -6.367670395603e-02 
 4.142800000000e-09  1.185052152428e-01 
 4.152800000000e-09  2.858585526737e-01 
 4.162800000000e-09  4.071344697135e-01 
 4.172800000000e-09  4.589623131444e-01 
 4.182800000000e-09  4.347958862830e-01 
 4.192800000000e-09  3.424613874460e-01 
 4.202800000000e-09  1.989242550556e-01 
 4.212800000000e-09  2.492698586930e-02 
 4.222800000000e-09 -1.566863848478e-01 
 4.232800000000e-09 -3.167663181888e-01 
 4.242800000000e-09 -4.246418063754e-01 
 4.252800000000e-09 -4.601650750901e-01 
 4.262800000000e-09 -4.203489429760e-01 
 4.272800000000e-09 -3.153785015738e-01 
 4.282800000000e-09 -1.635422031564e-01 
 4.292800000000e-09  1.421357241597e-02 
 4.302800000000e-09  1.938952899382e-01 
 4.312800000000e-09  3.452375293362e-01 
 4.322800000000e-09  4.387530319949e-01 
 4.332800000000e-09  4.578603750239e-01 
 4.342800000000e-09  4.028774181665e-01 
 4.352800000000e-09  2.861274345618e-01 
 4.362800000000e-09  1.269466078109e-01 
 4.372800000000e-09 -5.348682882402e-02 
 4.382800000000e-09 -2.298125013905e-01 
 4.392800000000e-09 -3.709999247520e-01 
 4.402800000000e-09 -4.493662299900e-01 
 4.412800000000e-09 -4.520938151049e-01 
 4.422800000000e-09 -3.825287419999e-01 
 4.432800000000e-09 -2.549168305344e-01 
 4.442800000000e-09 -8.934630710515e-02 
 4.452800000000e-09  9.260516872896e-02 
 4.462800000000e-09  2.641071067636e-01 
 4.472800000000e-09  3.938200282983e-01 
 4.482800000000e-09  4.564498413932e-01 
 4.492800000000e-09  4.429613306172e-01 
 4.502800000000e-09  3.594787399100e-01 
 4.512800000000e-09  2.219575654135e-01 
 4.522800000000e-09  5.095753180853e-02 
 4.532800000000e-09 -1.312795036576e-01 
 4.542800000000e-09 -2.964787713177e-01 
 4.552800000000e-09 -4.134981683553e-01 
 4.562800000000e-09 -4.599757598972e-01 
 4.572800000000e-09 -4.305689819983e-01 
 4.582800000000e-09 -3.339162086154e-01 
 4.592800000000e-09 -1.874589033910e-01 
 4.602800000000e-09 -1.202492381734e-02 
 4.612800000000e-09  1.691834256435e-01 
 4.622800000000e-09  3.266025978913e-01 
 4.632800000000e-09  4.298687682643e-01 
 4.642800000000e-09  4.599757125260e-01 
 4.652800000000e-09  4.150628320353e-01 
 4.662800000000e-09  3.060527921461e-01 
 4.672800000000e-09  1.516220401089e-01 
 4.682800000000e-09 -2.720842042461e-02 
 4.692800000000e-09 -2.060057552781e-01 
 4.702800000000e-09 -3.541953181091e-01 
 4.712800000000e-09 -4.428067033037e-01 
 4.722800000000e-09 -4.564860661118e-01 
 4.732800000000e-09 -3.965870580363e-01 
 4.742800000000e-09 -2.760984757871e-01 
 4.752800000000e-09 -1.146463506410e-01 
 4.762800000000e-09  6.647678449713e-02 
 4.772800000000e-09  2.414240373441e-01 
 4.782800000000e-09  3.790062926044e-01 
 4.792800000000e-09  4.522486795974e-01 
 4.802800000000e-09  4.495757283677e-01 
 4.812800000000e-09  3.752986554368e-01 
 4.822800000000e-09  2.442573769907e-01 
 4.832800000000e-09  7.673249018039e-02 
 4.842800000000e-09 -1.055051934919e-01 
 4.852800000000e-09 -2.751310776712e-01 
 4.862800000000e-09 -4.007999006769e-01 
 4.872800000000e-09 -4.581279793040e-01 
 4.882800000000e-09 -4.393214707507e-01 
 4.892800000000e-09 -3.513670741342e-01 
 4.902800000000e-09 -2.107433945354e-01 
 4.912800000000e-09 -3.812247539298e-02 
 4.922800000000e-09  1.439648186598e-01 
 4.932800000000e-09  3.067869384030e-01 
 4.942800000000e-09  4.193849009090e-01 
 4.952800000000e-09  4.604624655710e-01 
 4.962800000000e-09  4.258590674982e-01 
 4.972800000000e-09  3.249974304532e-01 
 4.982800000000e-09  1.757624773506e-01 
 4.992800000000e-09 -9.485787110385e-04 
 5.002800000000e-09 -1.815489160047e-01 
 5.012800000000e-09 -3.360983420996e-01 
 5.022800000000e-09 -4.346184638787e-01 
 5.032800000000e-09 -4.592850432028e-01 
 5.042800000000e-09 -4.093345755126e-01 
 5.052800000000e-09 -2.964010990485e-01 
 5.062800000000e-09 -1.395124320120e-01 
 5.072800000000e-09  4.023321544727e-02 
 5.082800000000e-09  2.179447474100e-01 
 5.092800000000e-09  3.627886904037e-01 
 5.102800000000e-09  4.463866910613e-01 
 5.112800000000e-09  4.546346211067e-01 
 5.122800000000e-09  3.898912758048e-01 
 5.132800000000e-09  2.657848828492e-01 
 5.142800000000e-09  1.021943464180e-01 
 5.152800000000e-09 -7.945519068182e-02 
 5.162800000000e-09 -2.528247202739e-01 
 5.172800000000e-09 -3.866136224078e-01 
 5.182800000000e-09 -4.546406716240e-01 
 5.192800000000e-09 -4.465922006002e-01 
 5.202800000000e-09 -3.676943640679e-01 
 5.212800000000e-09 -2.333566247584e-01 
 5.222800000000e-09 -6.401724513565e-02 
 5.232800000000e-09  1.183323737419e-01 
 5.242800000000e-09  2.858851848336e-01 
 5.252800000000e-09  4.073569339081e-01 
 5.262800000000e-09  4.593345613097e-01 
 5.272800000000e-09  4.352495159712e-01 
 5.282800000000e-09  3.429224905809e-01 
 5.292800000000e-09  1.993266377635e-01 
 5.302800000000e-09  2.522300647710e-02 
 5.312800000000e-09 -1.565381669097e-01 
 5.322800000000e-09 -3.167945681030e-01 
 5.332800000000e-09 -4.248414626177e-01 
 5.342800000000e-09 -4.604947361943e-01 
 5.352800000000e-09 -4.207488322100e-01 
 5.362800000000e-09 -3.157843739581e-01 
 5.372800000000e-09 -1.638976257155e-01 
 5.382800000000e-09  1.395090255178e-02 
 5.392800000000e-09  1.937648275246e-01 
 5.402800000000e-09  3.452654037718e-01 
 5.412800000000e-09  4.389332934469e-01 
 5.422800000000e-09  4.581556633240e-01 
 5.432800000000e-09  4.032348060536e-01 
 5.442800000000e-09  2.864903216066e-01 
 5.452800000000e-09  1.272664411385e-01 
 5.462800000000e-09 -5.324920463000e-02 
 5.472800000000e-09 -2.296952059934e-01 
 5.482800000000e-09 -3.710269174267e-01 
 5.492800000000e-09 -4.495308803957e-01 
 5.502800000000e-09 -4.523620951701e-01 
 5.512800000000e-09 -3.828530868286e-01 
 5.522800000000e-09 -2.552466821305e-01 
 5.532800000000e-09 -8.963921543753e-02 
 5.542800000000e-09  9.238668461633e-02 
 5.552800000000e-09  2.640002084537e-01 
 5.562800000000e-09  3.938466866467e-01 
 5.572800000000e-09  4.566027470709e-01 
 5.582800000000e-09  4.432089991055e-01 
 5.592800000000e-09  3.597778043111e-01 
 5.602800000000e-09  2.222623219907e-01 
 5.612800000000e-09  5.122998469845e-02 
 5.622800000000e-09 -1.310761920377e-01 
 5.632800000000e-09 -2.963809351968e-01 
 5.642800000000e-09 -4.135257393125e-01 
 5.652800000000e-09 -4.601205827694e-01 
 5.662800000000e-09 -4.308014914947e-01 
 5.672800000000e-09 -3.341962796643e-01 
 5.682800000000e-09 -1.877448993288e-01 
 5.692800000000e-09 -1.228174083107e-02 
 5.702800000000e-09  1.689926784958e-01 
 5.712800000000e-09  3.265134473578e-01 
 5.722800000000e-09  4.298989397012e-01 
 5.732800000000e-09  4.601159767831e-01 
 5.742800000000e-09  4.152849017070e-01 
 5.752800000000e-09  3.063190088655e-01 
 5.762800000000e-09  1.518942366381e-01 
 5.772800000000e-09 -2.696381559657e-02 
 5.782800000000e-09 -2.058261141434e-01 
 5.792800000000e-09 -3.541152050942e-01 
 5.802800000000e-09 -4.428413782635e-01 
 5.812800000000e-09 -4.566249967955e-01 
 5.822800000000e-09 -3.968026939268e-01 
 5.832800000000e-09 -2.763549590522e-01 
 5.842800000000e-09 -1.149084477202e-01 
 5.852800000000e-09  6.624222259938e-02 
 5.862800000000e-09  2.412549990415e-01 
 5.872800000000e-09  3.789360714838e-01 
 5.882800000000e-09  4.522897321064e-01 
 5.892800000000e-09  4.497160680650e-01 
 5.902800000000e-09  3.755110421663e-01 
 5.912800000000e-09  2.445072873045e-01 
 5.922800000000e-09  7.698701200596e-02 
 5.932800000000e-09 -1.052795657709e-01 
 5.942800000000e-09 -2.749728446379e-01 
 5.952800000000e-09 -4.007406113912e-01 
 5.962800000000e-09 -4.581770039848e-01 
 5.972800000000e-09 -4.394653439742e-01 
 5.982800000000e-09 -3.515785863835e-01 
 5.992800000000e-09 -2.109891165889e-01 
 6.002800000000e-09 -3.837111259372e-02 
 6.012800000000e-09  1.437477073543e-01 
 6.022800000000e-09  3.066401279697e-01 
 6.032800000000e-09  4.193376862221e-01 
 6.042800000000e-09  4.605208946465e-01 
 6.052800000000e-09  4.260081665976e-01 
 6.062800000000e-09  3.252098179817e-01 
 6.072800000000e-09  1.760057923197e-01 
 6.082800000000e-09 -7.048280676403e-04 
 6.092800000000e-09 -1.813404627494e-01 
 6.102800000000e-09 -3.359639080107e-01 
 6.112800000000e-09 -4.345845329420e-01 
 6.122800000000e-09 -4.593542166407e-01 
 6.132800000000e-09 -4.094902957995e-01 
 6.142800000000e-09 -2.966156594243e-01 
 6.152800000000e-09 -1.397545702996e-01 
 6.162800000000e-09  3.999399455843e-02 
 6.172800000000e-09  2.177456040519e-01 
 6.182800000000e-09  3.626678011700e-01 
 6.192800000000e-09  4.463671894028e-01 
 6.202800000000e-09  4.547156722965e-01 
 6.212800000000e-09  3.900546863847e-01 
 6.222800000000e-09  2.660024938279e-01 
 6.232800000000e-09  1.024359654612e-01 
 6.242800000000e-09 -7.922075228531e-02 
 6.252800000000e-09 -2.526359280204e-01 
 6.262800000000e-09 -3.865075086937e-01 
 6.272800000000e-09 -4.546365193109e-01 
 6.282800000000e-09 -4.466859006804e-01 
 6.292800000000e-09 -3.678660901145e-01 
 6.302800000000e-09 -2.335777655848e-01 
 6.312800000000e-09 -6.425848439756e-02 
 6.322800000000e-09  1.181034384601e-01 
 6.332800000000e-09  2.857080155870e-01 
 6.342800000000e-09  4.072667021616e-01 
 6.352800000000e-09  4.593463665674e-01 
 6.362800000000e-09  4.353562322295e-01 
 6.372800000000e-09  3.431027353754e-01 
 6.382800000000e-09  1.995515042831e-01 
 6.392800000000e-09  2.546366776569e-02 
 6.402800000000e-09 -1.563157082203e-01 
 6.412800000000e-09 -3.166303644928e-01 
 6.422800000000e-09 -4.247681228999e-01 
 6.432800000000e-09 -4.605229782651e-01 
 6.442800000000e-09 -4.208687259935e-01 
 6.452800000000e-09 -3.159730711618e-01 
 6.462800000000e-09 -1.641262062823e-01 
 6.472800000000e-09  1.371133819778e-02 
 6.482800000000e-09  1.935500606941e-01 
 6.492800000000e-09  3.451155853528e-01 
 6.502800000000e-09  4.388777767158e-01 
 6.512800000000e-09  4.582007645267e-01 
 6.522800000000e-09  4.033679295931e-01 
 6.532800000000e-09  2.866872384526e-01 
 6.542800000000e-09  1.274984827436e-01 
 6.552800000000e-09 -5.301161697259e-02 
 6.562800000000e-09 -2.294896072042e-01 
 6.572800000000e-09 -3.708929023952e-01 
 6.582800000000e-09 -4.494939236543e-01 
 6.592800000000e-09 -4.524242814088e-01 
 6.602800000000e-09 -3.829992981361e-01 
 6.612800000000e-09 -2.554514035928e-01 
 6.622800000000e-09 -8.987416645349e-02 
 6.632800000000e-09  9.215228789257e-02 
 6.642800000000e-09  2.638053962196e-01 
 6.652800000000e-09  3.937297594752e-01 
 6.662800000000e-09  4.565847888073e-01 
 6.672800000000e-09  4.432881795830e-01 
 6.682800000000e-09  3.599366650994e-01 
 6.692800000000e-09  2.224742680992e-01 
 6.702800000000e-09  5.146704242957e-02 
 6.712800000000e-09 -1.308464144354e-01 
 6.722800000000e-09 -2.961985518527e-01 
 6.732800000000e-09 -4.134269501169e-01 
 6.742800000000e-09 -4.601217785439e-01 
 6.752800000000e-09 -4.308972950353e-01 
 6.762800000000e-09 -3.343671091877e-01 
 6.772800000000e-09 -1.879634138256e-01 
 6.782800000000e-09 -1.251995943986e-02 
 6.792800000000e-09  1.687690316211e-01 
 6.802800000000e-09  3.263450828426e-01 
 6.812800000000e-09  4.298191892232e-01 
 6.822800000000e-09  4.601364057105e-01 
 6.832800000000e-09  4.153968752441e-01 
 6.842800000000e-09  3.065010202111e-01 
 6.852800000000e-09  1.521186013763e-01 
 6.862800000000e-09 -2.672557793213e-02 
 6.872800000000e-09 -2.056102448054e-01 
 6.882800000000e-09 -3.539624256417e-01 
 6.892800000000e-09 -4.427814228892e-01 
 6.902800000000e-09 -4.566646807354e-01 
 6.912800000000e-09 -3.969303408265e-01 
 6.922800000000e-09 -2.765473109727e-01 
 6.932800000000e-09 -1.151378082497e-01 
 6.942800000000e-09  6.600536486739e-02 
 6.952800000000e-09  2.410487172447e-01 
 6.962800000000e-09  3.788003554057e-01 
 6.972800000000e-09  4.522500837170e-01 
 6.982800000000e-09  4.497748164658e-01 
 6.992800000000e-09  3.756536967178e-01 
 7.002800000000e-09  2.447090361714e-01 
 7.012800000000e-09  7.722030466339e-02 
 7.022800000000e-09 -1.050457150923e-01 
 7.032800000000e-09 -2.747779763189e-01 
 7.042800000000e-09 -4.006231687863e-01 
 7.052800000000e-09 -4.581578051198e-01 
 7.062800000000e-09 -4.395426497354e-01 
 7.072800000000e-09 -3.517353472576e-01 
 7.082800000000e-09 -2.111992781176e-01 
 7.092800000000e-09 -3.860717855163e-02 
 7.102800000000e-09  1.435185371835e-01 
 7.112800000000e-09  3.064584056443e-01 
 7.122800000000e-09  4.192394843208e-01 
 7.132800000000e-09  4.605220954623e-01 
 7.142800000000e-09  4.261033502277e-01 
 7.152800000000e-09  3.253796456899e-01 
 7.162800000000e-09  1.762233865697e-01 
 7.172800000000e-09 -4.672421008534e-04 
 7.182800000000e-09 -1.811176994769e-01 
 7.192800000000e-09 -3.357969952352e-01 
 7.202800000000e-09 -4.345063887149e-01 
 7.212800000000e-09 -4.593757286558e-01 
 7.222800000000e-09 -4.096026632011e-01 
 7.232800000000e-09 -2.967974866844e-01 
 7.242800000000e-09 -1.399785968352e-01 
 7.252800000000e-09  3.975631120938e-02 
 7.262800000000e-09  2.175310883482e-01 
 7.272800000000e-09  3.625172916268e-01 
 7.282800000000e-09  4.463097299318e-01 
 7.292800000000e-09  4.547573171709e-01 
 7.302800000000e-09  3.901834991030e-01 
 7.312800000000e-09  2.661952306026e-01 
 7.322800000000e-09  1.026653019676e-01 
 7.332800000000e-09 -7.898460546439e-02 
 7.342800000000e-09 -2.524315783318e-01 
 7.352800000000e-09 -3.863748268059e-01 
 7.362800000000e-09 -4.546000723241e-01 
 7.372800000000e-09 -4.467472517785e-01 
 7.382800000000e-09 -3.680104337815e-01 
 7.392800000000e-09 -2.337802664627e-01 
 7.402800000000e-09 -6.449187068466e-02 
 7.412800000000e-09  1.178706041731e-01 
 7.422800000000e-09  2.855157063670e-01 
 7.432800000000e-09  4.071529712258e-01 
 7.442800000000e-09  4.593309180017e-01 
 7.452800000000e-09  4.354365843571e-01 
 7.462800000000e-09  3.432615016806e-01 
 7.472800000000e-09  1.997626347375e-01 
 7.482800000000e-09  2.569979311617e-02 
 7.492800000000e-09 -1.560879623578e-01 
 7.502800000000e-09 -3.164518459934e-01 
 7.512800000000e-09 -4.246742410525e-01 
 7.522800000000e-09 -4.605283867675e-01 
 7.532800000000e-09 -4.209672773253e-01 
 7.542800000000e-09 -3.161450795928e-01 
 7.552800000000e-09 -1.643448663336e-01 
 7.562800000000e-09  1.347386991050e-02 
 7.572800000000e-09  1.933292268264e-01 
 7.582800000000e-09  3.449525304992e-01 
 7.592800000000e-09  4.388044892126e-01 
 7.602800000000e-09  4.582268633621e-01 
 7.612800000000e-09  4.034838914963e-01 
 7.622800000000e-09  2.868713150000e-01 
 7.632800000000e-09  1.277235462999e-01 
 7.642800000000e-09 -5.277437656768e-02 
 7.652800000000e-09 -2.292776139438e-01 
 7.662800000000e-09 -3.707468749007e-01 
 7.672800000000e-09 -4.494417371517e-01 
 7.682800000000e-09 -4.524707615538e-01 
 7.692800000000e-09 -3.831318051149e-01 
 7.702800000000e-09 -2.556463550413e-01 
 7.712800000000e-09 -9.010438776096e-02 
 7.722800000000e-09  9.191702173016e-02 
 7.732800000000e-09  2.636041919975e-01 
 7.742800000000e-09  3.936020976833e-01 
 7.752800000000e-09  4.565538865994e-01 
 7.762800000000e-09  4.433544621586e-01 
 7.772800000000e-09  3.600846646822e-01 
 7.782800000000e-09  2.226788723991e-01 
 7.792800000000e-09  5.170107414739e-02 
 7.802800000000e-09 -1.306149562104e-01 
 7.812800000000e-09 -2.960100001489e-01 
 7.822800000000e-09 -4.133186907131e-01 
 7.832800000000e-09 -4.601120517308e-01 
 7.842800000000e-09 -4.309825731706e-01 
 7.852800000000e-09 -3.345293963330e-01 
 7.862800000000e-09 -1.881764904498e-01 
 7.872800000000e-09 -1.275642217258e-02 
 7.882800000000e-09  1.685431994424e-01 
 7.892800000000e-09  3.261709211241e-01 
 7.902800000000e-09  4.297311721342e-01 
 7.912800000000e-09  4.601476754634e-01 
 7.922800000000e-09  4.155003060221e-01 
 7.932800000000e-09  3.066763643260e-01 
 7.942800000000e-09  1.523390045745e-01 
 7.952800000000e-09 -2.648816599964e-02 
 7.962800000000e-09 -2.053919175301e-01 
 7.972800000000e-09 -3.538043087956e-01 
 7.982800000000e-09 -4.427143196027e-01 
 7.992800000000e-09 -4.566967273834e-01 
 8.002800000000e-09 -3.970510908637e-01 
 8.012800000000e-09 -2.767344975159e-01 
 8.022800000000e-09 -1.153643436119e-01 
 8.032800000000e-09  6.576866930162e-02 
 8.042800000000e-09  2.408398750985e-01 
 8.052800000000e-09  3.786598089820e-01 
 8.062800000000e-09  4.522043039041e-01 
 8.072800000000e-09  4.498272316948e-01 
 8.082800000000e-09  3.757908116076e-01 
 8.092800000000e-09  2.449068151990e-01 
 8.102800000000e-09  7.745163961307e-02 
 8.112800000000e-09 -1.048115651935e-01 
 8.122800000000e-09 -2.745805663401e-01 
 8.132800000000e-09 -4.005014148040e-01 
 8.142800000000e-09 -4.581333846057e-01 
 8.152800000000e-09 -4.396147296914e-01 
 8.162800000000e-09 -3.518876823729e-01 
 8.172800000000e-09 -2.114064122039e-01 
 8.182800000000e-09 -3.884194261745e-02 
 8.192800000000e-09  1.432887622829e-01 
 8.202800000000e-09  3.062742416456e-01 
 8.212800000000e-09  4.191374775681e-01 
 8.222800000000e-09  4.605188727422e-01 
 8.232800000000e-09  4.261942391921e-01 
 8.242800000000e-09  3.255459526085e-01 
 8.252800000000e-09  1.764386899746e-01 
 8.262800000000e-09 -2.304701683059e-04 
 8.272800000000e-09 -1.808941416914e-01 
 8.282800000000e-09 -3.356277930915e-01 
 8.292800000000e-09 -4.344249156359e-01 
 8.302800000000e-09 -4.593935088624e-01 
 8.312800000000e-09 -4.097115100060e-01 
 8.322800000000e-09 -2.969765223942e-01 
 8.332800000000e-09 -1.402009021586e-01 
 8.342800000000e-09  3.951908414582e-02 
 8.352800000000e-09  2.173156753684e-01 
 8.362800000000e-09  3.623646747912e-01 
 8.372800000000e-09  4.462493799970e-01 
 8.382800000000e-09  4.547958238502e-01 
 8.392800000000e-09  3.903094316426e-01 
 8.402800000000e-09  2.663857580200e-01 
 8.412800000000e-09  1.028933558857e-01 
 8.422800000000e-09 -7.874865858856e-02 
 8.432800000000e-09 -2.522262913002e-01 
 8.442800000000e-09 -3.862402345003e-01 
 8.452800000000e-09 -4.545611296431e-01 
 8.462800000000e-09 -4.468059711285e-01 
 8.472800000000e-09 -3.681524236536e-01 
 8.482800000000e-09 -2.339810202603e-01 
 8.492800000000e-09 -6.472430926902e-02 
 8.502800000000e-09  1.176377895508e-01 
 8.512800000000e-09  2.853224636807e-01 
 8.522800000000e-09  4.070375274401e-01 
 8.532800000000e-09  4.593133237008e-01 
 8.542800000000e-09  4.355147320136e-01 
 8.552800000000e-09  3.434183448107e-01 
 8.562800000000e-09  1.999723810912e-01 
 8.572800000000e-09  2.593522460599e-02 
 8.582800000000e-09 -1.558601142691e-01 
 8.592800000000e-09 -3.162724261362e-01 
 8.602800000000e-09 -4.245788357875e-01 
 8.612800000000e-09 -4.605319527398e-01 
 8.622800000000e-09 -4.210639807527e-01 
 8.632800000000e-09 -3.163155128533e-01 
 8.642800000000e-09 -1.645624253016e-01 
 8.652800000000e-09  1.323690550999e-02 
 8.662800000000e-09  1.931082110981e-01 
 8.672800000000e-09  3.447886240542e-01 
 8.682800000000e-09  4.387298532093e-01 
 8.692800000000e-09  4.582513796101e-01 
 8.702800000000e-09  4.035982994401e-01 
 8.712800000000e-09  2.870540956463e-01 
 8.722800000000e-09  1.279477276140e-01 
 8.732800000000e-09 -5.253749829880e-02 
 8.742800000000e-09 -2.290653904989e-01 
 8.752800000000e-09 -3.706000548427e-01 
 8.762800000000e-09 -4.493883612566e-01 
 8.772800000000e-09 -4.525158801295e-01 
 8.782800000000e-09 -3.832630001646e-01 
 8.792800000000e-09 -2.558402327498e-01 
 8.802800000000e-09 -9.033389626825e-02 
 8.812800000000e-09  9.168201326389e-02 
 8.822800000000e-09  2.634027312246e-01 
 8.832800000000e-09  3.934737066224e-01 
 8.842800000000e-09  4.565219361658e-01 
 8.852800000000e-09  4.434195702940e-01 
 8.862800000000e-09  3.602315503314e-01 
 8.872800000000e-09  2.228825788864e-01 
 8.882800000000e-09  5.193452333608e-02 
 8.892800000000e-09 -1.303836786969e-01 
 8.902800000000e-09 -2.958211805951e-01 
 8.912800000000e-09 -4.132097638653e-01 
 8.922800000000e-09 -4.601013994380e-01 
 8.932800000000e-09 -4.310668326855e-01 
 8.942800000000e-09 -3.346907306544e-01 
 8.952800000000e-09 -1.883888067601e-01 
 8.962800000000e-09 -1.299240266181e-02 
 8.972800000000e-09  1.683174916931e-01 
 8.982800000000e-09  3.259964890264e-01 
 8.992800000000e-09  4.296425448683e-01 
 9.002800000000e-09  4.601581230830e-01 
 9.012800000000e-09  4.156028460954e-01 
 9.022800000000e-09  3.068508846839e-01 
 9.032800000000e-09  1.525587547325e-01 
 9.042800000000e-09 -2.625115899415e-02 
 9.052800000000e-09 -2.051736723693e-01 
 9.062800000000e-09 -3.536459242420e-01 
 9.072800000000e-09 -4.426466569687e-01 
 9.082800000000e-09 -4.567280382989e-01 
 9.092800000000e-09 -3.971710538683e-01 
 9.102800000000e-09 -2.769209633007e-01 
 9.112800000000e-09 -1.155903095448e-01 
 9.122800000000e-09  6.553231770803e-02 
 9.132800000000e-09  2.406310827836e-01 
 9.142800000000e-09  3.785189998738e-01 
 9.152800000000e-09  4.521580095237e-01 
 9.162800000000e-09  4.498789830467e-01 
 9.172800000000e-09  3.759272240823e-01 
 9.182800000000e-09  2.451039550783e-01 
 9.192800000000e-09  7.768247122667e-02 
 9.202800000000e-09 -1.045777107477e-01 
 9.212800000000e-09 -2.743831804854e-01 
 9.222800000000e-09 -4.003794042591e-01 
 9.232800000000e-09 -4.581084876505e-01 
 9.242800000000e-09 -4.396862054714e-01 
 9.252800000000e-09 -3.520393837034e-01 
 9.262800000000e-09 -2.116129715450e-01 
 9.272800000000e-09 -3.907625543906e-02 
 9.282800000000e-09  1.430592432018e-01 
 9.292800000000e-09  3.060900805158e-01 
 9.302800000000e-09  4.190352190139e-01 
 9.312800000000e-09  4.605152043157e-01 
 9.322800000000e-09  4.262845717243e-01 
 9.332800000000e-09  3.257116808828e-01 
 9.342800000000e-09  1.766534687291e-01 
 9.352800000000e-09  5.892682982234e-06 
 9.362800000000e-09 -1.806708061322e-01 
 9.372800000000e-09 -3.354585742616e-01 
 9.382800000000e-09 -4.343431931701e-01 
 9.392800000000e-09 -4.594108662511e-01 
 9.402800000000e-09 -4.098198375871e-01 
 9.412800000000e-09 -2.971550228119e-01 
 9.422800000000e-09 -1.404227224194e-01 
 9.432800000000e-09  3.928223078222e-02 
 9.442800000000e-09  2.171004540653e-01 
 9.452800000000e-09  3.622120225659e-01 
 9.462800000000e-09  4.461887807015e-01 
 9.472800000000e-09  4.548339247725e-01 
 9.482800000000e-09  3.904348736854e-01 
 9.492800000000e-09  2.665757844935e-01 
 9.502800000000e-09  1.031209566861e-01 
 9.512800000000e-09 -7.851305413443e-02 
 9.522800000000e-09 -2.520211675373e-01 
 9.532800000000e-09 -3.861055885039e-01 
 9.542800000000e-09 -4.545219361213e-01 
 9.552800000000e-09 -4.468642973992e-01 
 9.562800000000e-09 -3.682939459040e-01 
 9.572800000000e-09 -2.341813001027e-01 
 9.582800000000e-09 -6.495632137569e-02 
 9.592800000000e-09  1.174052891158e-01 
 9.602800000000e-09  2.851293568928e-01 
 9.612800000000e-09  4.069220118486e-01 
 9.622800000000e-09  4.592954749484e-01 
 9.632800000000e-09  4.355924956472e-01 
 9.642800000000e-09  3.435747382584e-01 
 9.652800000000e-09  2.001816746509e-01 
 9.662800000000e-09  2.617025220976e-02 
 9.672800000000e-09 -1.556325537350e-01 
 9.682800000000e-09 -3.160931151328e-01 
 9.692800000000e-09 -4.244833395340e-01 
 9.702800000000e-09 -4.605352577879e-01 
 9.712800000000e-09 -4.211603050166e-01 
 9.722800000000e-09 -3.164855101246e-01 
 9.732800000000e-09 -1.647795479729e-01 
 9.742800000000e-09  1.300032434590e-02 
 9.752800000000e-09  1.928874565493e-01 
 9.762800000000e-09  3.446247986413e-01 
 9.772800000000e-09  4.386551060130e-01 
 9.782800000000e-09  4.582756256392e-01 
 9.792800000000e-09  4.037123296873e-01 
 9.802800000000e-09  2.872364503637e-01 
 9.812800000000e-09  1.281714864940e-01 
 9.822800000000e-09 -5.230098300794e-02 
 9.832800000000e-09 -2.288534008328e-01 
 9.842800000000e-09 -3.704532875458e-01 
 9.852800000000e-09 -4.493348536859e-01 
 9.862800000000e-09 -4.525607181785e-01 
 9.872800000000e-09 -3.833938170675e-01 
 9.882800000000e-09 -2.560336923520e-01 
 9.892800000000e-09 -9.056299482653e-02 
 9.902800000000e-09  9.144734699450e-02 
 9.912800000000e-09  2.632014761069e-01 
 9.922800000000e-09  3.933453400070e-01 
 9.932800000000e-09  4.564898340043e-01 
 9.942800000000e-09  4.434843873635e-01 
 9.952800000000e-09  3.603780568013e-01 
 9.962800000000e-09  2.230858732335e-01 
 9.972800000000e-09  5.216757447503e-02 
 9.982800000000e-09 -1.301527220617e-01 
 9.992800000000e-09 -2.956325376011e-01 
 1.000000000000e-08 -3.872486740453e-01 
