 1.628000000000e-10  2.314855074692e-02 
 1.728000000000e-10  1.443984182356e-02 
 1.828000000000e-10  3.862103249777e-03 
 1.928000000000e-10 -7.429650877650e-03 
 2.028000000000e-10 -1.816586222826e-02 
 2.128000000000e-10 -2.710161046150e-02 
 2.228000000000e-10 -3.316838864012e-02 
 2.328000000000e-10 -3.559872484247e-02 
 2.428000000000e-10 -3.402482154603e-02 
 2.528000000000e-10 -2.852737960390e-02 
 2.628000000000e-10 -1.963775736001e-02 
 2.728000000000e-10 -8.285386513712e-03 
 2.828000000000e-10  4.297530530514e-03 
 2.928000000000e-10  1.670892004146e-02 
 3.028000000000e-10  2.752741294477e-02 
 3.128000000000e-10  3.547706561945e-02 
 3.228000000000e-10  3.957717129894e-02 
 3.328000000000e-10  3.926434531325e-02 
 3.428000000000e-10  3.446552940093e-02 
 3.528000000000e-10  2.561783871865e-02 
 3.628000000000e-10  1.362461646130e-02 
 3.728000000000e-10 -2.297328758869e-04 
 3.828000000000e-10 -1.441275433250e-02 
 3.928000000000e-10 -2.731222171018e-02 
 4.028000000000e-10 -3.741879440053e-02 
 4.128000000000e-10 -4.350412521287e-02 
 4.228000000000e-10 -4.477212925224e-02 
 4.328000000000e-10 -4.096014902573e-02 
 4.428000000000e-10 -3.238165506426e-02 
 4.528000000000e-10 -1.989802527883e-02 
 4.628000000000e-10 -4.832678647210e-03 
 4.728000000000e-10  1.116522983247e-02 
 4.828000000000e-10  2.629478050546e-02 
 4.928000000000e-10  3.880464912322e-02 
 5.028000000000e-10  4.719638013113e-02 
 5.128000000000e-10  5.040780025664e-02 
 5.228000000000e-10  4.794629978822e-02 
 5.328000000000e-10  3.995748820000e-02 
 5.428000000000e-10  2.721525207547e-02 
 5.528000000000e-10  1.104924853196e-02 
 5.628000000000e-10 -6.787910687486e-03 
 5.728000000000e-10 -2.430521932576e-02 
 5.828000000000e-10 -3.949074563705e-02 
 5.928000000000e-10 -5.054350922492e-02 
 6.028000000000e-10 -5.609395345993e-02 
 6.128000000000e-10 -5.537403863293e-02 
 6.228000000000e-10 -4.831902144099e-02 
 6.328000000000e-10 -3.558441433776e-02 
 6.428000000000e-10 -1.848052954991e-02 
 6.528000000000e-10  1.159141768901e-03 
 6.628000000000e-10  2.116437134393e-02 
 6.728000000000e-10  3.926012550902e-02 
 6.828000000000e-10  5.332362186984e-02 
 6.928000000000e-10  6.164035108427e-02 
 7.028000000000e-10  6.311897125639e-02 
 7.128000000000e-10  5.743248528489e-02 
 7.228000000000e-10  4.506285981245e-02 
 7.328000000000e-10  2.725614637679e-02 
 7.428000000000e-10  5.898660904371e-03 
 7.528000000000e-10 -1.667296203813e-02 
 7.628000000000e-10 -3.791424142124e-02 
 7.728000000000e-10 -5.535470610200e-02 
 7.828000000000e-10 -6.689337580204e-02 
 7.928000000000e-10 -7.106361189555e-02 
 8.028000000000e-10 -6.722023247750e-02 
 8.128000000000e-10 -5.562342621147e-02 
 8.228000000000e-10 -3.741503619915e-02 
 8.328000000000e-10 -1.449978278681e-02 
 8.428000000000e-10  1.064293215135e-02 
 8.528000000000e-10  3.520854155465e-02 
 8.628000000000e-10  5.636824089431e-02 
 8.728000000000e-10  7.160086167010e-02 
 8.828000000000e-10  7.900953180847e-02 
 8.928000000000e-10  7.756738552867e-02 
 9.028000000000e-10  6.724807945544e-02 
 9.128000000000e-10  4.903033865638e-02 
 9.228000000000e-10  2.479321853728e-02 
 9.328000000000e-10 -2.870335374920e-03 
 9.428000000000e-10 -3.090672872943e-02 
 9.528000000000e-10 -5.611750723598e-02 
 9.628000000000e-10 -7.552585806067e-02 
 9.728000000000e-10 -8.674971865250e-02 
 9.828000000000e-10 -8.831417964671e-02 
 9.928000000000e-10 -7.983984924256e-02 
 1.002800000000e-09 -6.208456626006e-02 
 1.012800000000e-09 -3.685374316762e-02 
 1.022800000000e-09 -6.815407716829e-03 
 1.032800000000e-09  2.475406557945e-02 
 1.042800000000e-09  5.429285665407e-02 
 1.052800000000e-09  7.834647549867e-02 
 1.062800000000e-09  9.399559955186e-02 
 1.072800000000e-09  9.924313960627e-02 
 1.082800000000e-09  9.327633685658e-02 
 1.092800000000e-09  7.655871238972e-02 
 1.102800000000e-09  5.076165044705e-02 
 1.112800000000e-09  1.858251197509e-02 
 1.122800000000e-09 -1.651082679493e-02 
 1.132800000000e-09 -5.060463230674e-02 
 1.142800000000e-09 -7.974969091668e-02 
 1.152800000000e-09 -1.004403976496e-01 
 1.162800000000e-09 -1.100840645630e-01 
 1.172800000000e-09 -1.073512863663e-01 
 1.182800000000e-09 -9.233368160074e-02 
 1.192800000000e-09 -6.650419264204e-02 
 1.202800000000e-09 -3.253649823902e-02 
 1.212800000000e-09  5.954081657652e-03 
 1.222800000000e-09  4.473223502419e-02 
 1.232800000000e-09  7.935667177366e-02 
 1.242800000000e-09  1.056986055993e-01 
 1.252800000000e-09  1.204953831779e-01 
 1.262800000000e-09  1.218062524472e-01 
 1.272800000000e-09  1.092562658933e-01 
 1.282800000000e-09  8.404130971536e-02 
 1.292800000000e-09  4.875145088353e-02 
 1.302800000000e-09  7.100572769758e-03 
 1.312800000000e-09 -3.639258012438e-02 
 1.322800000000e-09 -7.680959715648e-02 
 1.332800000000e-09 -1.093738215096e-01 
 1.342800000000e-09 -1.300848910450e-01 
 1.352800000000e-09 -1.362943060476e-01 
 1.362800000000e-09 -1.270607103196e-01 
 1.372800000000e-09 -1.032175404332e-01 
 1.382800000000e-09 -6.720389864391e-02 
 1.392800000000e-09 -2.277542997738e-02 
 1.402800000000e-09  2.531922983793e-02 
 1.412800000000e-09  7.172326215222e-02 
 1.422800000000e-09  1.110109270559e-01 
 1.432800000000e-09  1.383882725132e-01 
 1.442800000000e-09  1.503992260052e-01 
 1.452800000000e-09  1.454200087409e-01 
 1.462800000000e-09  1.238181548949e-01 
 1.472800000000e-09  8.780486573223e-02 
 1.482800000000e-09  4.111858115514e-02 
 1.492800000000e-09 -1.131950693893e-02 
 1.502800000000e-09 -6.376745473100e-02 
 1.512800000000e-09 -1.101721948575e-01 
 1.522800000000e-09 -1.449103266246e-01 
 1.532800000000e-09 -1.636265548351e-01 
 1.542800000000e-09 -1.638947398480e-01 
 1.552800000000e-09 -1.455014531021e-01 
 1.562800000000e-09 -1.103415485386e-01 
 1.572800000000e-09 -6.207224349706e-02 
 1.582800000000e-09 -5.724558618665e-03 
 1.592800000000e-09  5.264619863993e-02 
 1.602800000000e-09  1.064129027988e-01 
 1.612800000000e-09  1.491161179051e-01 
 1.622800000000e-09  1.754220060973e-01 
 1.632800000000e-09  1.819749696875e-01 
 1.642800000000e-09  1.678471148954e-01 
 1.652800000000e-09  1.345110604057e-01 
 1.662800000000e-09  8.547302361491e-02 
 1.672800000000e-09  2.581535131783e-02 
 1.682800000000e-09 -3.816940887284e-02 
 1.692800000000e-09 -9.935891404401e-02 
 1.702800000000e-09 -1.504870875841e-01 
 1.712800000000e-09 -1.851890324177e-01 
 1.722800000000e-09 -1.990608458722e-01 
 1.732800000000e-09 -1.903171041743e-01 
 1.742800000000e-09 -1.598828432836e-01 
 1.752800000000e-09 -1.110302129900e-01 
 1.762800000000e-09 -4.883600774011e-02 
 1.772800000000e-09  2.024647096938e-02 
 1.782800000000e-09  8.870236809415e-02 
 1.792800000000e-09  1.485308235876e-01 
 1.802800000000e-09  1.923193938069e-01 
 1.812800000000e-09  2.145097466819e-01 
 1.822800000000e-09  2.123064569340e-01 
 1.832800000000e-09  1.859402302991e-01 
 1.842800000000e-09  1.383456497478e-01 
 1.852800000000e-09  7.453715202565e-02 
 1.862800000000e-09  1.066510058894e-03 
 1.872800000000e-09 -7.426900290524e-02 
 1.882800000000e-09 -1.428456877133e-01 
 1.892800000000e-09 -1.962350979696e-01 
 1.902800000000e-09 -2.276486647855e-01 
 1.912800000000e-09 -2.331343283083e-01 
 1.922800000000e-09 -2.120653936062e-01 
 1.932800000000e-09 -1.669084284607e-01 
 1.942800000000e-09 -1.025464971459e-01 
 1.952800000000e-09 -2.558071738446e-02 
 1.962800000000e-09  5.601317690292e-02 
 1.972800000000e-09  1.331341688918e-01 
 1.982800000000e-09  1.964231607500e-01 
 1.992800000000e-09  2.378261013717e-01 
 2.002800000000e-09  2.520989548283e-01 
 2.012800000000e-09  2.375850103078e-01 
 2.022800000000e-09  1.961274473335e-01 
 2.032800000000e-09  1.323831363728e-01 
 2.042800000000e-09  5.296432117020e-02 
 2.052800000000e-09 -3.405305785444e-02 
 2.062800000000e-09 -1.192500406775e-01 
 2.072800000000e-09 -1.924789430973e-01 
 2.082800000000e-09 -2.444406337733e-01 
 2.092800000000e-09 -2.684919691225e-01 
 2.102800000000e-09 -2.617743276658e-01 
 2.112800000000e-09 -2.253350171043e-01 
 2.122800000000e-09 -1.634760881540e-01 
 2.132800000000e-09 -8.277254199519e-02 
 2.142800000000e-09  8.647076260251e-03 
 2.152800000000e-09  1.011965656470e-01 
 2.162800000000e-09  1.841290752975e-01 
 2.172800000000e-09  2.469838066320e-01 
 2.182800000000e-09  2.816525240188e-01 
 2.192800000000e-09  2.839096118769e-01 
 2.202800000000e-09  2.538251646672e-01 
 2.212800000000e-09  1.951885147551e-01 
 2.222800000000e-09  1.144615449157e-01 
 2.232800000000e-09  1.980432086580e-02 
 2.242800000000e-09 -7.914531987463e-02 
 2.252800000000e-09 -1.712582485420e-01 
 2.262800000000e-09 -2.450658604595e-01 
 2.272800000000e-09 -2.909877188324e-01 
 2.282800000000e-09 -3.032834268010e-01 
 2.292800000000e-09 -2.808593772906e-01 
 2.302800000000e-09 -2.268250234199e-01 
 2.312800000000e-09 -1.474137603304e-01 
 2.322800000000e-09 -5.079389480270e-02 
 2.332800000000e-09  5.341202205466e-02 
 2.342800000000e-09  1.539082061072e-01 
 2.352800000000e-09  2.384348549192e-01 
 2.362800000000e-09  2.960029387603e-01 
 2.372800000000e-09  3.192483049958e-01 
 2.382800000000e-09  3.057224816159e-01 
 2.392800000000e-09  2.576767629240e-01 
 2.402800000000e-09  1.809677772450e-01 
 2.412800000000e-09  8.372999630936e-02 
 2.422800000000e-09 -2.445031284859e-02 
 2.432800000000e-09 -1.322903089964e-01 
 2.442800000000e-09 -2.270033340190e-01 
 2.452800000000e-09 -2.963328481829e-01 
 2.462800000000e-09 -3.312409723498e-01 
 2.472800000000e-09 -3.277396504767e-01 
 2.482800000000e-09 -2.870360527786e-01 
 2.492800000000e-09 -2.144425181851e-01 
 2.502800000000e-09 -1.179765345949e-01 
 2.512800000000e-09 -7.192273888033e-03 
 2.522800000000e-09  1.067593877501e-01 
 2.532800000000e-09  2.108458888521e-01 
 2.542800000000e-09  2.917604401753e-01 
 2.552800000000e-09  3.388144196379e-01 
 2.562800000000e-09  3.463212586622e-01 
 2.572800000000e-09  3.142391453922e-01 
 2.582800000000e-09  2.471638870343e-01 
 2.592800000000e-09  1.528761837349e-01 
 2.602800000000e-09  4.089842973685e-02 
 2.612800000000e-09 -7.780018814844e-02 
 2.622800000000e-09 -1.902016915257e-01 
 2.632800000000e-09 -2.822274586096e-01 
 2.642800000000e-09 -3.416473523394e-01 
 2.652800000000e-09 -3.609648087163e-01 
 2.662800000000e-09 -3.386819775689e-01 
 2.672800000000e-09 -2.784955675574e-01 
 2.682800000000e-09 -1.877886525055e-01 
 2.692800000000e-09 -7.603260414539e-02 
 2.702800000000e-09  4.597922889690e-02 
 2.712800000000e-09  1.654463185905e-01 
 2.722800000000e-09  2.678347694023e-01 
 2.732800000000e-09  3.395635100524e-01 
 2.742800000000e-09  3.712846374130e-01 
 2.752800000000e-09  3.598474528366e-01 
 2.762800000000e-09  3.078500481537e-01 
 2.772800000000e-09  2.221033352364e-01 
 2.782800000000e-09  1.119634538962e-01 
 2.792800000000e-09 -1.191312672319e-02 
 2.802800000000e-09 -1.370641848866e-01 
 2.812800000000e-09 -2.488238550431e-01 
 2.822800000000e-09 -3.325260821330e-01 
 2.832800000000e-09 -3.770124273492e-01 
 2.842800000000e-09 -3.773069266231e-01 
 2.852800000000e-09 -3.347025663528e-01 
 2.862800000000e-09 -2.552592862843e-01 
 2.872800000000e-09 -1.480956423081e-01 
 2.882800000000e-09 -2.377588590261e-02 
 2.892800000000e-09  1.056112265024e-01 
 2.902800000000e-09  2.255604238727e-01 
 2.912800000000e-09  3.206352148909e-01 
 2.922800000000e-09  3.779989547216e-01 
 2.932800000000e-09  3.907254816343e-01 
 2.942800000000e-09  3.586003125655e-01 
 2.952800000000e-09  2.867465843807e-01 
 2.962800000000e-09  1.838761051340e-01 
 2.972800000000e-09  6.048341237031e-02 
 2.982800000000e-09 -7.168113191178e-02 
 2.992800000000e-09 -1.984988597928e-01 
 3.002800000000e-09 -3.041036191479e-01 
 3.012800000000e-09 -3.741991699613e-01 
 3.022800000000e-09 -3.998546479817e-01 
 3.032800000000e-09 -3.791595029640e-01 
 3.042800000000e-09 -3.160999253906e-01 
 3.052800000000e-09 -2.187976641458e-01 
 3.062800000000e-09 -9.764438824249e-02 
 3.072800000000e-09  3.587027575611e-02 
 3.082800000000e-09  1.681484374156e-01 
 3.092800000000e-09  2.832340874448e-01 
 3.102800000000e-09  3.656647084015e-01 
 3.112800000000e-09  4.045357620157e-01 
 3.122800000000e-09  3.960636383419e-01 
 3.132800000000e-09  3.429018284067e-01 
 3.142800000000e-09  2.524041911092e-01 
 3.152800000000e-09  1.347456455739e-01 
 3.162800000000e-09  1.246856225635e-03 
 3.172800000000e-09 -1.350484411377e-01 
 3.182800000000e-09 -2.584074141660e-01 
 3.192800000000e-09 -3.525387291820e-01 
 3.202800000000e-09 -4.046932994246e-01 
 3.212800000000e-09 -4.090658247944e-01 
 3.222800000000e-09 -3.667945144885e-01 
 3.232800000000e-09 -2.842857388789e-01 
 3.242800000000e-09 -1.713246926992e-01 
 3.252800000000e-09 -3.913287941569e-02 
 3.262800000000e-09  9.974929374009e-02 
 3.272800000000e-09  2.300657272462e-01 
 3.282800000000e-09  3.350500380381e-01 
 3.292800000000e-09  4.003306266155e-01 
 3.302800000000e-09  4.179867301395e-01 
 3.312800000000e-09  3.874724750884e-01 
 3.322800000000e-09  3.140588394910e-01 
 3.332800000000e-09  2.069534758910e-01 
 3.342800000000e-09  7.728611069887e-02 
 3.352800000000e-09 -6.280008626129e-02 
 3.362800000000e-09 -1.986900387099e-01 
 3.372800000000e-09 -3.134905982095e-01 
 3.382800000000e-09 -3.915057895049e-01 
 3.392800000000e-09 -4.226952206986e-01 
 3.402800000000e-09 -4.046659822037e-01 
 3.412800000000e-09 -3.413641716061e-01 
 3.422800000000e-09 -2.412433364640e-01 
 3.432800000000e-09 -1.152582028295e-01 
 3.442800000000e-09  2.471726477286e-02 
 3.452800000000e-09  1.647673833879e-01 
 3.462800000000e-09  2.881952405245e-01 
 3.472800000000e-09  3.783349395598e-01 
 3.482800000000e-09  4.231235382823e-01 
 3.492800000000e-09  4.181570946857e-01 
 3.502800000000e-09  3.658890781919e-01 
 3.512800000000e-09  2.738492511117e-01 
 3.522800000000e-09  1.526535395721e-01 
 3.532800000000e-09  1.402192395577e-02 
 3.542800000000e-09 -1.287866140350e-01 
 3.552800000000e-09 -2.595507443892e-01 
 3.562800000000e-09 -3.610055331621e-01 
 3.572800000000e-09 -4.192666352188e-01 
 3.582800000000e-09 -4.277839199862e-01 
 3.592800000000e-09 -3.873665006361e-01 
 3.602800000000e-09 -3.044445069363e-01 
 3.612800000000e-09 -1.891048280262e-01 
 3.622800000000e-09 -5.297199138481e-02 
 3.632800000000e-09  9.123831635038e-02 
 3.642800000000e-09  2.279864094529e-01 
 3.652800000000e-09  3.397699912349e-01 
 3.662800000000e-09  4.111690971629e-01 
 3.672800000000e-09  4.334231715973e-01 
 3.682800000000e-09  4.055526965798e-01 
 3.692800000000e-09  3.327073479577e-01 
 3.702800000000e-09  2.242658709885e-01 
 3.712800000000e-09  9.172231613232e-02 
 3.722800000000e-09 -5.260029910409e-02 
 3.732800000000e-09 -1.939489751025e-01 
 3.742800000000e-09 -3.149197216769e-01 
 3.752800000000e-09 -3.989117764528e-01 
 3.762800000000e-09 -4.349914387618e-01 
 3.772800000000e-09 -4.202334715253e-01 
 3.782800000000e-09 -3.583429185442e-01 
 3.792800000000e-09 -2.578250239222e-01 
 3.802800000000e-09 -1.299129985488e-01 
 3.812800000000e-09  1.331229765098e-02 
 3.822800000000e-09  1.578800020055e-01 
 3.832800000000e-09  2.867826091810e-01 
 3.842800000000e-09  3.826235715523e-01 
 3.852800000000e-09  4.324512083520e-01 
 3.862800000000e-09  4.312375433289e-01 
 3.872800000000e-09  3.810964347458e-01 
 3.882800000000e-09  2.894957391659e-01 
 3.892800000000e-09  1.672210998205e-01 
 3.902800000000e-09  2.622237983871e-02 
 3.912800000000e-09 -1.202149631331e-01 
 3.922800000000e-09 -2.557253104872e-01 
 3.932800000000e-09 -3.624983625685e-01 
 3.942800000000e-09 -4.258203068203e-01 
 3.952800000000e-09 -4.384382417944e-01 
 3.962800000000e-09 -4.007412652733e-01 
 3.972800000000e-09 -3.189892425512e-01 
 3.982800000000e-09 -2.033335373996e-01 
 3.992800000000e-09 -6.562100202246e-02 
 4.002800000000e-09  8.139551563175e-02 
 4.012800000000e-09  2.221548355382e-01 
 4.022800000000e-09  3.387888682122e-01 
 4.032800000000e-09  4.151525951952e-01 
 4.042800000000e-09  4.417337459909e-01 
 4.052800000000e-09  4.170613498366e-01 
 4.062800000000e-09  3.460182804913e-01 
 4.072800000000e-09  2.379539238043e-01 
 4.082800000000e-09  1.045355166668e-01 
 4.092800000000e-09 -4.184433492049e-02 
 4.102800000000e-09 -1.864842174522e-01 
 4.112800000000e-09 -3.117766634138e-01 
 4.122800000000e-09 -4.005322249180e-01 
 4.132800000000e-09 -4.410595726735e-01 
 4.142800000000e-09 -4.298715391936e-01 
 4.152800000000e-09 -3.703268141230e-01 
 4.162800000000e-09 -2.708157510952e-01 
 4.172800000000e-09 -1.426619135151e-01 
 4.182800000000e-09  1.948055152909e-03 
 4.192800000000e-09  1.491184571593e-01 
 4.202800000000e-09  2.817782999241e-01 
 4.212800000000e-09  3.820933743794e-01 
 4.222800000000e-09  4.363949365370e-01 
 4.232800000000e-09  4.390253321778e-01 
 4.242800000000e-09  3.916915645237e-01 
 4.252800000000e-09  3.016601522528e-01 
 4.262800000000e-09  1.797164875050e-01 
 4.272800000000e-09  3.793605759301e-02 
 4.282800000000e-09 -1.104591267790e-01 
 4.292800000000e-09 -2.491490658107e-01 
 4.302800000000e-09 -3.600356103700e-01 
 4.312800000000e-09 -4.277688158530e-01 
 4.322800000000e-09 -4.444177437001e-01 
 4.332800000000e-09 -4.099037810999e-01 
 4.342800000000e-09 -3.302095910306e-01 
 4.352800000000e-09 -2.154119616897e-01 
 4.362800000000e-09 -7.746089892321e-02 
 4.372800000000e-09  7.091853489377e-02 
 4.382800000000e-09  2.142810589674e-01 
 4.392800000000e-09  3.346095544687e-01 
 4.402800000000e-09  4.152344251471e-01 
 4.412800000000e-09  4.459491582916e-01 
 4.422800000000e-09  4.247595351976e-01 
 4.432800000000e-09  3.562029126294e-01 
 4.442800000000e-09  2.494848668657e-01 
 4.452800000000e-09  1.163209906600e-01 
 4.462800000000e-09 -3.088107412368e-02 
 4.472800000000e-09 -1.775633462945e-01 
 4.482800000000e-09 -3.060914937291e-01 
 4.492800000000e-09 -3.988812508497e-01 
 4.502800000000e-09 -4.435718699437e-01 
 4.512800000000e-09 -4.360952586520e-01 
 4.522800000000e-09 -3.794082508587e-01 
 4.532800000000e-09 -2.816907952848e-01 
 4.542800000000e-09 -1.542429882940e-01 
 4.552800000000e-09 -9.299764990889e-03 
 4.562800000000e-09  1.393779376943e-01 
 4.572800000000e-09  2.747936301088e-01 
 4.582800000000e-09  3.788515024696e-01 
 4.592800000000e-09  4.372767632715e-01 
 4.602800000000e-09  4.437808873972e-01 
 4.612800000000e-09  3.996168834464e-01 
 4.622800000000e-09  3.117778098949e-01 
 4.632800000000e-09  1.909595248440e-01 
 4.642800000000e-09  4.928957752382e-02 
 4.652800000000e-09 -1.001108163440e-01 
 4.662800000000e-09 -2.410695747371e-01 
 4.672800000000e-09 -3.553528429348e-01 
 4.682800000000e-09 -4.270985794389e-01 
 4.692800000000e-09 -4.477149316319e-01 
 4.702800000000e-09 -4.166282345965e-01 
 4.712800000000e-09 -3.394845505784e-01 
 4.722800000000e-09 -2.262062077361e-01 
 4.732800000000e-09 -8.877068293306e-02 
 4.742800000000e-09  6.015229976234e-02 
 4.752800000000e-09  2.053025298778e-01 
 4.762800000000e-09  3.286399642108e-01 
 4.772800000000e-09  4.130973680073e-01 
 4.782800000000e-09  4.478143822334e-01 
 4.792800000000e-09  4.302530055603e-01 
 4.802800000000e-09  3.645615758803e-01 
 4.812800000000e-09  2.597354272077e-01 
 4.822800000000e-09  1.274621391295e-01 
 4.832800000000e-09 -1.986197761563e-02 
 4.842800000000e-09 -1.678645762186e-01 
 4.852800000000e-09 -2.989855519647e-01 
 4.862800000000e-09 -3.953666724071e-01 
 4.872800000000e-09 -4.440389014065e-01 
 4.882800000000e-09 -4.403397420785e-01 
 4.892800000000e-09 -3.867929484976e-01 
 4.902800000000e-09 -2.913124564677e-01 
 4.912800000000e-09 -1.651065741146e-01 
 4.922800000000e-09 -2.042625904720e-02 
 4.932800000000e-09  1.291257057682e-01 
 4.942800000000e-09  2.667046990136e-01 
 4.952800000000e-09  3.740613784616e-01 
 4.962800000000e-09  4.363903867398e-01 
 4.972800000000e-09  4.467688863096e-01 
 4.982800000000e-09  4.059773693494e-01 
 4.992800000000e-09  3.206877986232e-01 
 5.002800000000e-09  2.014456806204e-01 
 5.012800000000e-09  6.039242627726e-02 
 5.022800000000e-09 -8.946433201388e-02 
 5.032800000000e-09 -2.321543907766e-01 
 5.042800000000e-09 -3.494005677037e-01 
 5.052800000000e-09 -4.249086204410e-01 
 5.062800000000e-09 -4.494422623626e-01 
 5.072800000000e-09 -4.219171416324e-01 
 5.082800000000e-09 -3.476047247038e-01 
 5.092800000000e-09 -2.362260826660e-01 
 5.102800000000e-09 -9.973764161401e-02 
 5.112800000000e-09  4.925493752418e-02 
 5.122800000000e-09  1.957091219332e-01 
 5.132800000000e-09  3.216378009822e-01 
 5.142800000000e-09  4.096600722109e-01 
 5.152800000000e-09  4.482927451404e-01 
 5.162800000000e-09  4.344381776536e-01 
 5.172800000000e-09  3.718297533171e-01 
 5.182800000000e-09  2.692122295052e-01 
 5.192800000000e-09  1.381969041069e-01 
 5.202800000000e-09 -8.842535297775e-03 
 5.212800000000e-09 -1.577351505097e-01 
 5.222800000000e-09 -2.910553447420e-01 
 5.232800000000e-09 -3.907497665163e-01 
 5.242800000000e-09 -4.432865893715e-01 
 5.252800000000e-09 -4.433979511691e-01 
 5.262800000000e-09 -3.931551000209e-01 
 5.272800000000e-09 -3.001714027712e-01 
 5.282800000000e-09 -1.755209887727e-01 
 5.292800000000e-09 -3.145229379280e-02 
 5.302800000000e-09  1.185948086854e-01 
 5.312800000000e-09  2.579721586505e-01 
 5.322800000000e-09  3.683465382674e-01 
 5.332800000000e-09  4.344370218619e-01 
 5.342800000000e-09  4.486851313638e-01 
 5.352800000000e-09  4.113831323557e-01 
 5.362800000000e-09  3.288535413377e-01 
 5.372800000000e-09  2.114562192125e-01 
 5.382800000000e-09  7.131904205246e-02 
 5.392800000000e-09 -7.866321883191e-02 
 5.402800000000e-09 -2.227504112602e-01 
 5.412800000000e-09 -3.426806541739e-01 
 5.422800000000e-09 -4.217900647742e-01 
 5.432800000000e-09 -4.502075327207e-01 
 5.442800000000e-09 -4.263208527658e-01 
 5.452800000000e-09 -3.550077293752e-01 
 5.462800000000e-09 -2.457571581007e-01 
 5.472800000000e-09 -1.104732137014e-01 
 5.482800000000e-09  3.830230392543e-02 
 5.492800000000e-09  1.857583428601e-01 
 5.502800000000e-09  3.140084890993e-01 
 5.512800000000e-09  4.054178844149e-01 
 5.522800000000e-09  4.479066146465e-01 
 5.532800000000e-09  4.378039722213e-01 
 5.542800000000e-09  3.784112388984e-01 
 5.552800000000e-09  2.781962613736e-01 
 5.562800000000e-09  1.486616094192e-01 
 5.572800000000e-09  2.154836288486e-03 
 5.582800000000e-09 -1.473564441718e-01 
 5.592800000000e-09 -2.826190272077e-01 
 5.602800000000e-09 -3.854397954365e-01 
 5.612800000000e-09 -4.417608290232e-01 
 5.622800000000e-09 -4.456999523337e-01 
 5.632800000000e-09 -3.988621915616e-01 
 5.642800000000e-09 -3.085370862348e-01 
 5.652800000000e-09 -1.856364438330e-01 
 5.662800000000e-09 -4.239472661630e-02 
 5.672800000000e-09  1.079062852028e-01 
 5.682800000000e-09  2.488411974665e-01 
 5.692800000000e-09  3.620413481980e-01 
 5.702800000000e-09  4.317937548626e-01 
 5.712800000000e-09  4.499045464312e-01 
 5.722800000000e-09  4.161652294782e-01 
 5.732800000000e-09  3.365294250530e-01 
 5.742800000000e-09  2.211477360591e-01 
 5.752800000000e-09  8.211467954953e-02 
 5.762800000000e-09 -6.778062635668e-02 
 5.772800000000e-09 -2.130416513698e-01 
 5.782800000000e-09 -3.354627368062e-01 
 5.792800000000e-09 -4.180571701228e-01 
 5.802800000000e-09 -4.503314728235e-01 
 5.812800000000e-09 -4.301325990737e-01 
 5.822800000000e-09 -3.619288305177e-01 
 5.832800000000e-09 -2.549569474957e-01 
 5.842800000000e-09 -1.210426641869e-01 
 5.852800000000e-09  2.732998237029e-02 
 5.862800000000e-09  1.755827631171e-01 
 5.872800000000e-09  3.059640973118e-01 
 5.882800000000e-09  4.006313853759e-01 
 5.892800000000e-09  4.469319517166e-01 
 5.902800000000e-09  4.406098121323e-01 
 5.912800000000e-09  3.845215659070e-01 
 5.922800000000e-09  2.868388243123e-01 
 5.932800000000e-09  1.589318554871e-01 
 5.942800000000e-09  1.312172685620e-02 
 5.952800000000e-09 -1.368216166411e-01 
 5.962800000000e-09 -2.738431347577e-01 
 5.972800000000e-09 -3.796520544014e-01 
 5.982800000000e-09 -4.396966475836e-01 
 5.992800000000e-09 -4.474730977744e-01 
 6.002800000000e-09 -4.041093061871e-01 
 6.012800000000e-09 -3.165534602219e-01 
 6.022800000000e-09 -1.955347736806e-01 
 6.032800000000e-09 -5.326506633713e-02 
 6.042800000000e-09  9.712212002284e-02 
 6.052800000000e-09  2.394401609643e-01 
 6.062800000000e-09  3.553219327842e-01 
 6.072800000000e-09  4.286570658264e-01 
 6.082800000000e-09  4.506210769421e-01 
 6.092800000000e-09  4.204962216344e-01 
 6.102800000000e-09  3.438490965957e-01 
 6.112800000000e-09  2.306041273136e-01 
 6.122800000000e-09  9.280587699608e-02 
 6.132800000000e-09 -5.685194591839e-02 
 6.142800000000e-09 -2.031217501229e-01 
 6.152800000000e-09 -3.278852055896e-01 
 6.162800000000e-09 -4.138726378737e-01 
 6.172800000000e-09 -4.499816453682e-01 
 6.182800000000e-09 -4.335059333285e-01 
 6.192800000000e-09 -3.684919187202e-01 
 6.202800000000e-09 -2.639079798707e-01 
 6.212800000000e-09 -1.314815411236e-01 
 6.222800000000e-09  1.635410398151e-02 
 6.232800000000e-09  1.652497949858e-01 
 6.242800000000e-09  2.976142470871e-01 
 6.252800000000e-09  3.954357426706e-01 
 6.262800000000e-09  4.455121560552e-01 
 6.272800000000e-09  4.429910123921e-01 
 6.282800000000e-09  3.902737314971e-01 
 6.292800000000e-09  2.952199995559e-01 
 6.302800000000e-09  1.690489371697e-01 
 6.312800000000e-09  2.405558922059e-02 
 6.322800000000e-09 -1.261781527198e-01 
 6.332800000000e-09 -2.648140416478e-01 
 6.342800000000e-09 -3.734984566719e-01 
 6.352800000000e-09 -4.372159557406e-01 
 6.362800000000e-09 -4.488355836330e-01 
 6.372800000000e-09 -4.089982038979e-01 
 6.382800000000e-09 -3.242962094916e-01 
 6.392800000000e-09 -2.052600803809e-01 
 6.402800000000e-09 -6.407092599667e-02 
 6.412800000000e-09  8.627372833497e-02 
 6.422800000000e-09  2.298355955788e-01 
 6.432800000000e-09  3.482788386500e-01 
 6.442800000000e-09  4.251327446149e-01 
 6.452800000000e-09  4.509439587433e-01 
 6.462800000000e-09  4.244718820327e-01 
 6.472800000000e-09  3.508865417595e-01 
 6.482800000000e-09  2.398715093302e-01 
 6.492800000000e-09  1.034065688352e-01 
 6.502800000000e-09 -4.589854616777e-02 
 6.512800000000e-09 -1.930450522565e-01 
 6.522800000000e-09 -3.200272912571e-01 
 6.532800000000e-09 -4.093283213647e-01 
 6.542800000000e-09 -4.492518109210e-01 
 6.552800000000e-09 -4.365261001254e-01 
 6.562800000000e-09 -3.747652272531e-01 
 6.572800000000e-09 -2.726553733650e-01 
 6.582800000000e-09 -1.418084058927e-01 
 6.592800000000e-09  5.385915714018e-03 
 6.602800000000e-09  1.547998984102e-01 
 6.612800000000e-09  2.890230312531e-01 
 6.622800000000e-09  3.899084055425e-01 
 6.632800000000e-09  4.437279668772e-01 
 6.642800000000e-09  4.450226833768e-01 
 6.652800000000e-09  3.957295186423e-01 
 6.662800000000e-09  3.033825423415e-01 
 6.672800000000e-09  1.790338617037e-01 
 6.682800000000e-09  3.495242274423e-02 
 6.692800000000e-09 -1.154558779028e-01 
 6.702800000000e-09 -2.555834261864e-01 
 6.712800000000e-09 -3.670439819467e-01 
 6.722800000000e-09 -4.343876594466e-01 
 6.732800000000e-09 -4.498529885737e-01 
 6.742800000000e-09 -4.135842799237e-01 
 6.752800000000e-09 -3.318055204909e-01 
 6.762800000000e-09 -2.148348212145e-01 
 6.772800000000e-09 -7.481400981407e-02 
 6.782800000000e-09  7.538196979469e-02 
 6.792800000000e-09  2.200681744859e-01 
 6.802800000000e-09  3.409661471850e-01 
 6.812800000000e-09  4.212775792006e-01 
 6.822800000000e-09  4.509269158342e-01 
 6.832800000000e-09  4.281395350973e-01 
 6.842800000000e-09  3.576779259822e-01 
 6.852800000000e-09  2.489717649110e-01 
 6.862800000000e-09  1.139229353517e-01 
 6.872800000000e-09 -3.493202240197e-02 
 6.882800000000e-09 -1.828401663875e-01 
 6.892800000000e-09 -3.119300235373e-01 
 6.902800000000e-09 -4.044707095292e-01 
 6.912800000000e-09 -4.481887206230e-01 
 6.922800000000e-09 -4.392351510579e-01 
 6.932800000000e-09 -3.807821123987e-01 
 6.942800000000e-09 -2.812208819956e-01 
 6.952800000000e-09 -1.520319375454e-01 
 6.962800000000e-09 -5.567897963017e-03 
 6.972800000000e-09  1.442550416726e-01 
 6.982800000000e-09  2.802244382300e-01 
 6.992800000000e-09  3.840893161295e-01 
 7.002800000000e-09  4.416198895508e-01 
 7.012800000000e-09  4.467418332605e-01 
 7.022800000000e-09  4.009188375860e-01 
 7.032800000000e-09  3.113466958950e-01 
 7.042800000000e-09  1.888963543815e-01 
 7.052800000000e-09  4.580916197106e-02 
 7.062800000000e-09 -1.046715955808e-01 
 7.072800000000e-09 -2.461793193132e-01 
 7.082800000000e-09 -3.603226203259e-01 
 7.092800000000e-09 -4.312463830417e-01 
 7.102800000000e-09 -4.505575694447e-01 
 7.112800000000e-09 -4.178942373310e-01 
 7.122800000000e-09 -3.391004090913e-01 
 7.132800000000e-09 -2.242695057577e-01 
 7.142800000000e-09 -8.549438443379e-02 
 7.152800000000e-09  6.445884473404e-02 
 7.162800000000e-09  2.101601939636e-01 
 7.172800000000e-09  3.334122324922e-01 
 7.182800000000e-09  4.171210373942e-01 
 7.192800000000e-09  4.505980545183e-01 
 7.202800000000e-09  4.315231365905e-01 
 7.212800000000e-09  3.642411224229e-01 
 7.222800000000e-09  2.579165655347e-01 
 7.232800000000e-09  1.243573578685e-01 
 7.242800000000e-09 -2.396150228827e-02 
 7.252800000000e-09 -1.725256848286e-01 
 7.262800000000e-09 -3.036182631075e-01 
 7.272800000000e-09 -3.993262581663e-01 
 7.282800000000e-09 -4.468175666765e-01 
 7.292800000000e-09 -4.416545629214e-01 
 7.302800000000e-09 -3.865585828375e-01 
 7.312800000000e-09 -2.896137196700e-01 
 7.322800000000e-09 -1.621543217548e-01 
 7.332800000000e-09 -1.650074866914e-02 
 7.342800000000e-09  1.336305701860e-01 
 7.352800000000e-09  2.712401861189e-01 
 7.362800000000e-09  3.780021409932e-01 
 7.372800000000e-09  4.392101443836e-01 
 7.382800000000e-09  4.481674375550e-01 
 7.392800000000e-09  4.058558345879e-01 
 7.402800000000e-09  3.191207872583e-01 
 7.412800000000e-09  1.986391636614e-01 
 7.422800000000e-09  5.662130315694e-02 
 7.432800000000e-09 -9.383790464077e-02 
 7.442800000000e-09 -2.366204059169e-01 
 7.452800000000e-09 -3.533555106848e-01 
 7.462800000000e-09 -4.278095672200e-01 
 7.472800000000e-09 -4.509622466285e-01 
 7.482800000000e-09 -4.219381553152e-01 
 7.492800000000e-09 -3.461871511432e-01 
 7.502800000000e-09 -2.335669199346e-01 
 7.512800000000e-09 -9.611013965237e-02 
 7.522800000000e-09  5.351236160850e-02 
 7.532800000000e-09  2.001245039870e-01 
 7.542800000000e-09  3.256319042971e-01 
 7.552800000000e-09  4.126767513387e-01 
 7.562800000000e-09  4.499692157338e-01 
 7.572800000000e-09  4.346318372565e-01 
 7.582800000000e-09  3.705821678276e-01 
 7.592800000000e-09  2.667080294848e-01 
 7.602800000000e-09  1.347086834416e-01 
 7.612800000000e-09 -1.299261246680e-02 
 7.622800000000e-09 -1.621118489588e-01 
 7.632800000000e-09 -2.951048607132e-01 
 7.642800000000e-09 -3.939073521033e-01 
 7.652800000000e-09 -4.451489567455e-01 
 7.662800000000e-09 -4.437925364722e-01 
 7.672800000000e-09 -3.921000012803e-01 
 7.682800000000e-09 -2.978361747453e-01 
 7.692800000000e-09 -1.721751569405e-01 
 7.702800000000e-09 -2.740808347859e-02 
 7.712800000000e-09  1.229355962481e-01 
 7.722800000000e-09  2.620822368849e-01 
 7.732800000000e-09  3.716586563780e-01 
 7.742800000000e-09  4.365082915693e-01 
 7.752800000000e-09  4.493067300068e-01 
 7.762800000000e-09  4.105450437877e-01 
 7.772800000000e-09  3.267067011788e-01 
 7.782800000000e-09  2.082622408069e-01 
 7.792800000000e-09  6.738552761966e-02 
 7.802800000000e-09 -8.296250013123e-02 
 7.812800000000e-09 -2.269172584125e-01 
 7.822800000000e-09 -3.461525467806e-01 
 7.832800000000e-09 -4.240889779073e-01 
 7.842800000000e-09 -4.510804834002e-01 
 7.852800000000e-09 -4.257250263423e-01 
 7.862800000000e-09 -3.530709055202e-01 
 7.872800000000e-09 -2.427278543046e-01 
 7.882800000000e-09 -1.066578791158e-01 
 7.892800000000e-09  4.255116532556e-02 
 7.902800000000e-09  1.899743214709e-01 
 7.912800000000e-09  3.176402226241e-01 
 7.922800000000e-09  4.079583527114e-01 
 7.932800000000e-09  4.490517979006e-01 
 7.942800000000e-09  4.374739629838e-01 
 7.952800000000e-09  3.767059663328e-01 
 7.962800000000e-09  2.753474674613e-01 
 7.972800000000e-09  1.449746208716e-01 
 7.982800000000e-09 -2.032540113859e-03 
 7.992800000000e-09 -1.516103277729e-01 
 8.002800000000e-09 -2.864038593736e-01 
 8.012800000000e-09 -3.882271701309e-01 
 8.022800000000e-09 -4.431935381809e-01 
 8.032800000000e-09 -4.456566331073e-01 
 8.042800000000e-09 -3.974105030331e-01 
 8.052800000000e-09 -3.058888879291e-01 
 8.062800000000e-09 -1.820922837657e-01 
 8.072800000000e-09 -3.828365392203e-02 
 8.082800000000e-09  1.121808475985e-01 
 8.092800000000e-09  2.527639058798e-01 
 8.102800000000e-09  3.650715259352e-01 
 8.112800000000e-09  4.335240445567e-01 
 8.122800000000e-09  4.501664625836e-01 
 8.132800000000e-09  4.149899593237e-01 
 8.142800000000e-09  3.341048887753e-01 
 8.152800000000e-09  2.177638429670e-01 
 8.162800000000e-09  7.809683775300e-02 
 8.172800000000e-09 -7.205464918302e-02 
 8.182800000000e-09 -2.170817921794e-01 
 8.192800000000e-09 -3.387257698498e-01 
 8.202800000000e-09 -4.200918390121e-01 
 8.212800000000e-09 -4.509151049379e-01 
 8.222800000000e-09 -4.292558203437e-01 
 8.232800000000e-09 -3.597508327676e-01 
 8.242800000000e-09 -2.517515558484e-01 
 8.252800000000e-09 -1.171345025598e-01 
 8.262800000000e-09  3.158249623031e-02 
 8.272800000000e-09  1.797188989418e-01 
 8.282800000000e-09  3.094463151243e-01 
 8.292800000000e-09  4.029724211109e-01 
 8.302800000000e-09  4.478497321892e-01 
 8.312800000000e-09  4.400508018403e-01 
 8.322800000000e-09  3.826116130244e-01 
 8.332800000000e-09  2.838320632342e-01 
 8.342800000000e-09  1.551510331645e-01 
 8.352800000000e-09  8.912053026594e-03 
 8.362800000000e-09 -1.410300477790e-01 
 8.372800000000e-09 -2.775247950153e-01 
 8.382800000000e-09 -3.822931449274e-01 
 8.392800000000e-09 -4.409555779952e-01 
 8.402800000000e-09 -4.472482166260e-01 
 8.412800000000e-09 -4.024889328338e-01 
 8.422800000000e-09 -3.137686507165e-01 
 8.432800000000e-09 -1.919016070238e-01 
 8.442800000000e-09 -4.912131256313e-02 
 8.452800000000e-09  1.013750217874e-01 
 8.462800000000e-09  2.432948346901e-01 
 8.472800000000e-09  3.582485386221e-01 
 8.482800000000e-09  4.302616315808e-01 
 8.492800000000e-09  4.507480092663e-01 
 8.502800000000e-09  4.191894500220e-01 
 8.512800000000e-09  3.413123818525e-01 
 8.522800000000e-09  2.271402968733e-01 
 8.532800000000e-09  8.875004504893e-02 
 8.542800000000e-09 -6.112206307380e-02 
 8.552800000000e-09 -2.071229130861e-01 
 8.562800000000e-09 -3.310828229164e-01 
 8.572800000000e-09 -4.158224665531e-01 
 8.582800000000e-09 -4.504677474715e-01 
 8.592800000000e-09 -4.325297937869e-01 
 8.602800000000e-09 -3.662244463756e-01 
 8.612800000000e-09 -2.606338080044e-01 
 8.622800000000e-09 -1.275351094817e-01 
 8.632800000000e-09  2.061273278834e-02 
 8.642800000000e-09  1.693660248823e-01 
 8.652800000000e-09  3.010575987755e-01 
 8.662800000000e-09  3.977237325446e-01 
 8.672800000000e-09  4.463649939796e-01 
 8.682800000000e-09  4.423600853494e-01 
 8.692800000000e-09  3.882960025229e-01 
 8.702800000000e-09  2.921597692098e-01 
 8.712800000000e-09  1.652350087973e-01 
 8.722800000000e-09  1.983649980984e-02 
 8.732800000000e-09 -1.303777107381e-01 
 8.742800000000e-09 -2.684749430100e-01 
 8.752800000000e-09 -3.761107929681e-01 
 8.762800000000e-09 -4.384377398437e-01 
 8.772800000000e-09 -4.485677400726e-01 
 8.782800000000e-09 -4.073338946069e-01 
 8.792800000000e-09 -3.214728272847e-01 
 8.802800000000e-09 -2.016003082981e-01 
 8.812800000000e-09 -5.991691009853e-02 
 8.822800000000e-09  9.052452273448e-02 
 8.832800000000e-09  2.336822721779e-01 
 8.842800000000e-09  3.511957959957e-01 
 8.852800000000e-09  4.267217670432e-01 
 8.862800000000e-09  4.510480028131e-01 
 8.872800000000e-09  4.231395697753e-01 
 8.882800000000e-09  3.483251493328e-01 
 8.892800000000e-09  2.363885865810e-01 
 8.902800000000e-09  9.934247888500e-02 
 8.912800000000e-09 -5.016842298660e-02 
 8.922800000000e-09 -1.970444590314e-01 
 8.932800000000e-09 -3.232260955391e-01 
 8.942800000000e-09 -4.112803375169e-01 
 8.952800000000e-09 -4.497361399463e-01 
 8.962800000000e-09 -4.355435902442e-01 
 8.972800000000e-09 -3.724882133360e-01 
 8.982800000000e-09 -2.693714779236e-01 
 8.992800000000e-09 -1.378571356688e-01 
 9.002800000000e-09  9.645209718632e-03 
 9.012800000000e-09  1.589195751721e-01 
 9.022800000000e-09  2.924773242308e-01 
 9.032800000000e-09  3.922131587708e-01 
 9.042800000000e-09  4.445962409241e-01 
 9.052800000000e-09  4.444044104271e-01 
 9.062800000000e-09  3.937578186861e-01 
 9.072800000000e-09  3.003217741229e-01 
 9.082800000000e-09  1.752192128852e-01 
 9.092800000000e-09  3.073303565505e-02 
 9.102800000000e-09 -1.196614120307e-01 
 9.112800000000e-09 -2.592611818749e-01 
 9.122800000000e-09 -3.696833524402e-01 
 9.132800000000e-09 -4.356387956431e-01 
 9.142800000000e-09 -4.496107112566e-01 
 9.152800000000e-09 -4.119386835222e-01 
 9.162800000000e-09 -3.289936720131e-01 
 9.172800000000e-09 -2.111812587318e-01 
 9.182800000000e-09 -7.066315167699e-02 
 9.192800000000e-09  7.963746624571e-02 
 9.202800000000e-09  2.239336386680e-01 
 9.212800000000e-09  3.439168423613e-01 
 9.222800000000e-09  4.229077120254e-01 
 9.232800000000e-09  4.510702542020e-01 
 9.242800000000e-09  4.268395659482e-01 
 9.252800000000e-09  3.551395436985e-01 
 9.262800000000e-09  2.455025263694e-01 
 9.272800000000e-09  1.098661654538e-01 
 9.282800000000e-09 -3.920407787938e-02 
 9.292800000000e-09 -1.868583261332e-01 
 9.302800000000e-09 -3.151664440416e-01 
 9.312800000000e-09 -4.064726258561e-01 
 9.322800000000e-09 -4.487237135248e-01 
 9.332800000000e-09 -4.382970779731e-01 
 9.342800000000e-09 -3.785389933409e-01 
 9.352800000000e-09 -2.779590791036e-01 
 9.362800000000e-09 -1.480933510772e-01 
 9.372800000000e-09 -1.310291328597e-03 
 9.382800000000e-09  1.483912592063e-01 
 9.392800000000e-09  2.837169721206e-01 
 9.402800000000e-09  3.864490945747e-01 
 9.412800000000e-09  4.425476633231e-01 
 9.422800000000e-09  4.461786592101e-01 
 9.432800000000e-09  3.989917546189e-01 
 9.442800000000e-09  3.083174569100e-01 
 9.452800000000e-09  1.851009508868e-01 
 9.462800000000e-09  4.159666592505e-02 
 9.472800000000e-09 -1.088891596239e-01 
 9.482800000000e-09 -2.498928975130e-01 
 9.492800000000e-09 -3.630189479467e-01 
 9.502800000000e-09 -4.325638229973e-01 
 9.512800000000e-09 -4.503797805728e-01 
 9.522800000000e-09 -4.163036065242e-01 
 9.532800000000e-09 -3.363297255028e-01 
 9.542800000000e-09 -2.206421554396e-01 
 9.552800000000e-09 -8.135595202033e-02 
 9.562800000000e-09  6.872087871649e-02 
 9.572800000000e-09  2.140575047103e-01 
 9.582800000000e-09  3.364197901014e-01 
 9.592800000000e-09  4.188225968272e-01 
 9.602800000000e-09  4.508138534957e-01 
 9.612800000000e-09  4.302874720801e-01 
 9.622800000000e-09  3.617528882141e-01 
 9.632800000000e-09  2.544806344743e-01 
 9.642800000000e-09  1.203185786993e-01 
 9.652800000000e-09 -2.823442979951e-02 
 9.662800000000e-09 -1.765708986106e-01 
 9.672800000000e-09 -3.069095572691e-01 
 9.682800000000e-09 -4.014023326072e-01 
 9.692800000000e-09 -4.474310875567e-01 
 9.702800000000e-09 -4.407888487396e-01 
 9.712800000000e-09 -3.843740918105e-01 
 9.722800000000e-09 -2.863930304099e-01 
 9.732800000000e-09 -1.582400007742e-01 
 9.742800000000e-09 -1.224857641840e-02 
 9.752800000000e-09  1.377876286428e-01 
 9.762800000000e-09  2.747831253440e-01 
 9.772800000000e-09  3.804358239566e-01 
 9.782800000000e-09  4.402205549373e-01 
 9.792800000000e-09  4.476835596027e-01 
 9.802800000000e-09  4.039957360692e-01 
 9.812800000000e-09  3.161411707874e-01 
 9.822800000000e-09  1.948749231787e-01 
 9.832800000000e-09  5.242103585866e-02 
 9.842800000000e-09 -9.806881562875e-02 
 9.852800000000e-09 -2.403779725752e-01 
 9.862800000000e-09 -3.561232804648e-01 
 9.872800000000e-09 -4.292124830820e-01 
 9.882800000000e-09 -4.508698668736e-01 
 9.892800000000e-09 -4.204225032698e-01 
 9.902800000000e-09 -3.434744270585e-01 
 9.912800000000e-09 -2.299775503260e-01 
 9.922800000000e-09 -9.199030478253e-02 
 9.932800000000e-09  5.778034309069e-02 
 9.942800000000e-09  2.040589658093e-01 
 9.952800000000e-09  3.287073020035e-01 
 9.962800000000e-09  4.144652744946e-01 
 9.972800000000e-09  4.502751356220e-01 
 9.982800000000e-09  4.334780200929e-01 
 9.992800000000e-09  3.681593965952e-01 
 1.000000000000e-08  2.956535849319e-01 
