 1.628000000000e-10  1.129922357292e-02 
 1.728000000000e-10 -1.787746182207e-03 
 1.828000000000e-10 -1.510357930160e-02 
 1.928000000000e-10 -2.681647335397e-02 
 2.028000000000e-10 -3.522572188694e-02 
 2.128000000000e-10 -3.903823508484e-02 
 2.228000000000e-10 -3.760378637970e-02 
 2.328000000000e-10 -3.102242857893e-02 
 2.428000000000e-10 -2.011957814798e-02 
 2.528000000000e-10 -6.297169830405e-03 
 2.628000000000e-10  8.665721731697e-03 
 2.728000000000e-10  2.283822613834e-02 
 2.828000000000e-10  3.435444115156e-02 
 2.928000000000e-10  4.163730052505e-02 
 3.028000000000e-10  4.359886157282e-02 
 3.128000000000e-10  3.980771495787e-02 
 3.228000000000e-10  3.057284186817e-02 
 3.328000000000e-10  1.694014722881e-02 
 3.428000000000e-10  5.833659096034e-04 
 3.528000000000e-10 -1.638127265273e-02 
 3.628000000000e-10 -3.165771645937e-02 
 3.728000000000e-10 -4.307987882471e-02 
 3.828000000000e-10 -4.894794819924e-02 
 3.928000000000e-10 -4.830957462527e-02 
 4.028000000000e-10 -4.112255181368e-02 
 4.128000000000e-10 -2.824799867844e-02 
 4.228000000000e-10 -1.130748516948e-02 
 4.328000000000e-10  7.548310176280e-03 
 4.428000000000e-10  2.589518468920e-02 
 4.528000000000e-10  4.131068907656e-02 
 4.628000000000e-10  5.166105869016e-02 
 4.728000000000e-10  5.539839817016e-02 
 4.828000000000e-10  5.180737587617e-02 
 4.928000000000e-10  4.114812008362e-02 
 5.028000000000e-10  2.464461376174e-02 
 5.128000000000e-10  4.338157435121e-03 
 5.228000000000e-10 -1.716316223773e-02 
 5.328000000000e-10 -3.699273929979e-02 
 5.428000000000e-10 -5.239059937637e-02 
 5.528000000000e-10 -6.110148837018e-02 
 5.628000000000e-10 -6.174858335263e-02 
 5.728000000000e-10 -5.407010345621e-02 
 5.828000000000e-10 -3.895565768765e-02 
 5.928000000000e-10 -1.828634882216e-02 
 6.028000000000e-10  5.335530020985e-03 
 6.128000000000e-10  2.889593040892e-02 
 6.228000000000e-10  4.928929832542e-02 
 6.328000000000e-10  6.368315684775e-02 
 6.428000000000e-10  6.992102226034e-02 
 6.528000000000e-10  6.689533798449e-02 
 6.628000000000e-10  5.476354254717e-02 
 6.728000000000e-10  3.494196738051e-02 
 6.828000000000e-10  9.894053751019e-03 
 6.928000000000e-10 -1.719114231381e-02 
 7.028000000000e-10 -4.276320120298e-02 
 7.128000000000e-10 -6.331373280120e-02 
 7.228000000000e-10 -7.585690968600e-02 
 7.328000000000e-10 -7.842806987231e-02 
 7.428000000000e-10 -7.044901887549e-02 
 7.528000000000e-10 -5.282014810902e-02 
 7.628000000000e-10 -2.773736886065e-02 
 7.728000000000e-10  1.657277939881e-03 
 7.828000000000e-10  3.164977097048e-02 
 7.928000000000e-10  5.831868222975e-02 
 8.028000000000e-10  7.795804427927e-02 
 8.128000000000e-10  8.761618549953e-02 
 8.228000000000e-10  8.564108505872e-02 
 8.328000000000e-10  7.202141039683e-02 
 8.428000000000e-10  4.838407555361e-02 
 8.528000000000e-10  1.769454657732e-02 
 8.628000000000e-10 -1.617757816965e-02 
 8.728000000000e-10 -4.887577027300e-02 
 8.828000000000e-10 -7.597924697004e-02 
 8.928000000000e-10 -9.355719114330e-02 
 9.028000000000e-10 -9.885105792903e-02 
 9.128000000000e-10 -9.083538018923e-02 
 9.228000000000e-10 -7.040507398671e-02 
 9.328000000000e-10 -4.014436332673e-02 
 9.428000000000e-10 -3.848510933307e-03 
 9.528000000000e-10  3.395680275449e-02 
 9.628000000000e-10  6.839928819190e-02 
 9.728000000000e-10  9.470602143467e-02 
 9.828000000000e-10  1.088909513074e-01 
 9.928000000000e-10  1.085621439887e-01 
 1.002800000000e-09  9.345416725415e-02 
 1.012800000000e-09  6.544389481545e-02 
 1.022800000000e-09  2.811082251999e-02 
 1.032800000000e-09 -1.387381938411e-02 
 1.042800000000e-09 -5.523529051723e-02 
 1.052800000000e-09 -9.047707598647e-02 
 1.062800000000e-09 -1.144771780771e-01 
 1.072800000000e-09 -1.234215721614e-01 
 1.082800000000e-09 -1.156767914959e-01 
 1.092800000000e-09 -9.211933224032e-02 
 1.102800000000e-09 -5.583384309891e-02 
 1.112800000000e-09 -1.141702620715e-02 
 1.122800000000e-09  3.567934758288e-02 
 1.132800000000e-09  7.952212514055e-02 
 1.142800000000e-09  1.140695766488e-01 
 1.152800000000e-09  1.340132323187e-01 
 1.162800000000e-09  1.359778534367e-01 
 1.172800000000e-09  1.193527668813e-01 
 1.182800000000e-09  8.633198035797e-02 
 1.192800000000e-09  4.127529350874e-02 
 1.202800000000e-09 -1.019780283077e-02 
 1.212800000000e-09 -6.180597769945e-02 
 1.222800000000e-09 -1.068462683947e-01 
 1.232800000000e-09 -1.387337220178e-01 
 1.242800000000e-09 -1.522873531949e-01 
 1.252800000000e-09 -1.450864083869e-01 
 1.262800000000e-09 -1.179955639889e-01 
 1.272800000000e-09 -7.475908329758e-02 
 1.282800000000e-09 -2.097847009369e-02 
 1.292800000000e-09  3.685820940553e-02 
 1.302800000000e-09  9.169925308607e-02 
 1.312800000000e-09  1.360534191221e-01 
 1.322800000000e-09  1.629572300544e-01 
 1.332800000000e-09  1.677862806995e-01 
 1.342800000000e-09  1.495110870840e-01 
 1.352800000000e-09  1.107472701021e-01 
 1.362800000000e-09  5.686087947536e-02 
 1.372800000000e-09 -5.395812460948e-03 
 1.382800000000e-09 -6.869288493814e-02 
 1.392800000000e-09 -1.250563444944e-01 
 1.402800000000e-09 -1.661603490902e-01 
 1.412800000000e-09 -1.851173087133e-01 
 1.422800000000e-09 -1.785704129174e-01 
 1.432800000000e-09 -1.474180565392e-01 
 1.442800000000e-09 -9.626314473247e-02 
 1.452800000000e-09 -3.197258543213e-02 
 1.462800000000e-09  3.782499408238e-02 
 1.472800000000e-09  1.049873489243e-01 
 1.482800000000e-09  1.604402629447e-01 
 1.492800000000e-09  1.952130041915e-01 
 1.502800000000e-09  2.032020990966e-01 
 1.512800000000e-09  1.829571492946e-01 
 1.522800000000e-09  1.376491629801e-01 
 1.532800000000e-09  7.391206576956e-02 
 1.542800000000e-09 -1.511588695473e-04 
 1.552800000000e-09 -7.618096675920e-02 
 1.562800000000e-09 -1.449635887688e-01 
 1.572800000000e-09 -1.961655971339e-01 
 1.582800000000e-09 -2.208876603448e-01 
 1.592800000000e-09 -2.147979409982e-01 
 1.602800000000e-09 -1.789391594603e-01 
 1.612800000000e-09 -1.189674148690e-01 
 1.622800000000e-09 -4.329952548413e-02 
 1.632800000000e-09  3.920824389861e-02 
 1.642800000000e-09  1.194510733516e-01 
 1.652800000000e-09  1.866984974577e-01 
 1.662800000000e-09  2.296455102534e-01 
 1.672800000000e-09  2.406154974345e-01 
 1.682800000000e-09  2.178570890886e-01 
 1.692800000000e-09  1.652433038488e-01 
 1.702800000000e-09  9.090083296290e-02 
 1.712800000000e-09  4.500543119963e-03 
 1.722800000000e-09 -8.465640194036e-02 
 1.732800000000e-09 -1.662366645811e-01 
 1.742800000000e-09 -2.276613739112e-01 
 1.752800000000e-09 -2.578522810394e-01 
 1.762800000000e-09 -2.516408472439e-01 
 1.772800000000e-09 -2.103957039458e-01 
 1.782800000000e-09 -1.409634443066e-01 
 1.792800000000e-09 -5.353550404226e-02 
 1.802800000000e-09  4.175755975595e-02 
 1.812800000000e-09  1.350577446760e-01 
 1.822800000000e-09  2.139456583073e-01 
 1.832800000000e-09  2.645617946156e-01 
 1.842800000000e-09  2.777813694653e-01 
 1.852800000000e-09  2.517957675054e-01 
 1.862800000000e-09  1.913189275218e-01 
 1.872800000000e-09  1.060847935198e-01 
 1.882800000000e-09  7.474876294716e-03 
 1.892800000000e-09 -9.441815014635e-02 
 1.902800000000e-09 -1.883033776498e-01 
 1.912800000000e-09 -2.591745361818e-01 
 1.922800000000e-09 -2.938441640481e-01 
 1.932800000000e-09 -2.866147386086e-01 
 1.942800000000e-09 -2.394012516401e-01 
 1.952800000000e-09 -1.602982906536e-01 
 1.962800000000e-09 -6.135614647038e-02 
 1.972800000000e-09  4.605720869585e-02 
 1.982800000000e-09  1.515736283104e-01 
 1.992800000000e-09  2.410505445669e-01 
 2.002800000000e-09  2.980506168553e-01 
 2.012800000000e-09  3.123507231813e-01 
 2.022800000000e-09  2.823889564806e-01 
 2.032800000000e-09  2.138304293128e-01 
 2.042800000000e-09  1.180023655935e-01 
 2.052800000000e-09  7.993606300411e-03 
 2.062800000000e-09 -1.055145289884e-01 
 2.072800000000e-09 -2.104014044051e-01 
 2.082800000000e-09 -2.891527090820e-01 
 2.092800000000e-09 -3.268063150765e-01 
 2.102800000000e-09 -3.175293791006e-01 
 2.112800000000e-09 -2.639831160753e-01 
 2.122800000000e-09 -1.754979195757e-01 
 2.132800000000e-09 -6.590807279956e-02 
 2.142800000000e-09  5.233395036366e-02 
 2.152800000000e-09  1.685600330257e-01 
 2.162800000000e-09  2.668571845182e-01 
 2.172800000000e-09  3.284415734388e-01 
 2.182800000000e-09  3.424657762889e-01 
 2.192800000000e-09  3.079020852858e-01 
 2.202800000000e-09  2.314188414559e-01 
 2.212800000000e-09  1.258320132203e-01 
 2.222800000000e-09  5.772914458393e-03 
 2.232800000000e-09 -1.177215936472e-01 
 2.242800000000e-09 -2.317411121785e-01 
 2.252800000000e-09 -3.163309940776e-01 
 2.262800000000e-09 -3.552799372654e-01 
 2.272800000000e-09 -3.430037703344e-01 
 2.282800000000e-09 -2.830336324548e-01 
 2.292800000000e-09 -1.858721590149e-01 
 2.302800000000e-09 -6.695162300819e-02 
 2.312800000000e-09  6.045097076482e-02 
 2.322800000000e-09  1.855035842631e-01 
 2.332800000000e-09  2.904717035575e-01 
 2.342800000000e-09  3.546756940433e-01 
 2.352800000000e-09  3.671369904247e-01 
 2.362800000000e-09  3.275661998702e-01 
 2.372800000000e-09  2.436201712410e-01 
 2.382800000000e-09  1.294581291012e-01 
 2.392800000000e-09  9.738558552000e-04 
 2.402800000000e-09 -1.306683044338e-01 
 2.412800000000e-09 -2.517128546374e-01 
 2.422800000000e-09 -3.399935230162e-01 
 2.432800000000e-09 -3.786411612475e-01 
 2.442800000000e-09 -3.626260308517e-01 
 2.452800000000e-09 -2.963827223782e-01 
 2.462800000000e-09 -1.914933263160e-01 
 2.472800000000e-09 -6.475267807252e-02 
 2.482800000000e-09  7.005471620085e-02 
 2.492800000000e-09  2.019735498171e-01 
 2.502800000000e-09  3.114298291311e-01 
 2.512800000000e-09  3.764214659428e-01 
 2.522800000000e-09  3.862607357396e-01 
 2.532800000000e-09  3.415015495921e-01 
 2.542800000000e-09  2.507293092370e-01 
 2.552800000000e-09  1.292973812346e-01 
 2.562800000000e-09 -5.974042166719e-03 
 2.572800000000e-09 -1.439796254232e-01 
 2.582800000000e-09 -2.699954558696e-01 
 2.592800000000e-09 -3.599998884283e-01 
 2.602800000000e-09 -3.970108849660e-01 
 2.612800000000e-09 -3.767557817965e-01 
 2.622800000000e-09 -3.045443318238e-01 
 2.632800000000e-09 -1.929410404870e-01 
 2.642800000000e-09 -5.985731255516e-02 
 2.652800000000e-09  8.073133600061e-02 
 2.662800000000e-09  2.176993512102e-01 
 2.672800000000e-09  3.296747185634e-01 
 2.682800000000e-09  3.939193277964e-01 
 2.692800000000e-09  4.003482755074e-01 
 2.702800000000e-09  3.503868146967e-01 
 2.712800000000e-09  2.534748173182e-01 
 2.722800000000e-09  1.260170480437e-01 
 2.732800000000e-09 -1.457275972151e-02 
 2.742800000000e-09 -1.573666938366e-01 
 2.752800000000e-09 -2.865302831444e-01 
 2.762800000000e-09 -3.766133932053e-01 
 2.772800000000e-09 -4.109582019334e-01 
 2.782800000000e-09 -3.861598384322e-01 
 2.792800000000e-09 -3.083497453251e-01 
 2.802800000000e-09 -1.909894340078e-01 
 2.812800000000e-09 -5.286849326277e-02 
 2.822800000000e-09  9.212126983684e-02 
 2.832800000000e-09  2.325712155970e-01 
 2.842800000000e-09  3.454184251196e-01 
 2.852800000000e-09  4.077135632776e-01 
 2.862800000000e-09  4.101820000750e-01 
 2.872800000000e-09  3.551069635520e-01 
 2.882800000000e-09  2.527101817034e-01 
 2.892800000000e-09  1.203207997550e-01 
 2.902800000000e-09 -2.436276089942e-02 
 2.912800000000e-09 -1.706384233303e-01 
 2.922800000000e-09 -3.014277669606e-01 
 2.932800000000e-09 -3.902939542216e-01 
 2.942800000000e-09 -4.212221121764e-01 
 2.952800000000e-09 -3.917207199933e-01 
 2.962800000000e-09 -3.086862700837e-01 
 2.972800000000e-09 -1.864098108822e-01 
 2.982800000000e-09 -4.433423895608e-02 
 2.992800000000e-09  1.039442864974e-01 
 3.002800000000e-09  2.465777266173e-01 
 3.012800000000e-09  3.589879072951e-01 
 3.022800000000e-09  4.184432227024e-01 
 3.032800000000e-09  4.165839704375e-01 
 3.042800000000e-09  3.565247866779e-01 
 3.052800000000e-09  2.492225467786e-01 
 3.062800000000e-09  1.128190540433e-01 
 3.072800000000e-09 -3.498158998806e-02 
 3.082800000000e-09 -1.836857826376e-01 
 3.092800000000e-09 -3.148693368033e-01 
 3.102800000000e-09 -4.015288113657e-01 
 3.112800000000e-09 -4.285098521570e-01 
 3.122800000000e-09 -3.942399397661e-01 
 3.132800000000e-09 -3.063309227622e-01 
 3.142800000000e-09 -1.798518736560e-01 
 3.152800000000e-09 -3.468858991133e-02 
 3.162800000000e-09  1.160040675463e-01 
 3.172800000000e-09  2.597771958765e-01 
 3.182800000000e-09  3.707320887311e-01 
 3.192800000000e-09  4.266841943362e-01 
 3.202800000000e-09  4.202697290013e-01 
 3.212800000000e-09  3.553826411062e-01 
 3.222800000000e-09  2.436752026626e-01 
 3.232800000000e-09  1.040016529842e-01 
 3.242800000000e-09 -4.615954414697e-02 
 3.252800000000e-09 -1.964550420752e-01 
 3.262800000000e-09 -3.270566378861e-01 
 3.272800000000e-09 -4.107705503283e-01 
 3.282800000000e-09 -4.334415884325e-01 
 3.292800000000e-09 -3.943986990591e-01 
 3.302800000000e-09 -3.019290655449e-01 
 3.312800000000e-09 -1.718389191092e-01 
 3.322800000000e-09 -2.426164634868e-02 
 3.332800000000e-09  1.281712816574e-01 
 3.342800000000e-09  2.722419162863e-01 
 3.352800000000e-09  3.809636662268e-01 
 3.362800000000e-09  4.329427180563e-01 
 3.372800000000e-09  4.218392545095e-01 
 3.382800000000e-09  3.522834839510e-01 
 3.392800000000e-09  2.365947167283e-01 
 3.402800000000e-09  9.424349599423e-02 
 3.412800000000e-09 -5.770322343508e-02 
 3.422800000000e-09 -2.089269994241e-01 
 3.432800000000e-09 -3.381803660521e-01 
 3.442800000000e-09 -4.184036572384e-01 
 3.452800000000e-09 -4.365222185102e-01 
 3.462800000000e-09 -3.927384792034e-01 
 3.472800000000e-09 -2.959839595640e-01 
 3.482800000000e-09 -1.627687543483e-01 
 3.492800000000e-09 -1.329312045230e-02 
 3.502800000000e-09  1.403615613709e-01 
 3.512800000000e-09  2.840517631593e-01 
 3.522800000000e-09  3.899491443931e-01 
 3.532800000000e-09  4.376234425872e-01 
 3.542800000000e-09  4.217544707339e-01 
 3.552800000000e-09  3.476788212361e-01 
 3.562800000000e-09  2.283710715610e-01 
 3.572800000000e-09  8.381357729448e-02 
 3.582800000000e-09 -6.948041562333e-02 
 3.592800000000e-09 -2.210961843076e-01 
 3.602800000000e-09 -3.483947495603e-01 
 3.612800000000e-09 -4.247235248010e-01 
 3.622800000000e-09 -4.381312887425e-01 
 3.632800000000e-09 -3.896610318505e-01 
 3.642800000000e-09 -2.888660880193e-01 
 3.652800000000e-09 -1.529292387204e-01 
 3.662800000000e-09 -1.950987285996e-03 
 3.672800000000e-09  1.525192131068e-01 
 3.682800000000e-09  2.952738841059e-01 
 3.692800000000e-09  3.978937057107e-01 
 3.702800000000e-09  4.410297913611e-01 
 3.712800000000e-09  4.203683570160e-01 
 3.722800000000e-09  3.419206172791e-01 
 3.732800000000e-09  2.193037164098e-01 
 3.742800000000e-09  7.291102729587e-02 
 3.752800000000e-09 -8.139884224619e-02 
 3.762800000000e-09 -2.329687292437e-01 
 3.772800000000e-09 -3.578336041429e-01 
 3.782800000000e-09 -4.299713766495e-01 
 3.792800000000e-09 -4.385702469115e-01 
 3.802800000000e-09 -3.854800931819e-01 
 3.812800000000e-09 -2.808605042164e-01 
 3.822800000000e-09 -1.425385796764e-01 
 3.832800000000e-09  9.641363100579e-03 
 3.842800000000e-09  1.646071184316e-01 
 3.852800000000e-09  3.059697737700e-01 
 3.862800000000e-09  4.049651715590e-01 
 3.872800000000e-09  4.434026802043e-01 
 3.882800000000e-09  4.179505979401e-01 
 3.892800000000e-09  3.352687249889e-01 
 3.902800000000e-09  2.096118148762e-01 
 3.912800000000e-09  6.167849461501e-02 
 3.922800000000e-09 -9.339246519341e-02 
 3.932800000000e-09 -2.445481502388e-01 
 3.942800000000e-09 -3.665971368162e-01 
 3.952800000000e-09 -4.343266214271e-01 
 3.962800000000e-09 -4.380620166403e-01 
 3.972800000000e-09 -3.804270263038e-01 
 3.982800000000e-09 -2.721775213224e-01 
 3.992800000000e-09 -1.317471729811e-01 
 4.002800000000e-09  2.140594139207e-02 
 4.012800000000e-09  1.766028423353e-01 
 4.022800000000e-09  3.161873724360e-01 
 4.032800000000e-09  4.112881414089e-01 
 4.042800000000e-09  4.449172556390e-01 
 4.052800000000e-09  4.146955466792e-01 
 4.062800000000e-09  3.279101066055e-01 
 4.072800000000e-09  1.994500837273e-01 
 4.082800000000e-09  5.021000211250e-02 
 4.092800000000e-09 -1.054229130836e-01 
 4.102800000000e-09 -2.558386163069e-01 
 4.112800000000e-09 -3.747619629236e-01 
 4.122800000000e-09 -4.379295025947e-01 
 4.132800000000e-09 -4.367722220874e-01 
 4.142800000000e-09 -3.746720388037e-01 
 4.152800000000e-09 -2.629721049873e-01 
 4.162800000000e-09 -1.206673593914e-01 
 4.172800000000e-09  3.328433513453e-02 
 4.182800000000e-09  1.884917643591e-01 
 4.192800000000e-09  3.259703220994e-01 
 4.202800000000e-09  4.169645188219e-01 
 4.212800000000e-09  4.457115433658e-01 
 4.222800000000e-09  4.107535193489e-01 
 4.232800000000e-09  3.199873110512e-01 
 4.242800000000e-09  1.889351095691e-01 
 4.252800000000e-09  3.857447739468e-02 
 4.262800000000e-09 -1.174604512274e-01 
 4.272800000000e-09 -2.668586793591e-01 
 4.282800000000e-09 -3.823984828993e-01 
 4.292800000000e-09 -4.408732049629e-01 
 4.302800000000e-09 -4.348188964455e-01 
 4.312800000000e-09 -3.683304225968e-01 
 4.322800000000e-09 -2.533420122420e-01 
 4.332800000000e-09 -1.093672206459e-01 
 4.342800000000e-09  4.524167483022e-02 
 4.352800000000e-09  2.002577595727e-01 
 4.362800000000e-09  3.353401727443e-01 
 4.372800000000e-09  4.220553760211e-01 
 4.382800000000e-09  4.458726442493e-01 
 4.392800000000e-09  4.062214207285e-01 
 4.402800000000e-09  3.115952188067e-01 
 4.412800000000e-09  1.781448019251e-01 
 4.422800000000e-09  2.681571302215e-02 
 4.432800000000e-09 -1.294863255632e-01 
 4.442800000000e-09 -2.776042657766e-01 
 4.452800000000e-09 -3.895418747417e-01 
 4.462800000000e-09 -4.432303686234e-01 
 4.472800000000e-09 -4.322886749676e-01 
 4.482800000000e-09 -3.614945608474e-01 
 4.492800000000e-09 -2.433733470974e-01 
 4.502800000000e-09 -9.790377894079e-02 
 4.512800000000e-09  5.724971191481e-02 
 4.522800000000e-09  2.118896605697e-01 
 4.532800000000e-09  3.443206369148e-01 
 4.542800000000e-09  4.266178489795e-01 
 4.552800000000e-09  4.454769411055e-01 
 4.562800000000e-09  4.011818686000e-01 
 4.572800000000e-09  3.028123053165e-01 
 4.582800000000e-09  1.671414203502e-01 
 4.592800000000e-09  1.496686507152e-02 
 4.602800000000e-09 -1.414846568956e-01 
 4.612800000000e-09 -2.880773272319e-01 
 4.622800000000e-09 -3.962262920324e-01 
 4.632800000000e-09 -4.450587986018e-01 
 4.642800000000e-09 -4.292502454702e-01 
 4.652800000000e-09 -3.542345397683e-01 
 4.662800000000e-09 -2.331297634249e-01 
 4.672800000000e-09 -8.631756055129e-02 
 4.682800000000e-09  6.928859921962e-02 
 4.692800000000e-09  2.233761898879e-01 
 4.702800000000e-09  3.529283334029e-01 
 4.712800000000e-09  4.306935891898e-01 
 4.722800000000e-09  4.445806964082e-01 
 4.732800000000e-09  3.956954517898e-01 
 4.742800000000e-09  2.936971390199e-01 
 4.752800000000e-09  1.559703331107e-01 
 4.762800000000e-09  3.051518146662e-03 
 4.772800000000e-09 -1.534417965923e-01 
 4.782800000000e-09 -2.982770033967e-01 
 4.792800000000e-09 -4.024761829024e-01 
 4.802800000000e-09 -4.464008520371e-01 
 4.812800000000e-09 -4.257381316579e-01 
 4.822800000000e-09 -3.465761166890e-01 
 4.832800000000e-09 -2.226423716176e-01 
 4.842800000000e-09 -7.462772614653e-02 
 4.852800000000e-09  8.134449283045e-02 
 4.862800000000e-09  2.346967993528e-01 
 4.872800000000e-09  3.611559270046e-01 
 4.882800000000e-09  4.342894249501e-01 
 4.892800000000e-09  4.432000927997e-01 
 4.902800000000e-09  3.897842291127e-01 
 4.912800000000e-09  2.842763690804e-01 
 4.922800000000e-09  1.446582552662e-01 
 4.932800000000e-09 -8.911717858830e-03 
 4.942800000000e-09 -1.653373287395e-01 
 4.952800000000e-09 -3.081874552422e-01 
 4.962800000000e-09 -4.082913959960e-01 
 4.972800000000e-09 -4.472690183107e-01 
 4.982800000000e-09 -4.217939196519e-01 
 4.992800000000e-09 -3.385799093836e-01 
 5.002800000000e-09 -2.119625011608e-01 
 5.012800000000e-09 -6.286595834195e-02 
 5.022800000000e-09  9.339954473392e-02 
 5.032800000000e-09  2.458397287653e-01 
 5.042800000000e-09  3.690183592998e-01 
 5.052800000000e-09  4.374424186455e-01 
 5.062800000000e-09  4.413844732819e-01 
 5.072800000000e-09  3.835012096818e-01 
 5.082800000000e-09  2.746009732515e-01 
 5.092800000000e-09  1.332358675969e-01 
 5.102800000000e-09 -2.091170917464e-02 
 5.112800000000e-09 -1.771620401326e-01 
 5.122800000000e-09 -3.178107738574e-01 
 5.132800000000e-09 -4.136936269140e-01 
 5.142800000000e-09 -4.476977677201e-01 
 5.152800000000e-09 -4.174494171469e-01 
 5.162800000000e-09 -3.302728520328e-01 
 5.172800000000e-09 -2.011161365577e-01 
 5.182800000000e-09 -5.104401908706e-02 
 5.192800000000e-09  1.054472141179e-01 
 5.202800000000e-09  2.567889066296e-01 
 5.212800000000e-09  3.765160797052e-01 
 5.222800000000e-09  4.401736298763e-01 
 5.232800000000e-09  4.391582887944e-01 
 5.242800000000e-09  3.768746817718e-01 
 5.252800000000e-09  2.647020305030e-01 
 5.262800000000e-09  1.217258303854e-01 
 5.272800000000e-09 -3.293688355560e-02 
 5.282800000000e-09 -1.889050783465e-01 
 5.292800000000e-09 -3.271471581573e-01 
 5.302800000000e-09 -4.186979796176e-01 
 5.312800000000e-09 -4.477110294908e-01 
 5.322800000000e-09 -4.127320810693e-01 
 5.332800000000e-09 -3.216828600299e-01 
 5.342800000000e-09 -1.901283323542e-01 
 5.352800000000e-09 -3.917391071812e-02 
 5.362800000000e-09  1.174780158338e-01 
 5.372800000000e-09  2.675451780773e-01 
 5.382800000000e-09  3.836610839229e-01 
 5.392800000000e-09  4.424870711723e-01 
 5.402800000000e-09  4.365358160376e-01 
 5.412800000000e-09  3.699167858771e-01 
 5.422800000000e-09  2.545884648595e-01 
 5.432800000000e-09  1.101333952168e-01 
 5.442800000000e-09 -4.498359157352e-02 
 5.452800000000e-09 -2.005498917171e-01 
 5.462800000000e-09 -3.361830505859e-01 
 5.472800000000e-09 -4.232997194572e-01 
 5.482800000000e-09 -4.473115830202e-01 
 5.492800000000e-09 -4.076493790852e-01 
 5.502800000000e-09 -3.128225063157e-01 
 5.512800000000e-09 -1.790124641027e-01 
 5.522800000000e-09 -2.726057661523e-02 
 5.532800000000e-09  1.294853656900e-01 
 5.542800000000e-09  2.780884482149e-01 
 5.552800000000e-09  3.904436064368e-01 
 5.562800000000e-09  4.443897936885e-01 
 5.572800000000e-09  4.335285741198e-01 
 5.582800000000e-09  3.626462060788e-01 
 5.592800000000e-09  2.442836668667e-01 
 5.602800000000e-09  9.847213948619e-02 
 5.612800000000e-09 -5.704430992491e-02 
 5.622800000000e-09 -2.120832988286e-01 
 5.632800000000e-09 -3.449151048708e-01 
 5.642800000000e-09 -4.275074098729e-01 
 5.652800000000e-09 -4.465146472957e-01 
 5.662800000000e-09 -4.022197680179e-01 
 5.672800000000e-09 -3.037117840059e-01 
 5.682800000000e-09 -1.677856003979e-01 
 5.692800000000e-09 -1.531068007694e-02 
 5.702800000000e-09  1.414607063921e-01 
 5.712800000000e-09  2.884076328301e-01 
 5.722800000000e-09  3.968641651818e-01 
 5.732800000000e-09  4.458915204853e-01 
 5.742800000000e-09  4.301509358127e-01 
 5.752800000000e-09  3.550802771082e-01 
 5.762800000000e-09  2.338070128309e-01 
 5.772800000000e-09  8.675258961594e-02 
 5.782800000000e-09 -6.911281669962e-02 
 5.792800000000e-09 -2.234911838043e-01 
 5.802800000000e-09 -3.533390161949e-01 
 5.812800000000e-09 -4.313267141633e-01 
 5.822800000000e-09 -4.453320220286e-01 
 5.832800000000e-09 -3.964577421931e-01 
 5.842800000000e-09 -2.943677357190e-01 
 5.852800000000e-09 -1.564615633649e-01 
 5.862800000000e-09 -3.329878043471e-03 
 5.872800000000e-09  1.533945272430e-01 
 5.882800000000e-09  2.984912183854e-01 
 5.892800000000e-09  4.029219714220e-01 
 5.902800000000e-09  4.469994644418e-01 
 5.912800000000e-09  4.263983249699e-01 
 5.922800000000e-09  3.472072802912e-01 
 5.932800000000e-09  2.231585932455e-01 
 5.942800000000e-09  7.497337724966e-02 
 5.952800000000e-09 -8.118408565502e-02 
 5.962800000000e-09 -2.347499864082e-01 
 5.972800000000e-09 -3.614314983679e-01 
 5.982800000000e-09 -4.347380707229e-01 
 5.992800000000e-09 -4.437478373129e-01 
 6.002800000000e-09 -3.903525145989e-01 
 6.012800000000e-09 -2.847877422411e-01 
 6.022800000000e-09 -1.450420759412e-01 
 6.032800000000e-09  8.679299664937e-03 
 6.042800000000e-09  1.652710112383e-01 
 6.052800000000e-09  3.083157657845e-01 
 6.062800000000e-09  4.085982141137e-01 
 6.072800000000e-09  4.476997421062e-01 
 6.082800000000e-09  4.222823768613e-01 
 6.092800000000e-09  3.390583430131e-01 
 6.102800000000e-09  2.123641879910e-01 
 6.112800000000e-09  6.314768444803e-02 
 6.122800000000e-09 -9.325065906546e-02 
 6.132800000000e-09 -2.458489915409e-01 
 6.142800000000e-09 -3.691972549519e-01 
 6.152800000000e-09 -4.377585763481e-01 
 6.162800000000e-09 -4.417855901064e-01 
 6.172800000000e-09 -3.839293918874e-01 
 6.182800000000e-09 -2.749972983344e-01 
 6.192800000000e-09 -1.335477315067e-01 
 6.202800000000e-09  2.070512350085e-02 
 6.212800000000e-09  1.770773900266e-01 
 6.222800000000e-09  3.178756432883e-01 
 6.232800000000e-09  4.139009565092e-01 
 6.242800000000e-09  4.480101166891e-01 
 6.252800000000e-09  4.178183665460e-01 
 6.262800000000e-09  3.306464305306e-01 
 6.272800000000e-09  2.014413894684e-01 
 6.282800000000e-09  5.128611334486e-02 
 6.292800000000e-09 -1.053000547422e-01 
 6.302800000000e-09 -2.567612321378e-01 
 6.312800000000e-09 -3.766231395539e-01 
 6.322800000000e-09 -4.403958512980e-01 
 6.332800000000e-09 -4.394581699186e-01 
 6.342800000000e-09 -3.772084373481e-01 
 6.352800000000e-09 -2.650226484196e-01 
 6.362800000000e-09 -1.219900919670e-01 
 6.372800000000e-09  3.274683096567e-02 
 6.382800000000e-09  1.888053030159e-01 
 6.392800000000e-09  3.271653486772e-01 
 6.402800000000e-09  4.188341200391e-01 
 6.412800000000e-09  4.479398591083e-01 
 6.422800000000e-09  4.130173784166e-01 
 6.432800000000e-09  3.219838898856e-01 
 6.442800000000e-09  1.904013685967e-01 
 6.452800000000e-09  3.939003574220e-02 
 6.462800000000e-09 -1.173301243887e-01 
 6.472800000000e-09 -2.674898461413e-01 
 6.482800000000e-09 -3.837167617243e-01 
 6.492800000000e-09 -4.426429776158e-01 
 6.502800000000e-09 -4.367648516345e-01 
 6.512800000000e-09 -3.701848355955e-01 
 6.522800000000e-09 -2.548569343570e-01 
 6.532800000000e-09 -1.103654287407e-01 
 6.542800000000e-09  4.480357972646e-02 
 6.552800000000e-09  2.004379235918e-01 
 6.562800000000e-09  3.361672712599e-01 
 6.572800000000e-09  4.233854121425e-01 
 6.582800000000e-09  4.474818083960e-01 
 6.592800000000e-09  4.078765568421e-01 
 6.602800000000e-09  3.130735167320e-01 
 6.612800000000e-09  1.792500210563e-01 
 6.622800000000e-09  2.745972949400e-02 
 6.632800000000e-09 -1.293355629670e-01 
 6.642800000000e-09 -2.780128068548e-01 
 6.652800000000e-09 -3.904628759913e-01 
 6.662800000000e-09 -4.444993492681e-01 
 6.672800000000e-09 -4.337083838542e-01 
 6.682800000000e-09 -3.628689263681e-01 
 6.692800000000e-09 -2.445163741254e-01 
 6.702800000000e-09 -9.868252857415e-02 
 6.712800000000e-09  5.687025644142e-02 
 6.722800000000e-09  2.119617723780e-01 
 6.732800000000e-09  3.448750940729e-01 
 6.742800000000e-09  4.275577952156e-01 
 6.752800000000e-09  4.466442824617e-01 
 6.762800000000e-09  4.024069271642e-01 
 6.772800000000e-09  3.039286364108e-01 
 6.782800000000e-09  1.679991303820e-01 
 6.792800000000e-09  1.549888103038e-02 
 6.802800000000e-09 -1.413086915768e-01 
 6.812800000000e-09 -2.883174025014e-01 
 6.822800000000e-09 -3.968581247839e-01 
 6.832800000000e-09 -4.459691218889e-01 
 6.842800000000e-09 -4.302969923209e-01 
 6.852800000000e-09 -3.552720283339e-01 
 6.862800000000e-09 -2.340154009759e-01 
 6.872800000000e-09 -8.694851082960e-02 
 6.882800000000e-09  6.894212579808e-02 
 6.892800000000e-09  2.233624946534e-01 
 6.902800000000e-09  3.532821119938e-01 
 6.912800000000e-09  4.313529094746e-01 
 6.922800000000e-09  4.454339782071e-01 
 6.932800000000e-09  3.966177681693e-01 
 6.942800000000e-09  2.945614884947e-01 
 6.952800000000e-09  1.566589498978e-01 
 6.962800000000e-09  3.511063769933e-03 
 6.972800000000e-09 -1.532404219711e-01 
 6.982800000000e-09 -2.983908831824e-01 
 6.992800000000e-09 -4.028987832779e-01 
 7.002800000000e-09 -4.470555296184e-01 
 7.012800000000e-09 -4.265217709260e-01 
 7.022800000000e-09 -3.473784136479e-01 
 7.032800000000e-09 -2.233507147793e-01 
 7.042800000000e-09 -7.515980359661e-02 
 7.052800000000e-09  8.101519875956e-02 
 7.062800000000e-09  2.346162503334e-01 
 7.072800000000e-09  3.613634127176e-01 
 7.082800000000e-09  4.347483493798e-01 
 7.092800000000e-09  4.438316006165e-01 
 7.102800000000e-09  3.904946897591e-01 
 7.112800000000e-09  2.849662646141e-01 
 7.122800000000e-09  1.452287623330e-01 
 7.132800000000e-09 -8.502511813829e-03 
 7.142800000000e-09 -1.651152397810e-01 
 7.152800000000e-09 -3.082088812493e-01 
 7.162800000000e-09 -4.085640368934e-01 
 7.172800000000e-09 -4.477419258579e-01 
 7.182800000000e-09 -4.223911308803e-01 
 7.192800000000e-09 -3.392159681967e-01 
 7.202800000000e-09 -2.125455371014e-01 
 7.212800000000e-09 -6.332791002022e-02 
 7.222800000000e-09  9.308266554084e-02 
 7.232800000000e-09  2.457119703646e-01 
 7.242800000000e-09  3.691221709703e-01 
 7.252800000000e-09  4.377588479460e-01 
 7.262800000000e-09  4.418577959401e-01 
 7.272800000000e-09  3.840601605836e-01 
 7.282800000000e-09  2.751659436804e-01 
 7.292800000000e-09  1.337273764511e-01 
 7.302800000000e-09 -2.053107877104e-02 
 7.312800000000e-09 -1.769204531611e-01 
 7.322800000000e-09 -3.177649062359e-01 
 7.332800000000e-09 -4.138602183832e-01 
 7.342800000000e-09 -4.480438309082e-01 
 7.352800000000e-09 -4.179180019456e-01 
 7.362800000000e-09 -3.307955370327e-01 
 7.372800000000e-09 -2.016157124612e-01 
 7.382800000000e-09 -5.146233599389e-02 
 7.392800000000e-09  1.051325081010e-01 
 7.402800000000e-09  2.566223926693e-01 
 7.412800000000e-09  3.765441942297e-01 
 7.422800000000e-09  4.403903866522e-01 
 7.432800000000e-09  4.395235726092e-01 
 7.442800000000e-09  3.773323575812e-01 
 7.452800000000e-09  2.651851547824e-01 
 7.462800000000e-09  1.221652078903e-01 
 7.472800000000e-09 -3.257442322828e-02 
 7.482800000000e-09 -1.886477262196e-01 
 7.492800000000e-09 -3.270528414668e-01 
 7.502800000000e-09 -4.187901068731e-01 
 7.512800000000e-09 -4.479690311448e-01 
 7.522800000000e-09 -4.131119016237e-01 
 7.532800000000e-09 -3.221280038161e-01 
 7.542800000000e-09 -1.905712789841e-01 
 7.552800000000e-09 -3.956375789063e-02 
 7.562800000000e-09  1.171627919996e-01 
 7.572800000000e-09  2.673504166006e-01 
 7.582800000000e-09  3.836363518557e-01 
 7.592800000000e-09  4.426349285434e-01 
 7.602800000000e-09  4.368268101716e-01 
 7.612800000000e-09  3.703050183018e-01 
 7.622800000000e-09  2.550157828920e-01 
 7.632800000000e-09  1.105376645134e-01 
 7.642800000000e-09 -4.463214657329e-02 
 7.652800000000e-09 -2.002802120596e-01 
 7.662800000000e-09 -3.360545410306e-01 
 7.672800000000e-09 -4.233404371140e-01 
 7.682800000000e-09 -4.475091543542e-01 
 7.692800000000e-09 -4.079686945467e-01 
 7.702800000000e-09 -3.132150034777e-01 
 7.712800000000e-09 -1.794172341604e-01 
 7.722800000000e-09 -2.763192497009e-02 
 7.732800000000e-09  1.291683942964e-01 
 7.742800000000e-09  2.778737523283e-01 
 7.752800000000e-09  3.903827261364e-01 
 7.762800000000e-09  4.444909089279e-01 
 7.772800000000e-09  4.337692470622e-01 
 7.782800000000e-09  3.629875404089e-01 
 7.792800000000e-09  2.446732550563e-01 
 7.802800000000e-09  9.885298976424e-02 
 7.812800000000e-09 -5.669939180292e-02 
 7.822800000000e-09 -2.118044161284e-01 
 7.832800000000e-09 -3.447633339165e-01 
 7.842800000000e-09 -4.275135576138e-01 
 7.852800000000e-09 -4.466717453105e-01 
 7.862800000000e-09 -4.024986022100e-01 
 7.872800000000e-09 -3.040691199827e-01 
 7.882800000000e-09 -1.681648034352e-01 
 7.892800000000e-09 -1.567018345589e-02 
 7.902800000000e-09  1.411417439801e-01 
 7.912800000000e-09  2.881795224997e-01 
 7.922800000000e-09  3.967795262389e-01 
 7.932800000000e-09  4.459618786050e-01 
 7.942800000000e-09  4.303584201844e-01 
 7.952800000000e-09  3.553905788897e-01 
 7.962800000000e-09  2.341714433986e-01 
 7.972800000000e-09  8.711793765870e-02 
 7.982800000000e-09 -6.877160209252e-02 
 7.992800000000e-09 -2.232059534344e-01 
 8.002800000000e-09 -3.531722495631e-01 
 8.012800000000e-09 -4.313106527103e-01 
 8.022800000000e-09 -4.454629457228e-01 
 8.032800000000e-09 -3.967103231393e-01 
 8.042800000000e-09 -2.947020701713e-01 
 8.052800000000e-09 -1.568238490485e-01 
 8.062800000000e-09 -3.681880149464e-03 
 8.072800000000e-09  1.530738286402e-01 
 8.082800000000e-09  2.982548350437e-01 
 8.092800000000e-09  4.028227076953e-01 
 8.102800000000e-09  4.470506256242e-01 
 8.112800000000e-09  4.265850686982e-01 
 8.122800000000e-09  3.474981422716e-01 
 8.132800000000e-09  2.235067915834e-01 
 8.142800000000e-09  7.532875504084e-02 
 8.152800000000e-09 -8.084490047725e-02 
 8.162800000000e-09 -2.344610294302e-01 
 8.172800000000e-09 -3.612563166944e-01 
 8.182800000000e-09 -4.347091737325e-01 
 8.192800000000e-09 -4.438632570794e-01 
 8.202800000000e-09 -3.905892369278e-01 
 8.212800000000e-09 -2.851078108672e-01 
 8.222800000000e-09 -1.453934655360e-01 
 8.232800000000e-09  8.331914672617e-03 
 8.242800000000e-09  1.649492221897e-01 
 8.252800000000e-09  3.080753079221e-01 
 8.262800000000e-09  4.084913508807e-01 
 8.272800000000e-09  4.477403385821e-01 
 8.282800000000e-09  4.224571666488e-01 
 8.292800000000e-09  3.393375443834e-01 
 8.302800000000e-09  2.127021221184e-01 
 8.312800000000e-09  6.349670253119e-02 
 8.322800000000e-09 -9.291256461264e-02 
 8.332800000000e-09 -2.455584691878e-01 
 8.342800000000e-09 -3.690184101518e-01 
 8.352800000000e-09 -4.377234181750e-01 
 8.362800000000e-09 -4.418928334560e-01 
 8.372800000000e-09 -3.841573308527e-01 
 8.382800000000e-09 -2.753089177262e-01 
 8.392800000000e-09 -1.338921910727e-01 
 8.402800000000e-09  2.036057220132e-02 
 8.412800000000e-09  1.767552379631e-01 
 8.422800000000e-09  3.176342667771e-01 
 8.432800000000e-09  4.137914726108e-01 
 8.442800000000e-09  4.480461414818e-01 
 8.452800000000e-09  4.179873273496e-01 
 8.462800000000e-09  3.309193953886e-01 
 8.472800000000e-09  2.017730691760e-01 
 8.482800000000e-09  5.163114424827e-02 
 8.492800000000e-09 -1.049626565283e-01 
 8.502800000000e-09 -2.564709806521e-01 
 8.512800000000e-09 -3.764441968680e-01 
 8.522800000000e-09 -4.403591697638e-01 
 8.532800000000e-09 -4.395624743842e-01 
 8.542800000000e-09 -3.774325990460e-01 
 8.552800000000e-09 -2.653298649356e-01 
 8.562800000000e-09 -1.223303627518e-01 
 8.572800000000e-09  3.240390283894e-02 
 8.582800000000e-09  1.884835335303e-01 
 8.592800000000e-09  3.269255230688e-01 
 8.602800000000e-09  4.187257384089e-01 
 8.612800000000e-09  4.479756889459e-01 
 8.622800000000e-09  4.131849349457e-01 
 8.632800000000e-09  3.222544619245e-01 
 8.642800000000e-09  1.907295971441e-01 
 8.652800000000e-09  3.973273031946e-02 
 8.662800000000e-09 -1.169932340711e-01 
 8.672800000000e-09 -2.672014308580e-01 
 8.682800000000e-09 -3.835405083464e-01 
 8.692800000000e-09 -4.426083141052e-01 
 8.702800000000e-09 -4.368698871689e-01 
 8.712800000000e-09 -3.704085263565e-01 
 8.722800000000e-09 -2.551623202079e-01 
 8.732800000000e-09 -1.107032407647e-01 
 8.742800000000e-09  4.446159217400e-02 
 8.752800000000e-09  2.001172637370e-01 
 8.762800000000e-09  3.359308062556e-01 
 8.772800000000e-09  4.232806812120e-01 
 8.782800000000e-09  4.475203682354e-01 
 8.792800000000e-09  4.080456102736e-01 
 8.802800000000e-09  3.133441618306e-01 
 8.812800000000e-09  1.795765535026e-01 
 8.822800000000e-09  2.780112218813e-02 
 8.832800000000e-09 -1.289992113656e-01 
 8.842800000000e-09 -2.777274603294e-01 
 8.852800000000e-09 -3.902912708999e-01 
 8.862800000000e-09 -4.444690924223e-01 
 8.872800000000e-09 -4.338166629469e-01 
 8.882800000000e-09 -3.630944249463e-01 
 8.892800000000e-09 -2.448216369862e-01 
 8.902800000000e-09 -9.901902716915e-02 
 8.912800000000e-09  5.652881130342e-02 
 8.922800000000e-09  2.116429437896e-01 
 8.932800000000e-09  3.446434095217e-01 
 8.942800000000e-09  4.274585922241e-01 
 8.952800000000e-09  4.466876559592e-01 
 8.962800000000e-09  4.025795033479e-01 
 8.972800000000e-09  3.042010106586e-01 
 8.982800000000e-09  1.683251203746e-01 
 8.992800000000e-09  1.583963325505e-02 
 9.002800000000e-09 -1.409730462581e-01 
 9.012800000000e-09 -2.880361737530e-01 
 9.022800000000e-09 -3.966926523459e-01 
 9.032800000000e-09 -4.459449998247e-01 
 9.042800000000e-09 -4.304102764075e-01 
 9.052800000000e-09 -3.555008866621e-01 
 9.062800000000e-09 -2.343216351125e-01 
 9.072800000000e-09 -8.728444794399e-02 
 9.082800000000e-09  6.860102612481e-02 
 9.092800000000e-09  2.230461959285e-01 
 9.102800000000e-09  3.530563348873e-01 
 9.112800000000e-09  4.312606127273e-01 
 9.122800000000e-09  4.454836433192e-01 
 9.132800000000e-09  3.967952594034e-01 
 9.142800000000e-09  2.948366737699e-01 
 9.152800000000e-09  1.569851310333e-01 
 9.162800000000e-09  3.851585458847e-03 
 9.172800000000e-09 -1.529057529299e-01 
 9.182800000000e-09 -2.981146620509e-01 
 9.192800000000e-09 -4.027405751105e-01 
 9.202800000000e-09 -4.470387819668e-01 
 9.212800000000e-09 -4.266415563168e-01 
 9.222800000000e-09 -3.476120866139e-01 
 9.232800000000e-09 -2.236588528922e-01 
 9.242800000000e-09 -7.549580337830e-02 
 9.252800000000e-09  8.067437513069e-02 
 9.262800000000e-09  2.343033054481e-01 
 9.272800000000e-09  3.611447360339e-01 
 9.282800000000e-09  4.346643504838e-01 
 9.292800000000e-09  4.438889946043e-01 
 9.302800000000e-09  3.906784004102e-01 
 9.312800000000e-09  2.852452077173e-01 
 9.322800000000e-09  1.455557392977e-01 
 9.332800000000e-09 -8.161952671840e-03 
 9.342800000000e-09 -1.647819715258e-01 
 9.352800000000e-09 -3.079386252589e-01 
 9.362800000000e-09 -4.084142307083e-01 
 9.372800000000e-09 -4.477337518312e-01 
 9.382800000000e-09 -4.225183589230e-01 
 9.392800000000e-09 -3.394550669214e-01 
 9.402800000000e-09 -2.128559626730e-01 
 9.412800000000e-09 -6.366426997572e-02 
 9.422800000000e-09  9.274215766334e-02 
 9.432800000000e-09  2.454030252480e-01 
 9.442800000000e-09  3.689113248000e-01 
 9.452800000000e-09  4.376838887120e-01 
 9.462800000000e-09  4.419236343196e-01 
 9.472800000000e-09  3.842507002799e-01 
 9.482800000000e-09  2.754490194686e-01 
 9.492800000000e-09  1.340553864657e-01 
 9.502800000000e-09 -2.019039974034e-02 
 9.512800000000e-09 -1.765890083617e-01 
 9.522800000000e-09 -3.175012829277e-01 
 9.532800000000e-09 -4.137194774050e-01 
 9.542800000000e-09 -4.480448487020e-01 
 9.552800000000e-09 -4.180532086902e-01 
 9.562800000000e-09 -3.310404183589e-01 
 9.572800000000e-09 -2.019285598087e-01 
 9.582800000000e-09 -5.179917977515e-02 
 9.592800000000e-09  1.047924759629e-01 
 9.602800000000e-09  2.563180618288e-01 
 9.612800000000e-09  3.763417319013e-01 
 9.622800000000e-09  4.403249732025e-01 
 9.632800000000e-09  4.395983432229e-01 
 9.642800000000e-09  3.775301603603e-01 
 9.652800000000e-09  2.654725947618e-01 
 9.662800000000e-09  1.224944498416e-01 
 9.672800000000e-09 -3.223352856305e-02 
 9.682800000000e-09 -1.883185122263e-01 
 9.692800000000e-09 -3.267964342889e-01 
 9.702800000000e-09 -4.186589853681e-01 
 9.712800000000e-09 -4.479797475802e-01 
 9.722800000000e-09 -4.132555206177e-01 
 9.732800000000e-09 -3.223789417739e-01 
 9.742800000000e-09 -1.908866560640e-01 
 9.752800000000e-09 -3.990123001658e-02 
 9.762800000000e-09  1.168233543706e-01 
 9.772800000000e-09  2.670512754136e-01 
 9.782800000000e-09  3.834428292056e-01 
 9.792800000000e-09  4.425795310574e-01 
 9.802800000000e-09  4.369107918775e-01 
 9.812800000000e-09  3.705101469055e-01 
 9.822800000000e-09  2.553074989108e-01 
 9.832800000000e-09  1.108681236682e-01 
 9.842800000000e-09 -4.429106937309e-02 
 9.852800000000e-09 -1.999536402837e-01 
 9.862800000000e-09 -3.358057305987e-01 
 9.872800000000e-09 -4.232191706781e-01 
 9.882800000000e-09 -4.475297046640e-01 
 9.892800000000e-09 -4.081207867008e-01 
 9.902800000000e-09 -3.134719444202e-01 
 9.912800000000e-09 -1.797350315821e-01 
 9.922800000000e-09 -2.797004461816e-02 
 9.932800000000e-09  1.288297288877e-01 
 9.942800000000e-09  2.775802572968e-01 
 9.952800000000e-09  3.901984451383e-01 
 9.962800000000e-09  4.444456934341e-01 
 9.972800000000e-09  4.338625215302e-01 
 9.982800000000e-09  3.631999822099e-01 
 9.992800000000e-09  2.449690934402e-01 
 1.000000000000e-08  1.410505564788e-01 
