 1.628000000000e-10  1.649405625489e-02 
 1.728000000000e-10  5.182168796058e-03 
 1.828000000000e-10 -7.093862428475e-03 
 1.928000000000e-10 -1.880576832066e-02 
 2.028000000000e-10 -2.844503748655e-02 
 2.128000000000e-10 -3.471896554162e-02 
 2.228000000000e-10 -3.673859655001e-02 
 2.328000000000e-10 -3.414676489300e-02 
 2.428000000000e-10 -2.717795020948e-02 
 2.528000000000e-10 -1.662594311999e-02 
 2.628000000000e-10 -3.747370608903e-03 
 2.728000000000e-10  9.894750656573e-03 
 2.828000000000e-10  2.261247755281e-02 
 2.928000000000e-10  3.279744424203e-02 
 3.028000000000e-10  3.911481832303e-02 
 3.128000000000e-10  4.067864221949e-02 
 3.228000000000e-10  3.717108488825e-02 
 3.328000000000e-10  2.890076892351e-02 
 3.428000000000e-10  1.677839789395e-02 
 3.528000000000e-10  2.224718244604e-03 
 3.628000000000e-10 -1.299165820512e-02 
 3.728000000000e-10 -2.696020506267e-02 
 3.828000000000e-10 -3.787049934462e-02 
 3.928000000000e-10 -4.425143852540e-02 
 4.028000000000e-10 -4.518189949772e-02 
 4.128000000000e-10 -4.042246965086e-02 
 4.228000000000e-10 -3.045706524793e-02 
 4.328000000000e-10 -1.643202850736e-02 
 4.428000000000e-10 -1.809651528917e-05 
 4.528000000000e-10  1.678732389299e-02 
 4.628000000000e-10  3.189084422805e-02 
 4.728000000000e-10  4.335680529209e-02 
 4.828000000000e-10  4.965105503256e-02 
 4.928000000000e-10  4.985051114286e-02 
 5.028000000000e-10  4.377745220580e-02 
 5.128000000000e-10  3.204107776511e-02 
 5.228000000000e-10  1.597453953048e-02 
 5.328000000000e-10 -2.512115280464e-03 
 5.428000000000e-10 -2.115274438652e-02 
 5.528000000000e-10 -3.759233377714e-02 
 5.628000000000e-10 -4.968494164410e-02 
 5.728000000000e-10 -5.578179946288e-02 
 5.828000000000e-10 -5.496868987678e-02 
 5.928000000000e-10 -4.720017808772e-02 
 6.028000000000e-10 -3.331245496291e-02 
 6.128000000000e-10 -1.491768652797e-02 
 6.228000000000e-10  5.785992928255e-03 
 6.328000000000e-10  2.626679238565e-02 
 6.428000000000e-10  4.395049530972e-02 
 6.528000000000e-10  5.653671043178e-02 
 6.628000000000e-10  6.230227739703e-02 
 6.728000000000e-10  6.034857146956e-02 
 6.828000000000e-10  5.073963857772e-02 
 6.928000000000e-10  3.450927687762e-02 
 7.028000000000e-10  1.353978210494e-02 
 7.128000000000e-10 -9.654275389710e-03 
 7.228000000000e-10 -3.221320743800e-02 
 7.328000000000e-10 -5.126775984109e-02 
 7.428000000000e-10 -6.430454309602e-02 
 7.528000000000e-10 -6.951369994202e-02 
 7.628000000000e-10 -6.605730129067e-02 
 7.728000000000e-10 -5.419510882793e-02 
 7.828000000000e-10 -3.525071069755e-02 
 7.928000000000e-10 -1.144208074352e-02 
 8.028000000000e-10  1.437499162960e-02 
 8.128000000000e-10  3.902438073226e-02 
 8.228000000000e-10  5.937379892835e-02 
 8.328000000000e-10  7.273008720807e-02 
 8.428000000000e-10  7.721491761548e-02 
 8.528000000000e-10  7.204992726197e-02 
 8.628000000000e-10  5.768078603020e-02 
 8.728000000000e-10  3.572153634235e-02 
 8.828000000000e-10  8.751397979205e-03 
 8.928000000000e-10 -1.998008419083e-02 
 9.028000000000e-10 -4.691221385387e-02 
 9.128000000000e-10 -6.858751548067e-02 
 9.228000000000e-10 -8.210300819943e-02 
 9.328000000000e-10 -8.553283825274e-02 
 9.428000000000e-10 -7.822758085043e-02 
 9.528000000000e-10 -6.090971115479e-02 
 9.628000000000e-10 -3.556194063403e-02 
 9.728000000000e-10 -5.170494242021e-03 
 9.828000000000e-10  2.660775120520e-02 
 9.928000000000e-10  5.583535806371e-02 
 1.002800000000e-09  7.874676016227e-02 
 1.012800000000e-09  9.224569954982e-02 
 1.022800000000e-09  9.436976227514e-02 
 1.032800000000e-09  8.460703097961e-02 
 1.042800000000e-09  6.397222869952e-02 
 1.052800000000e-09  3.484774699196e-02 
 1.062800000000e-09  6.758746434599e-04 
 1.072800000000e-09 -3.441681618756e-02 
 1.082800000000e-09 -6.605301685119e-02 
 1.092800000000e-09 -9.011512886128e-02 
 1.102800000000e-09 -1.033111069999e-01 
 1.112800000000e-09 -1.036918983723e-01 
 1.122800000000e-09 -9.097075037571e-02 
 1.132800000000e-09 -6.654545496365e-02 
 1.142800000000e-09 -3.326292025754e-02 
 1.152800000000e-09  4.945675412648e-03 
 1.162800000000e-09  4.347242292798e-02 
 1.172800000000e-09  7.749887423306e-02 
 1.182800000000e-09  1.025600496117e-01 
 1.192800000000e-09  1.151790260870e-01 
 1.202800000000e-09  1.134403451133e-01 
 1.212800000000e-09  9.731604726094e-02 
 1.222800000000e-09  6.863275462306e-02 
 1.232800000000e-09  3.075525236203e-02 
 1.242800000000e-09 -1.183766597513e-02 
 1.252800000000e-09 -5.399599992214e-02 
 1.262800000000e-09 -9.040790109255e-02 
 1.272800000000e-09 -1.162370911987e-01 
 1.282800000000e-09 -1.278473649323e-01 
 1.292800000000e-09 -1.234359449965e-01 
 1.302800000000e-09 -1.033384081454e-01 
 1.312800000000e-09 -6.989860810092e-02 
 1.322800000000e-09 -2.705072305107e-02 
 1.332800000000e-09  2.015459542161e-02 
 1.342800000000e-09  6.601090309930e-02 
 1.352800000000e-09  1.047030196194e-01 
 1.362800000000e-09  1.310236016847e-01 
 1.372800000000e-09  1.411977812808e-01 
 1.382800000000e-09  1.335837013967e-01 
 1.392800000000e-09  1.089496545847e-01 
 1.402800000000e-09  7.022765594970e-02 
 1.412800000000e-09  2.198216228663e-02 
 1.422800000000e-09 -3.010972969919e-02 
 1.432800000000e-09 -7.973312129072e-02 
 1.442800000000e-09 -1.205311182946e-01 
 1.452800000000e-09 -1.469246124924e-01 
 1.462800000000e-09 -1.550596087462e-01 
 1.472800000000e-09 -1.435691853062e-01 
 1.482800000000e-09 -1.137758640040e-01 
 1.492800000000e-09 -6.927981734437e-02 
 1.502800000000e-09 -1.531013439911e-02 
 1.512800000000e-09  4.181259069544e-02 
 1.522800000000e-09  9.514719883290e-02 
 1.532800000000e-09  1.377820830002e-01 
 1.542800000000e-09  1.637754984098e-01 
 1.552800000000e-09  1.692450367949e-01 
 1.562800000000e-09  1.531936826390e-01 
 1.572800000000e-09  1.176044696509e-01 
 1.582800000000e-09  6.682395130261e-02 
 1.592800000000e-09  6.793900010381e-03 
 1.602800000000e-09 -5.548081379724e-02 
 1.612800000000e-09 -1.123923875966e-01 
 1.622800000000e-09 -1.564539129033e-01 
 1.632800000000e-09 -1.813922362199e-01 
 1.642800000000e-09 -1.834038795829e-01 
 1.652800000000e-09 -1.620191447919e-01 
 1.662800000000e-09 -1.200111331380e-01 
 1.672800000000e-09 -6.252814645394e-02 
 1.682800000000e-09  3.764862223689e-03 
 1.692800000000e-09  7.116739912858e-02 
 1.702800000000e-09  1.313860827122e-01 
 1.712800000000e-09  1.763536384154e-01 
 1.722800000000e-09  1.995031889944e-01 
 1.732800000000e-09  1.972179963811e-01 
 1.742800000000e-09  1.697104181762e-01 
 1.752800000000e-09  1.206672023628e-01 
 1.762800000000e-09  5.609092501009e-02 
 1.772800000000e-09 -1.661144639020e-02 
 1.782800000000e-09 -8.901726075584e-02 
 1.792800000000e-09 -1.521203353116e-01 
 1.802800000000e-09 -1.972788733748e-01 
 1.812800000000e-09 -2.177129365138e-01 
 1.822800000000e-09 -2.101699656817e-01 
 1.832800000000e-09 -1.757434396001e-01 
 1.842800000000e-09 -1.191405326808e-01 
 1.852800000000e-09 -4.722387785465e-02 
 1.862800000000e-09  3.187124867317e-02 
 1.872800000000e-09  1.089890950248e-01 
 1.882800000000e-09  1.743974591917e-01 
 1.892800000000e-09  2.188989073287e-01 
 1.902800000000e-09  2.355959462917e-01 
 1.912800000000e-09  2.217969242116e-01 
 1.922800000000e-09  1.796775026903e-01 
 1.932800000000e-09  1.150534622010e-01 
 1.942800000000e-09  3.563999189675e-02 
 1.952800000000e-09 -4.970677701455e-02 
 1.962800000000e-09 -1.310775965757e-01 
 1.972800000000e-09 -1.980062833469e-01 
 1.982800000000e-09 -2.407855567856e-01 
 1.992800000000e-09 -2.525630578621e-01 
 2.002800000000e-09 -2.314767635190e-01 
 2.012800000000e-09 -1.809858018134e-01 
 2.022800000000e-09 -1.080412343918e-01 
 2.032800000000e-09 -2.115392930824e-02 
 2.042800000000e-09  7.011840305421e-02 
 2.052800000000e-09  1.550977801605e-01 
 2.062800000000e-09  2.225893258654e-01 
 2.072800000000e-09  2.624375719610e-01 
 2.082800000000e-09  2.680399657858e-01 
 2.092800000000e-09  2.386620715977e-01 
 2.102800000000e-09  1.792216532281e-01 
 2.112800000000e-09  9.778639066006e-02 
 2.122800000000e-09  3.594333850328e-03 
 2.132800000000e-09 -9.310038646755e-02 
 2.142800000000e-09 -1.808343614933e-01 
 2.152800000000e-09 -2.477046225284e-01 
 2.162800000000e-09 -2.832159721366e-01 
 2.172800000000e-09 -2.813211528349e-01 
 2.182800000000e-09 -2.427459141940e-01 
 2.192800000000e-09 -1.739710218286e-01 
 2.202800000000e-09 -8.407776921164e-02 
 2.212800000000e-09  1.705605217892e-02 
 2.222800000000e-09  1.184733340097e-01 
 2.232800000000e-09  2.079169768411e-01 
 2.242800000000e-09  2.728060028759e-01 
 2.252800000000e-09  3.024572269277e-01 
 2.262800000000e-09  2.917629761025e-01 
 2.272800000000e-09  2.432260731577e-01 
 2.282800000000e-09  1.649134884025e-01 
 2.292800000000e-09  6.676745696617e-02 
 2.302800000000e-09 -4.076554320288e-02 
 2.312800000000e-09 -1.460016358647e-01 
 2.322800000000e-09 -2.358929605803e-01 
 2.332800000000e-09 -2.972234804872e-01 
 2.342800000000e-09 -3.193868527915e-01 
 2.352800000000e-09 -2.986909032715e-01 
 2.362800000000e-09 -2.396637760601e-01 
 2.372800000000e-09 -1.518539686949e-01 
 2.382800000000e-09 -4.586311801720e-02 
 2.392800000000e-09  6.733445334616e-02 
 2.402800000000e-09  1.752924346945e-01 
 2.412800000000e-09  2.641876857664e-01 
 2.422800000000e-09  3.202267591978e-01 
 2.432800000000e-09  3.332756873046e-01 
 2.442800000000e-09  3.015566859184e-01 
 2.452800000000e-09  2.317615555381e-01 
 2.462800000000e-09  1.347074010614e-01 
 2.472800000000e-09  2.145705391824e-02 
 2.482800000000e-09 -9.648047591445e-02 
 2.492800000000e-09 -2.058648005841e-01 
 2.502800000000e-09 -2.921156376682e-01 
 2.512800000000e-09 -3.409895353656e-01 
 2.522800000000e-09 -3.433985762105e-01 
 2.532800000000e-09 -2.999206638735e-01 
 2.542800000000e-09 -2.193859173185e-01 
 2.552800000000e-09 -1.135576257870e-01 
 2.562800000000e-09  6.195642922038e-03 
 2.572800000000e-09  1.277736861132e-01 
 2.582800000000e-09  2.371288983758e-01 
 2.592800000000e-09  3.189225113721e-01 
 2.602800000000e-09  3.587257800821e-01 
 2.612800000000e-09  3.491789482163e-01 
 2.622800000000e-09  2.935129760828e-01 
 2.632800000000e-09  2.025313393005e-01 
 2.642800000000e-09  8.857697229714e-02 
 2.652800000000e-09 -3.676101339570e-02 
 2.662800000000e-09 -1.607022540722e-01 
 2.672800000000e-09 -2.684032893243e-01 
 2.682800000000e-09 -3.437585191327e-01 
 2.692800000000e-09 -3.726607981948e-01 
 2.702800000000e-09 -3.501601340641e-01 
 2.712800000000e-09 -2.822561412723e-01 
 2.722800000000e-09 -1.813784035859e-01 
 2.732800000000e-09 -6.009059016134e-02 
 2.742800000000e-09  6.977287193929e-02 
 2.752800000000e-09  1.946621991365e-01 
 2.762800000000e-09  2.989499578649e-01 
 2.772800000000e-09  3.658050317153e-01 
 2.782800000000e-09  3.821937765820e-01 
 2.792800000000e-09  3.461031938660e-01 
 2.802800000000e-09  2.662433640215e-01 
 2.812800000000e-09  1.561997668486e-01 
 2.822800000000e-09  2.848577857810e-02 
 2.832800000000e-09 -1.047049169104e-01 
 2.842800000000e-09 -2.289995540237e-01 
 2.852800000000e-09 -3.279627321216e-01 
 2.862800000000e-09 -3.842685855524e-01 
 2.872800000000e-09 -3.868618004558e-01 
 2.882800000000e-09 -3.369553661737e-01 
 2.892800000000e-09 -2.457322598651e-01 
 2.902800000000e-09 -1.273799436295e-01 
 2.912800000000e-09  5.760704046680e-03 
 2.922800000000e-09  1.409627476352e-01 
 2.932800000000e-09  2.630266747540e-01 
 2.942800000000e-09  3.546327196263e-01 
 2.952800000000e-09  3.984991539981e-01 
 2.962800000000e-09  3.863959385915e-01 
 2.972800000000e-09  3.228202232998e-01 
 2.982800000000e-09  2.210466118270e-01 
 2.992800000000e-09  9.532733809165e-02 
 3.002800000000e-09 -4.214074031095e-02 
 3.012800000000e-09 -1.779195562431e-01 
 3.022800000000e-09 -2.960047765106e-01 
 3.032800000000e-09 -3.781393730472e-01 
 3.042800000000e-09 -4.079694574334e-01 
 3.052800000000e-09 -3.806857173508e-01 
 3.062800000000e-09 -3.039664730162e-01 
 3.072800000000e-09 -1.926145004939e-01 
 3.082800000000e-09 -6.051414073480e-02 
 3.092800000000e-09  8.009353755699e-02 
 3.102800000000e-09  2.149340122888e-01 
 3.112800000000e-09  3.271822169447e-01 
 3.122800000000e-09  3.977692282107e-01 
 3.132800000000e-09  4.123525289868e-01 
 3.142800000000e-09  3.698115766748e-01 
 3.152800000000e-09  2.807672774104e-01 
 3.162800000000e-09  1.608681218030e-01 
 3.172800000000e-09  2.341196992857e-02 
 3.182800000000e-09 -1.190449468812e-01 
 3.192800000000e-09 -2.513561863680e-01 
 3.202800000000e-09 -3.557785852854e-01 
 3.212800000000e-09 -4.129167952586e-01 
 3.222800000000e-09 -4.114602763456e-01 
 3.232800000000e-09 -3.539852919469e-01 
 3.242800000000e-09 -2.536619038429e-01 
 3.252800000000e-09 -1.262615813202e-01 
 3.262800000000e-09  1.547622141206e-02 
 3.272800000000e-09  1.583995304850e-01 
 3.282800000000e-09  2.865175090093e-01 
 3.292800000000e-09  3.810408992881e-01 
 3.302800000000e-09  4.231489573694e-01 
 3.312800000000e-09  4.052771995838e-01 
 3.322800000000e-09  3.335390056545e-01 
 3.332800000000e-09  2.231001716390e-01 
 3.342800000000e-09  8.924044009351e-02 
 3.352800000000e-09 -5.563624279171e-02 
 3.362800000000e-09 -1.975688169627e-01 
 3.372800000000e-09 -3.197349011677e-01 
 3.382800000000e-09 -4.022895264786e-01 
 3.392800000000e-09 -4.281953582718e-01 
 3.402800000000e-09 -3.939246193576e-01 
 3.412800000000e-09 -3.088948325299e-01 
 3.422800000000e-09 -1.895313700210e-01 
 3.432800000000e-09 -5.023719866469e-02 
 3.442800000000e-09  9.655336857750e-02 
 3.452800000000e-09  2.359722311295e-01 
 3.462800000000e-09  3.502917013339e-01 
 3.472800000000e-09  4.189599280332e-01 
 3.482800000000e-09  4.279164902966e-01 
 3.492800000000e-09  3.776455686691e-01 
 3.502800000000e-09  2.805165173853e-01 
 3.512800000000e-09  1.533800365157e-01 
 3.522800000000e-09  9.695313895439e-03 
 3.532800000000e-09 -1.376909283495e-01 
 3.542800000000e-09 -2.730123730443e-01 
 3.552800000000e-09 -3.774739257230e-01 
 3.562800000000e-09 -4.306388885647e-01 
 3.572800000000e-09 -4.223055212632e-01 
 3.582800000000e-09 -3.567812240584e-01 
 3.592800000000e-09 -2.488754298911e-01 
 3.602800000000e-09 -1.150583870342e-01 
 3.612800000000e-09  3.192794604065e-02 
 3.622800000000e-09  1.785078583488e-01 
 3.632800000000e-09  3.080665833845e-01 
 3.642800000000e-09  4.006269245517e-01 
 3.652800000000e-09  4.370792869990e-01 
 3.662800000000e-09  4.114991776479e-01 
 3.672800000000e-09  3.317642183954e-01 
 3.682800000000e-09  2.144148302516e-01 
 3.692800000000e-09  7.495713567727e-02 
 3.702800000000e-09 -7.416852058657e-02 
 3.712800000000e-09 -2.184838615449e-01 
 3.722800000000e-09 -3.404912145809e-01 
 3.732800000000e-09 -4.191976870436e-01 
 3.742800000000e-09 -4.381689377789e-01 
 3.752800000000e-09 -3.957465884545e-01 
 3.762800000000e-09 -3.030697602795e-01 
 3.772800000000e-09 -1.775378535061e-01 
 3.782800000000e-09 -3.345849446660e-02 
 3.792800000000e-09  1.165576652119e-01 
 3.802800000000e-09  2.570892392465e-01 
 3.812800000000e-09  3.696082281863e-01 
 3.822800000000e-09  4.327676639224e-01 
 3.832800000000e-09  4.338921525054e-01 
 3.842800000000e-09  3.753790467910e-01 
 3.852800000000e-09  2.711825494903e-01 
 3.862800000000e-09  1.386291102678e-01 
 3.872800000000e-09 -9.027847533031e-03 
 3.882800000000e-09 -1.585947211674e-01 
 3.892800000000e-09 -2.937604173913e-01 
 3.902800000000e-09 -3.947830829539e-01 
 3.912800000000e-09 -4.410912820401e-01 
 3.922800000000e-09 -4.243744050826e-01 
 3.932800000000e-09 -3.508074682235e-01 
 3.942800000000e-09 -2.365274885566e-01 
 3.952800000000e-09 -9.802322816253e-02 
 3.962800000000e-09  5.210212825163e-02 
 3.972800000000e-09  1.998024084427e-01 
 3.982800000000e-09  3.278963126184e-01 
 3.992800000000e-09  4.154410702817e-01 
 4.002800000000e-09  4.440377677226e-01 
 4.012800000000e-09  4.098353346836e-01 
 4.022800000000e-09  3.225050487382e-01 
 4.032800000000e-09  1.995197217293e-01 
 4.042800000000e-09  5.607977057656e-02 
 4.052800000000e-09 -9.532809789298e-02 
 4.062800000000e-09 -2.396955611991e-01 
 4.072800000000e-09 -3.588713045884e-01 
 4.082800000000e-09 -4.311507444861e-01 
 4.092800000000e-09 -4.415906350429e-01 
 4.102800000000e-09 -3.905968792794e-01 
 4.112800000000e-09 -2.909582453088e-01 
 4.122800000000e-09 -1.605142768972e-01 
 4.132800000000e-09 -1.315606230468e-02 
 4.142800000000e-09  1.382490121072e-01 
 4.152800000000e-09  2.777546128774e-01 
 4.162800000000e-09  3.860497991912e-01 
 4.172800000000e-09  4.416293344107e-01 
 4.182800000000e-09  4.338342217734e-01 
 4.192800000000e-09  3.670474841711e-01 
 4.202800000000e-09  2.566232400887e-01 
 4.212800000000e-09  1.198401985745e-01 
 4.222800000000e-09 -3.037818641559e-02 
 4.232800000000e-09 -1.804090784368e-01 
 4.242800000000e-09 -3.134326619604e-01 
 4.252800000000e-09 -4.088545834684e-01 
 4.262800000000e-09 -4.467264565414e-01 
 4.272800000000e-09 -4.209700107249e-01 
 4.282800000000e-09 -3.396463177123e-01 
 4.292800000000e-09 -2.199072228430e-01 
 4.302800000000e-09 -7.781911515811e-02 
 4.312800000000e-09  7.412250056794e-02 
 4.322800000000e-09  2.213558643374e-01 
 4.332800000000e-09  3.461431040683e-01 
 4.342800000000e-09  4.268179047621e-01 
 4.352800000000e-09  4.464143686558e-01 
 4.362800000000e-09  4.032990113121e-01 
 4.372800000000e-09  3.088829476918e-01 
 4.382800000000e-09  1.811649561979e-01 
 4.392800000000e-09  3.477068729328e-02 
 4.402800000000e-09 -1.176686565297e-01 
 4.412800000000e-09 -2.606187098380e-01 
 4.422800000000e-09 -3.752574520978e-01 
 4.432800000000e-09 -4.396002236805e-01 
 4.442800000000e-09 -4.407348189154e-01 
 4.452800000000e-09 -3.811811259042e-01 
 4.462800000000e-09 -2.752345277108e-01 
 4.472800000000e-09 -1.407265779787e-01 
 4.482800000000e-09  8.949335120513e-03 
 4.492800000000e-09  1.605652318879e-01 
 4.502800000000e-09  2.976796526750e-01 
 4.512800000000e-09  4.001918180316e-01 
 4.522800000000e-09  4.470296050843e-01 
 4.532800000000e-09  4.298632237238e-01 
 4.542800000000e-09  3.550492653439e-01 
 4.552800000000e-09  2.391034804750e-01 
 4.562800000000e-09  9.887350359435e-02 
 4.572800000000e-09 -5.299219948384e-02 
 4.582800000000e-09 -2.023859487083e-01 
 4.592800000000e-09 -3.319779908371e-01 
 4.602800000000e-09 -4.204235639113e-01 
 4.612800000000e-09 -4.490286601013e-01 
 4.622800000000e-09 -4.140500951787e-01 
 4.632800000000e-09 -3.253845327010e-01 
 4.642800000000e-09 -2.008747144285e-01 
 4.652800000000e-09 -5.592574477831e-02 
 4.662800000000e-09  9.695710442242e-02 
 4.672800000000e-09  2.426823832993e-01 
 4.682800000000e-09  3.629191890549e-01 
 4.692800000000e-09  4.355756911176e-01 
 4.702800000000e-09  4.456240914152e-01 
 4.712800000000e-09  3.936409087752e-01 
 4.722800000000e-09  2.926717236740e-01 
 4.732800000000e-09  1.608669490142e-01 
 4.742800000000e-09  1.220402380366e-02 
 4.752800000000e-09 -1.404199366885e-01 
 4.762800000000e-09 -2.809674912313e-01 
 4.772800000000e-09 -3.898983697986e-01 
 4.782800000000e-09 -4.454092864544e-01 
 4.792800000000e-09 -4.369290899942e-01 
 4.802800000000e-09 -3.690359053113e-01 
 4.812800000000e-09 -2.573534122257e-01 
 4.822800000000e-09 -1.193751204823e-01 
 4.832800000000e-09  3.195248038142e-02 
 4.842800000000e-09  1.829538278065e-01 
 4.852800000000e-09  3.167067853350e-01 
 4.862800000000e-09  4.123626971096e-01 
 4.872800000000e-09  4.498223440164e-01 
 4.882800000000e-09  4.231781560264e-01 
 4.892800000000e-09  3.407110591940e-01 
 4.902800000000e-09  2.198242070481e-01 
 4.912800000000e-09  7.669672962059e-02 
 4.922800000000e-09 -7.616690674565e-02 
 4.932800000000e-09 -2.241345946218e-01 
 4.942800000000e-09 -3.493485931383e-01 
 4.952800000000e-09 -4.298928212100e-01 
 4.962800000000e-09 -4.488117246601e-01 
 4.972800000000e-09 -4.046840735872e-01 
 4.982800000000e-09 -3.091504157070e-01 
 4.992800000000e-09 -1.804112801876e-01 
 5.002800000000e-09 -3.312597858617e-02 
 5.012800000000e-09  1.200510577666e-01 
 5.022800000000e-09  2.635071801829e-01 
 5.032800000000e-09  3.782724071893e-01 
 5.042800000000e-09  4.421749156127e-01 
 5.052800000000e-09  4.424419471153e-01 
 5.062800000000e-09  3.818191530235e-01 
 5.072800000000e-09  2.748273995830e-01 
 5.082800000000e-09  1.394252980423e-01 
 5.092800000000e-09 -1.099925560463e-02 
 5.102800000000e-09 -1.631691401100e-01 
 5.112800000000e-09 -3.005639683206e-01 
 5.122800000000e-09 -4.029135799834e-01 
 5.132800000000e-09 -4.490655991676e-01 
 5.142800000000e-09 -4.309080056975e-01 
 5.152800000000e-09 -3.550259958923e-01 
 5.162800000000e-09 -2.381352608925e-01 
 5.172800000000e-09 -9.713289299325e-02 
 5.182800000000e-09  5.534025265402e-02 
 5.192800000000e-09  2.051126146553e-01 
 5.202800000000e-09  3.347657326546e-01 
 5.212800000000e-09  4.227780033983e-01 
 5.222800000000e-09  4.505144466460e-01 
 5.232800000000e-09  4.144765511485e-01 
 5.242800000000e-09  3.247872362689e-01 
 5.252800000000e-09  1.994407565585e-01 
 5.262800000000e-09  5.383347801329e-02 
 5.272800000000e-09 -9.951698613607e-02 
 5.282800000000e-09 -2.454477621320e-01 
 5.292800000000e-09 -3.655202942625e-01 
 5.302800000000e-09 -4.375092106632e-01 
 5.312800000000e-09 -4.465607049357e-01 
 5.322800000000e-09 -3.934992118002e-01 
 5.332800000000e-09 -2.915840247139e-01 
 5.342800000000e-09 -1.590499784732e-01 
 5.352800000000e-09 -9.840300103369e-03 
 5.362800000000e-09  1.431097886375e-01 
 5.372800000000e-09  2.836913977753e-01 
 5.382800000000e-09  3.922337274886e-01 
 5.392800000000e-09  4.468901809950e-01 
 5.402800000000e-09  4.373339888283e-01 
 5.412800000000e-09  3.683853813086e-01 
 5.422800000000e-09  2.558533801821e-01 
 5.432800000000e-09  1.172463785068e-01 
 5.442800000000e-09 -3.451711362488e-02 
 5.452800000000e-09 -1.857029822039e-01 
 5.462800000000e-09 -3.193159601565e-01 
 5.472800000000e-09 -4.143687225498e-01 
 5.482800000000e-09 -4.508356961396e-01 
 5.492800000000e-09 -4.230796152945e-01 
 5.502800000000e-09 -3.396144833259e-01 
 5.512800000000e-09 -2.179806519957e-01 
 5.522800000000e-09 -7.431970653176e-02 
 5.532800000000e-09  7.886677163512e-02 
 5.542800000000e-09  2.268784765428e-01 
 5.552800000000e-09  3.517729756114e-01 
 5.562800000000e-09  4.315228627325e-01 
 5.572800000000e-09  4.493560244665e-01 
 5.582800000000e-09  4.041194350370e-01 
 5.592800000000e-09  3.076707313630e-01 
 5.602800000000e-09  1.782831297796e-01 
 5.612800000000e-09  3.055683671364e-02 
 5.622800000000e-09 -1.228264302993e-01 
 5.632800000000e-09 -2.661856174369e-01 
 5.642800000000e-09 -3.804468715978e-01 
 5.652800000000e-09 -4.433989656974e-01 
 5.662800000000e-09 -4.425257828656e-01 
 5.672800000000e-09 -3.808301206001e-01 
 5.682800000000e-09 -2.730220112482e-01 
 5.692800000000e-09 -1.370631960108e-01 
 5.702800000000e-09  1.370872473519e-02 
 5.712800000000e-09  1.659646497306e-01 
 5.722800000000e-09  3.031181016583e-01 
 5.732800000000e-09  4.047818214922e-01 
 5.742800000000e-09  4.498681366155e-01 
 5.752800000000e-09  4.305523986089e-01 
 5.762800000000e-09  3.536628996257e-01 
 5.772800000000e-09  2.360577131271e-01 
 5.782800000000e-09  9.458320151911e-02 
 5.792800000000e-09 -5.814141151061e-02 
 5.802800000000e-09 -2.078790297063e-01 
 5.812800000000e-09 -3.371397832158e-01 
 5.822800000000e-09 -4.242981924128e-01 
 5.832800000000e-09 -4.508927225809e-01 
 5.842800000000e-09 -4.137104274893e-01 
 5.852800000000e-09 -3.231001921481e-01 
 5.862800000000e-09 -1.971362107934e-01 
 5.872800000000e-09 -5.113830472068e-02 
 5.882800000000e-09  1.023630013521e-01 
 5.892800000000e-09  2.481368518828e-01 
 5.902800000000e-09  3.676583511093e-01 
 5.912800000000e-09  4.386521091055e-01 
 5.922800000000e-09  4.465198846167e-01 
 5.932800000000e-09  3.923566219084e-01 
 5.942800000000e-09  2.896205634307e-01 
 5.952800000000e-09  1.565570146275e-01 
 5.962800000000e-09  7.038728233427e-03 
 5.972800000000e-09 -1.459565976976e-01 
 5.982800000000e-09 -2.862556580701e-01 
 5.992800000000e-09 -3.940851632453e-01 
 6.002800000000e-09 -4.476397765920e-01 
 6.012800000000e-09 -4.368885066148e-01 
 6.022800000000e-09 -3.669054017996e-01 
 6.032800000000e-09 -2.536564344386e-01 
 6.042800000000e-09 -1.146000016776e-01 
 6.052800000000e-09  3.738708096145e-02 
 6.062800000000e-09  1.885093869530e-01 
 6.072800000000e-09  3.217073726072e-01 
 6.082800000000e-09  4.158922748869e-01 
 6.092800000000e-09  4.511864827974e-01 
 6.102800000000e-09  4.222522427333e-01 
 6.112800000000e-09  3.378397840676e-01 
 6.122800000000e-09  2.155877594641e-01 
 6.132800000000e-09  7.155306971048e-02 
 6.142800000000e-09 -8.176702919779e-02 
 6.152800000000e-09 -2.296044672985e-01 
 6.162800000000e-09 -3.539423981034e-01 
 6.172800000000e-09 -4.326882333958e-01 
 6.182800000000e-09 -4.493098483512e-01 
 6.192800000000e-09 -4.029382938431e-01 
 6.202800000000e-09 -3.056430738768e-01 
 6.212800000000e-09 -1.757263079837e-01 
 6.222800000000e-09 -2.770148113597e-02 
 6.232800000000e-09  1.257194953014e-01 
 6.242800000000e-09  2.687903353311e-01 
 6.252800000000e-09  3.823465509008e-01 
 6.262800000000e-09  4.441878701277e-01 
 6.272800000000e-09  4.420915451190e-01 
 6.282800000000e-09  3.793263027893e-01 
 6.292800000000e-09  2.707780835744e-01 
 6.302800000000e-09  1.343702148924e-01 
 6.312800000000e-09 -1.662172147399e-02 
 6.322800000000e-09 -1.688139420620e-01 
 6.332800000000e-09 -3.055583904262e-01 
 6.342800000000e-09 -4.063691512626e-01 
 6.352800000000e-09 -4.502712357141e-01 
 6.362800000000e-09 -4.297486563591e-01 
 6.372800000000e-09 -3.518760888316e-01 
 6.382800000000e-09 -2.336329065512e-01 
 6.392800000000e-09 -9.178244363603e-02 
 6.402800000000e-09  6.107974794285e-02 
 6.412800000000e-09  2.106502699443e-01 
 6.422800000000e-09  3.393728246710e-01 
 6.432800000000e-09  4.255428781966e-01 
 6.442800000000e-09  4.509114150815e-01 
 6.452800000000e-09  4.125622598162e-01 
 6.462800000000e-09  3.210687353592e-01 
 6.472800000000e-09  1.945592190365e-01 
 6.482800000000e-09  4.825662428155e-02 
 6.492800000000e-09 -1.052935647648e-01 
 6.502800000000e-09 -2.507937779640e-01 
 6.512800000000e-09 -3.696387579317e-01 
 6.522800000000e-09 -4.395328920404e-01 
 6.532800000000e-09 -4.461605084992e-01 
 6.542800000000e-09 -3.908927686457e-01 
 6.552800000000e-09 -2.873802361094e-01 
 6.562800000000e-09 -1.538525622392e-01 
 6.572800000000e-09 -4.102628332979e-03 
 6.582800000000e-09  1.488468530847e-01 
 6.592800000000e-09  2.887605587663e-01 
 6.602800000000e-09  3.957712741338e-01 
 6.612800000000e-09  4.481458822468e-01 
 6.622800000000e-09  4.361649761364e-01 
 6.632800000000e-09  3.651589363401e-01 
 6.642800000000e-09  2.512390704011e-01 
 6.652800000000e-09  1.117925083452e-01 
 6.662800000000e-09 -4.034829720189e-02 
 6.672800000000e-09 -1.913299607055e-01 
 6.682800000000e-09 -3.240260938474e-01 
 6.692800000000e-09 -4.172543863672e-01 
 6.702800000000e-09 -4.513184754319e-01 
 6.712800000000e-09 -4.211867040019e-01 
 6.722800000000e-09 -3.358458461122e-01 
 6.732800000000e-09 -2.130179195050e-01 
 6.742800000000e-09 -6.866044436439e-02 
 6.752800000000e-09  8.473190293742e-02 
 6.762800000000e-09  2.323234745168e-01 
 6.772800000000e-09  3.560251962613e-01 
 6.782800000000e-09  4.336965198121e-01 
 6.792800000000e-09  4.490660035579e-01 
 6.802800000000e-09  4.015531684026e-01 
 6.812800000000e-09  3.034363993856e-01 
 6.822800000000e-09  1.730298815688e-01 
 6.832800000000e-09  2.475280105541e-02 
 6.842800000000e-09 -1.286501939414e-01 
 6.852800000000e-09 -2.713688326634e-01 
 6.862800000000e-09 -3.841512715962e-01 
 6.872800000000e-09 -4.448280938865e-01 
 6.882800000000e-09 -4.414869361731e-01 
 6.892800000000e-09 -3.776545858594e-01 
 6.902800000000e-09 -2.683879266058e-01 
 6.912800000000e-09 -1.315656457023e-01 
 6.922800000000e-09  1.960506948920e-02 
 6.932800000000e-09  1.716835267065e-01 
 6.942800000000e-09  3.079614259286e-01 
 6.952800000000e-09  4.078598825340e-01 
 6.962800000000e-09  4.505367305125e-01 
 6.972800000000e-09  4.287913745791e-01 
 6.982800000000e-09  3.499455978476e-01 
 6.992800000000e-09  2.310905672018e-01 
 7.002800000000e-09  8.889542439581e-02 
 7.012800000000e-09 -6.406655594547e-02 
 7.022800000000e-09 -2.134249648607e-01 
 7.032800000000e-09 -3.415580407977e-01 
 7.042800000000e-09 -4.266913293822e-01 
 7.052800000000e-09 -4.508045110341e-01 
 7.062800000000e-09 -4.112812842921e-01 
 7.072800000000e-09 -3.189183571810e-01 
 7.082800000000e-09 -1.918872700500e-01 
 7.092800000000e-09 -4.530824569032e-02 
 7.102800000000e-09  1.082559737072e-01 
 7.112800000000e-09  2.534414313620e-01 
 7.122800000000e-09  3.715634961772e-01 
 7.132800000000e-09  4.403193149564e-01 
 7.142800000000e-09  4.456868276033e-01 
 7.152800000000e-09  3.893147039824e-01 
 7.162800000000e-09  2.850423108001e-01 
 7.172800000000e-09  1.510724349370e-01 
 7.182800000000e-09  1.116803368358e-03 
 7.192800000000e-09 -1.517548790545e-01 
 7.202800000000e-09 -2.912459642008e-01 
 7.212800000000e-09 -3.973974059773e-01 
 7.222800000000e-09 -4.485625649067e-01 
 7.232800000000e-09 -4.353395145784e-01 
 7.242800000000e-09 -3.633155226028e-01 
 7.252800000000e-09 -2.487414780533e-01 
 7.262800000000e-09 -1.089238818969e-01 
 7.272800000000e-09  4.334725825950e-02 
 7.282800000000e-09  1.941549266963e-01 
 7.292800000000e-09  3.263110661499e-01 
 7.302800000000e-09  4.185496809265e-01 
 7.312800000000e-09  4.513631593751e-01 
 7.322800000000e-09  4.200297612281e-01 
 7.332800000000e-09  3.337715744872e-01 
 7.342800000000e-09  2.103856185026e-01 
 7.352800000000e-09  6.572487232169e-02 
 7.362800000000e-09 -8.771622091700e-02 
 7.372800000000e-09 -2.350344269195e-01 
 7.382800000000e-09 -3.580686741079e-01 
 7.392800000000e-09 -4.346386586737e-01 
 7.402800000000e-09 -4.487429843103e-01 
 7.412800000000e-09 -4.000898019906e-01 
 7.422800000000e-09 -3.011639927801e-01 
 7.432800000000e-09 -1.702833369797e-01 
 7.442800000000e-09 -2.177171857675e-02 
 7.452800000000e-09  1.315914011358e-01 
 7.462800000000e-09  2.739322827916e-01 
 7.472800000000e-09  3.859122701003e-01 
 7.482800000000e-09  4.454037611762e-01 
 7.492800000000e-09  4.408065583301e-01 
 7.502800000000e-09  3.759140343855e-01 
 7.512800000000e-09  2.659471557832e-01 
 7.522800000000e-09  1.287247387580e-01 
 7.532800000000e-09 -2.260807798444e-02 
 7.542800000000e-09 -1.745528502313e-01 
 7.552800000000e-09 -3.103413612458e-01 
 7.562800000000e-09 -4.093040215017e-01 
 7.572800000000e-09 -4.507420195446e-01 
 7.582800000000e-09 -4.277716942478e-01 
 7.592800000000e-09 -3.479609328487e-01 
 7.602800000000e-09 -2.285069083240e-01 
 7.612800000000e-09 -8.598014379378e-02 
 7.622800000000e-09  6.706581379349e-02 
 7.632800000000e-09  2.161933363836e-01 
 7.642800000000e-09  3.437149556855e-01 
 7.652800000000e-09  4.277917141490e-01 
 7.662800000000e-09  4.506407383422e-01 
 7.672800000000e-09  4.099452785038e-01 
 7.682800000000e-09  3.167233626211e-01 
 7.692800000000e-09  1.891826678310e-01 
 7.702800000000e-09  4.233945593980e-02 
 7.712800000000e-09 -1.112237859604e-01 
 7.722800000000e-09 -2.560771871145e-01 
 7.732800000000e-09 -3.734562676280e-01 
 7.742800000000e-09 -4.410587728380e-01 
 7.752800000000e-09 -4.451612393269e-01 
 7.762800000000e-09 -3.876891914970e-01 
 7.772800000000e-09 -2.826708591447e-01 
 7.782800000000e-09 -1.482709399492e-01 
 7.792800000000e-09  1.880440778704e-03 
 7.802800000000e-09  1.546612223108e-01 
 7.812800000000e-09  2.937144487046e-01 
 7.822800000000e-09  3.989896184553e-01 
 7.832800000000e-09  4.489359315396e-01 
 7.842800000000e-09  4.344703865613e-01 
 7.852800000000e-09  3.614361062272e-01 
 7.862800000000e-09  2.462185951351e-01 
 7.872800000000e-09  1.060393339835e-01 
 7.882800000000e-09 -4.635162994304e-02 
 7.892800000000e-09 -1.969728820237e-01 
 7.902800000000e-09 -3.285747322868e-01 
 7.912800000000e-09 -4.198099980917e-01 
 7.922800000000e-09 -4.513675966656e-01 
 7.932800000000e-09 -4.188349162654e-01 
 7.942800000000e-09 -3.316678122509e-01 
 7.952800000000e-09 -2.077327899595e-01 
 7.962800000000e-09 -6.277713358543e-02 
 7.972800000000e-09  9.070243173521e-02 
 7.982800000000e-09  2.377351543639e-01 
 7.992800000000e-09  3.600873496558e-01 
 8.002800000000e-09  4.355446569125e-01 
 8.012800000000e-09  4.483812499710e-01 
 8.022800000000e-09  3.985925549998e-01 
 8.032800000000e-09  2.988673363842e-01 
 8.042800000000e-09  1.675209647949e-01 
 8.052800000000e-09  1.878309273936e-02 
 8.062800000000e-09 -1.345300491855e-01 
 8.072800000000e-09 -2.764816811225e-01 
 8.082800000000e-09 -3.876459303166e-01 
 8.092800000000e-09 -4.459443750090e-01 
 8.102800000000e-09 -4.400910366119e-01 
 8.112800000000e-09 -3.741445940436e-01 
 8.122800000000e-09 -2.634864577190e-01 
 8.132800000000e-09 -1.258712110937e-01 
 8.142800000000e-09  2.561555163052e-02 
 8.152800000000e-09  1.774166245549e-01 
 8.162800000000e-09  3.127039141803e-01 
 8.172800000000e-09  4.107184252894e-01 
 8.182800000000e-09  4.509127037465e-01 
 8.192800000000e-09  4.267197160336e-01 
 8.202800000000e-09  3.459519017678e-01 
 8.212800000000e-09  2.259074109918e-01 
 8.222800000000e-09  8.305594588776e-02 
 8.232800000000e-09 -7.006580376732e-02 
 8.242800000000e-09 -2.189528481176e-01 
 8.252800000000e-09 -3.458513876880e-01 
 8.262800000000e-09 -4.288616487658e-01 
 8.272800000000e-09 -4.504441915237e-01 
 8.282800000000e-09 -4.085805512901e-01 
 8.292800000000e-09 -3.145080228624e-01 
 8.302800000000e-09 -1.864650887586e-01 
 8.312800000000e-09 -3.936440541889e-02 
 8.322800000000e-09  1.141894469732e-01 
 8.332800000000e-09  2.587010903914e-01 
 8.342800000000e-09  3.753253777056e-01 
 8.352800000000e-09  4.417671300397e-01 
 8.362800000000e-09  4.446030566097e-01 
 8.372800000000e-09  3.860410289667e-01 
 8.382800000000e-09  2.802863242641e-01 
 8.392800000000e-09  1.454597572785e-01 
 8.402800000000e-09 -4.880554419628e-03 
 8.412800000000e-09 -1.575627412854e-01 
 8.422800000000e-09 -2.961692348617e-01 
 8.432800000000e-09 -4.005580824899e-01 
 8.442800000000e-09 -4.492812454990e-01 
 8.452800000000e-09 -4.335749170496e-01 
 8.462800000000e-09 -3.595366357078e-01 
 8.472800000000e-09 -2.436826771054e-01 
 8.482800000000e-09 -1.031469270991e-01 
 8.492800000000e-09  4.935757649538e-02 
 8.502800000000e-09  1.997845269749e-01 
 8.512800000000e-09  3.308221065081e-01 
 8.522800000000e-09  4.210442725030e-01 
 8.532800000000e-09  4.513433755367e-01 
 8.542800000000e-09  4.176148781910e-01 
 8.552800000000e-09  3.295466358343e-01 
 8.562800000000e-09  2.050694645130e-01 
 8.572800000000e-09  5.982433860468e-02 
 8.582800000000e-09 -9.368699627487e-02 
 8.592800000000e-09 -2.404264928018e-01 
 8.602800000000e-09 -3.620868373187e-01 
 8.612800000000e-09 -4.364242955258e-01 
 8.622800000000e-09 -4.479926110366e-01 
 8.632800000000e-09 -3.970730952972e-01 
 8.642800000000e-09 -2.965559462061e-01 
 8.652800000000e-09 -1.647494837149e-01 
 8.662800000000e-09 -1.579074905939e-02 
 8.672800000000e-09  1.374653228074e-01 
 8.682800000000e-09  2.790226556523e-01 
 8.692800000000e-09  3.893594763779e-01 
 8.702800000000e-09  4.464535079771e-01 
 8.712800000000e-09  4.393456966796e-01 
 8.722800000000e-09  3.723518474331e-01 
 8.732800000000e-09  2.610110062953e-01 
 8.742800000000e-09  1.230095584821e-01 
 8.752800000000e-09 -2.862414852148e-02 
 8.762800000000e-09 -1.802729062515e-01 
 8.772800000000e-09 -3.150490935652e-01 
 8.782800000000e-09 -4.121053580363e-01 
 8.792800000000e-09 -4.510531847021e-01 
 8.802800000000e-09 -4.256409261440e-01 
 8.812800000000e-09 -3.439240635162e-01 
 8.822800000000e-09 -2.232966111338e-01 
 8.832800000000e-09 -8.012628109987e-02 
 8.842800000000e-09  7.306441715606e-02 
 8.852800000000e-09  2.217028165083e-01 
 8.862800000000e-09  3.479682368043e-01 
 8.872800000000e-09  4.299035229830e-01 
 8.882800000000e-09  4.502184254658e-01 
 8.892800000000e-09  4.071912305697e-01 
 8.902800000000e-09  3.122765418951e-01 
 8.912800000000e-09  1.837382403750e-01 
 8.922800000000e-09  3.638616111282e-02 
 8.932800000000e-09 -1.171509109731e-01 
 8.942800000000e-09 -2.613123377162e-01 
 8.952800000000e-09 -3.771716901715e-01 
 8.962800000000e-09 -4.424469334458e-01 
 8.972800000000e-09 -4.440189132438e-01 
 8.982800000000e-09 -3.843689202288e-01 
 8.992800000000e-09 -2.778818657159e-01 
 9.002800000000e-09 -1.426361908629e-01 
 9.012800000000e-09  7.885421021168e-03 
 9.022800000000e-09  1.604595244192e-01 
 9.032800000000e-09  2.986081786802e-01 
 9.042800000000e-09  4.020983772643e-01 
 9.052800000000e-09  4.495928420963e-01 
 9.062800000000e-09  4.326474045678e-01 
 9.072800000000e-09  3.576126134003e-01 
 9.082800000000e-09  2.411309582910e-01 
 9.092800000000e-09  1.002455635116e-01 
 9.102800000000e-09 -5.236465805807e-02 
 9.112800000000e-09 -2.025880589352e-01 
 9.122800000000e-09 -3.330503224103e-01 
 9.132800000000e-09 -4.222491612705e-01 
 9.142800000000e-09 -4.512870284164e-01 
 9.152800000000e-09 -4.163663472550e-01 
 9.162800000000e-09 -3.274051096350e-01 
 9.172800000000e-09 -2.023933041623e-01 
 9.182800000000e-09 -5.686513266645e-02 
 9.192800000000e-09  9.667000480617e-02 
 9.202800000000e-09  2.431070342613e-01 
 9.212800000000e-09  3.640641262659e-01 
 9.222800000000e-09  4.372736351841e-01 
 9.232800000000e-09  4.475731007944e-01 
 9.242800000000e-09  3.955281992372e-01 
 9.252800000000e-09  2.942278097894e-01 
 9.262800000000e-09  1.619680229278e-01 
 9.272800000000e-09  1.279488852407e-02 
 9.282800000000e-09 -1.403960588487e-01 
 9.292800000000e-09 -2.815466790402e-01 
 9.302800000000e-09 -3.910466909082e-01 
 9.312800000000e-09 -4.469370891060e-01 
 9.322800000000e-09 -4.385755968326e-01 
 9.332800000000e-09 -3.705406788299e-01 
 9.342800000000e-09 -2.585242875568e-01 
 9.352800000000e-09 -1.201412640216e-01 
 9.362800000000e-09  3.163416348735e-02 
 9.372800000000e-09  1.831240326761e-01 
 9.382800000000e-09  3.173808002070e-01 
 9.392800000000e-09  4.134697012066e-01 
 9.402800000000e-09  4.511678565869e-01 
 9.412800000000e-09  4.245387281596e-01 
 9.422800000000e-09  3.418794061814e-01 
 9.432800000000e-09  2.206754694757e-01 
 9.442800000000e-09  7.719108086812e-02 
 9.452800000000e-09 -7.606250176003e-02 
 9.462800000000e-09 -2.244449798007e-01 
 9.472800000000e-09 -3.500678902982e-01 
 9.482800000000e-09 -4.309206248503e-01 
 9.492800000000e-09 -4.499670966138e-01 
 9.502800000000e-09 -4.057807754491e-01 
 9.512800000000e-09 -3.100312603731e-01 
 9.522800000000e-09 -1.810030232383e-01 
 9.532800000000e-09 -3.340415120405e-02 
 9.542800000000e-09  1.201099713263e-01 
 9.552800000000e-09  2.639139078293e-01 
 9.562800000000e-09  3.789987189128e-01 
 9.572800000000e-09  4.431016001755e-01 
 9.582800000000e-09  4.434095923181e-01 
 9.592800000000e-09  3.826767122682e-01 
 9.602800000000e-09  2.754647482841e-01 
 9.612800000000e-09  1.398052128736e-01 
 9.622800000000e-09 -1.089269806938e-02 
 9.632800000000e-09 -1.633493970910e-01 
 9.642800000000e-09 -3.010289088154e-01 
 9.652800000000e-09 -4.036130605265e-01 
 9.662800000000e-09 -4.498765403193e-01 
 9.672800000000e-09 -4.316959667807e-01 
 9.682800000000e-09 -3.556729831515e-01 
 9.692800000000e-09 -2.385715749882e-01 
 9.702800000000e-09 -9.734218550717e-02 
 9.712800000000e-09  5.536770049020e-02 
 9.722800000000e-09  2.053804233342e-01 
 9.732800000000e-09  3.352590630584e-01 
 9.742800000000e-09  4.234272532186e-01 
 9.752800000000e-09  4.512038291246e-01 
 9.762800000000e-09  4.150962205283e-01 
 9.772800000000e-09  3.252507799465e-01 
 9.782800000000e-09  1.997113577182e-01 
 9.792800000000e-09  5.390572299520e-02 
 9.802800000000e-09 -9.964675385337e-02 
 9.812800000000e-09 -2.457740620723e-01 
 9.822800000000e-09 -3.660148937423e-01 
 9.832800000000e-09 -4.380904674710e-01 
 9.842800000000e-09 -4.471278253681e-01 
 9.852800000000e-09 -3.939657767290e-01 
 9.862800000000e-09 -2.918923848170e-01 
 9.872800000000e-09 -1.591860131487e-01 
 9.882800000000e-09 -9.804183111856e-03 
 9.892800000000e-09  1.433152905392e-01 
 9.902800000000e-09  2.840526381635e-01 
 9.912800000000e-09  3.927084764425e-01 
 9.922800000000e-09  4.473933449776e-01 
 9.932800000000e-09  4.377822444429e-01 
 9.942800000000e-09  3.687145875250e-01 
 9.952800000000e-09  2.560315189881e-01 
 9.962800000000e-09  1.172730964630e-01 
 9.972800000000e-09 -3.463775157109e-02 
 9.982800000000e-09 -1.859616656221e-01 
 9.992800000000e-09 -3.196911679565e-01 
 1.000000000000e-08 -3.938186578504e-01 
