 1.628000000000e-10  2.128576129767e-02 
 1.728000000000e-10  1.078298240280e-02 
 1.828000000000e-10 -1.352058755058e-03 
 1.928000000000e-10 -1.371291101785e-02 
 2.028000000000e-10 -2.481738149978e-02 
 2.128000000000e-10 -3.328159242564e-02 
 2.228000000000e-10 -3.799853022410e-02 
 2.328000000000e-10 -3.828186267259e-02 
 2.428000000000e-10 -3.396569927495e-02 
 2.528000000000e-10 -2.543349052451e-02 
 2.628000000000e-10 -1.358635385704e-02 
 2.728000000000e-10  2.549826460609e-04 
 2.828000000000e-10  1.449117010124e-02 
 2.928000000000e-10  2.742681861360e-02 
 3.028000000000e-10  3.746683982603e-02 
 3.128000000000e-10  4.331534126973e-02 
 3.228000000000e-10  4.414026503295e-02 
 3.328000000000e-10  3.969111597246e-02 
 3.428000000000e-10  3.033843614597e-02 
 3.528000000000e-10  1.704945369815e-02 
 3.628000000000e-10  1.292345228855e-03 
 3.728000000000e-10 -1.511949723155e-02 
 3.828000000000e-10 -3.023044962201e-02 
 3.928000000000e-10 -4.217209494971e-02 
 4.028000000000e-10 -4.940033528116e-02 
 4.128000000000e-10 -5.089821881369e-02 
 4.228000000000e-10 -4.631756538710e-02 
 4.328000000000e-10 -3.603307798618e-02 
 4.428000000000e-10 -2.111184177201e-02 
 4.528000000000e-10 -3.200150618851e-03 
 4.628000000000e-10  1.564923994415e-02 
 4.728000000000e-10  3.320372809884e-02 
 4.828000000000e-10  4.730864576389e-02 
 4.928000000000e-10  5.615560216529e-02 
 5.028000000000e-10  5.851771137185e-02 
 5.128000000000e-10  5.391925960806e-02 
 5.228000000000e-10  4.270730083424e-02 
 5.328000000000e-10  2.602624785361e-02 
 5.428000000000e-10  5.702055843656e-03 
 5.528000000000e-10 -1.594556038489e-02 
 5.628000000000e-10 -3.635471431343e-02 
 5.728000000000e-10 -5.301774759500e-02 
 5.828000000000e-10 -6.379761374812e-02 
 5.928000000000e-10 -6.721326543619e-02 
 6.028000000000e-10 -6.264340414379e-02 
 6.128000000000e-10 -5.041549294477e-02 
 6.228000000000e-10 -3.177752717641e-02 
 6.328000000000e-10 -8.764153617834e-03 
 6.428000000000e-10  1.601146015837e-02 
 6.528000000000e-10  3.963377964172e-02 
 6.628000000000e-10  5.921545095067e-02 
 6.728000000000e-10  7.225796557192e-02 
 6.828000000000e-10  7.698579022204e-02 
 6.928000000000e-10  7.259345396907e-02 
 7.028000000000e-10  5.935795891382e-02 
 7.128000000000e-10  3.861326635812e-02 
 7.228000000000e-10  1.260886632486e-02 
 7.328000000000e-10 -1.571642770685e-02 
 7.428000000000e-10 -4.303699153614e-02 
 7.528000000000e-10 -6.601347160363e-02 
 7.628000000000e-10 -8.171353488255e-02 
 7.728000000000e-10 -8.801328893951e-02 
 7.828000000000e-10 -8.389741301512e-02 
 7.928000000000e-10 -6.959502646992e-02 
 8.028000000000e-10 -4.654740130647e-02 
 8.128000000000e-10 -1.724504197352e-02 
 8.228000000000e-10  1.502108675869e-02 
 8.328000000000e-10  4.648514027458e-02 
 8.428000000000e-10  7.331636783224e-02 
 8.528000000000e-10  9.209872749652e-02 
 8.628000000000e-10  1.003052741824e-01 
 8.728000000000e-10  9.666195543284e-02 
 8.828000000000e-10  8.131715799482e-02 
 8.928000000000e-10  5.580822614804e-02 
 9.028000000000e-10  2.287782209391e-02 
 9.128000000000e-10 -1.379721315100e-02 
 9.228000000000e-10 -4.995386394111e-02 
 9.328000000000e-10 -8.119368966842e-02 
 9.428000000000e-10 -1.035352620346e-01 
 9.528000000000e-10 -1.139823627306e-01 
 9.628000000000e-10 -1.109678607431e-01 
 9.728000000000e-10 -9.455846708168e-02 
 9.828000000000e-10 -6.640716778630e-02 
 9.928000000000e-10 -2.953317027484e-02 
 1.002800000000e-09  1.197692655922e-02 
 1.012800000000e-09  5.333223235302e-02 
 1.022800000000e-09  8.951903403295e-02 
 1.032800000000e-09  1.159254795420e-01 
 1.042800000000e-09  1.290156143203e-01 
 1.052800000000e-09  1.268715798463e-01 
 1.062800000000e-09  1.094476037641e-01 
 1.072800000000e-09  7.850930798203e-02 
 1.082800000000e-09  3.736879721125e-02 
 1.092800000000e-09 -9.446881177405e-03 
 1.102800000000e-09 -5.656944805221e-02 
 1.112800000000e-09 -9.829650643686e-02 
 1.122800000000e-09 -1.292978849468e-01 
 1.132800000000e-09 -1.454202795004e-01 
 1.142800000000e-09 -1.443521487014e-01 
 1.152800000000e-09 -1.259331447236e-01 
 1.162800000000e-09 -9.206512782299e-02 
 1.172800000000e-09 -4.637847851924e-02 
 1.182800000000e-09  6.142244145707e-03 
 1.192800000000e-09  5.953013570555e-02 
 1.202800000000e-09  1.073493167600e-01 
 1.212800000000e-09  1.434791068703e-01 
 1.222800000000e-09  1.630669651215e-01 
 1.232800000000e-09  1.633440581311e-01 
 1.242800000000e-09  1.440091007547e-01 
 1.252800000000e-09  1.071095002630e-01 
 1.262800000000e-09  5.661846909305e-02 
 1.272800000000e-09 -1.999184026034e-03 
 1.282800000000e-09 -6.214806685558e-02 
 1.292800000000e-09 -1.166023451320e-01 
 1.302800000000e-09 -1.583679042199e-01 
 1.312800000000e-09 -1.818111462639e-01 
 1.322800000000e-09 -1.836575477132e-01 
 1.332800000000e-09 -1.634646854151e-01 
 1.342800000000e-09 -1.234581014773e-01 
 1.352800000000e-09 -6.798379102339e-02 
 1.362800000000e-09 -2.993783370869e-03 
 1.372800000000e-09  6.428909169420e-02 
 1.382800000000e-09  1.258248924805e-01 
 1.392800000000e-09  1.736841933667e-01 
 1.402800000000e-09  2.013722860801e-01 
 1.412800000000e-09  2.050448978551e-01 
 1.422800000000e-09  1.840976361159e-01 
 1.432800000000e-09  1.409566199746e-01 
 1.442800000000e-09  8.037502542191e-02 
 1.452800000000e-09  8.804946012533e-03 
 1.462800000000e-09 -6.590471847083e-02 
 1.472800000000e-09 -1.348791000580e-01 
 1.482800000000e-09 -1.891960229669e-01 
 1.492800000000e-09 -2.214312051630e-01 
 1.502800000000e-09 -2.271265388802e-01 
 1.512800000000e-09 -2.055150815897e-01 
 1.522800000000e-09 -1.592589414970e-01 
 1.532800000000e-09 -9.355393053263e-02 
 1.542800000000e-09 -1.535077085415e-02 
 1.552800000000e-09  6.690606061999e-02 
 1.562800000000e-09  1.435205481127e-01 
 1.572800000000e-09  2.045499826514e-01 
 1.582800000000e-09  2.415848147469e-01 
 1.592800000000e-09  2.494994554248e-01 
 1.602800000000e-09  2.273457467694e-01 
 1.612800000000e-09  1.780452056055e-01 
 1.622800000000e-09  1.072747642311e-01 
 1.632800000000e-09  2.248965246840e-02 
 1.642800000000e-09 -6.730268126346e-02 
 1.652800000000e-09 -1.516107633658e-01 
 1.662800000000e-09 -2.194607040453e-01 
 1.672800000000e-09 -2.614248922623e-01 
 1.682800000000e-09 -2.716813371370e-01 
 1.692800000000e-09 -2.490987624376e-01 
 1.702800000000e-09 -1.968812388190e-01 
 1.712800000000e-09 -1.212155081319e-01 
 1.722800000000e-09 -3.005518679533e-02 
 1.732800000000e-09  6.708180661208e-02 
 1.742800000000e-09  1.589635143278e-01 
 1.752800000000e-09  2.336056077209e-01 
 1.762800000000e-09  2.805487240654e-01 
 1.772800000000e-09  2.932433937641e-01 
 1.782800000000e-09  2.703613094630e-01 
 1.792800000000e-09  2.153982544496e-01 
 1.802800000000e-09  1.350748133606e-01 
 1.812800000000e-09  3.784236931974e-02 
 1.822800000000e-09 -6.632036277250e-02 
 1.832800000000e-09 -1.655047630833e-01 
 1.842800000000e-09 -2.467577542704e-01 
 1.852800000000e-09 -2.986008523541e-01 
 1.862800000000e-09 -3.137521092951e-01 
 1.872800000000e-09 -2.906894468917e-01 
 1.882800000000e-09 -2.332027988417e-01 
 1.892800000000e-09 -1.485502008831e-01 
 1.902800000000e-09 -4.566669538141e-02 
 1.912800000000e-09  6.506681551111e-02 
 1.922800000000e-09  1.711448111971e-01 
 1.932800000000e-09  2.587111272296e-01 
 1.942800000000e-09  3.152984242234e-01 
 1.952800000000e-09  3.328918813388e-01 
 1.962800000000e-09  3.097702303421e-01 
 1.972800000000e-09  2.500076776584e-01 
 1.982800000000e-09  1.613948371265e-01 
 1.992800000000e-09  5.333851733954e-02 
 2.002800000000e-09 -6.343062256288e-02 
 2.012800000000e-09 -1.758900339307e-01 
 2.022800000000e-09 -2.693596685515e-01 
 2.032800000000e-09 -3.304361448142e-01 
 2.042800000000e-09 -3.503990009694e-01 
 2.052800000000e-09 -3.273327241746e-01 
 2.062800000000e-09 -2.655742952803e-01 
 2.072800000000e-09 -1.734197056229e-01 
 2.082800000000e-09 -6.072550750413e-02 
 2.092800000000e-09  6.148140669803e-02 
 2.102800000000e-09  1.797432371531e-01 
 2.112800000000e-09  2.786435109549e-01 
 2.122800000000e-09  3.439109806131e-01 
 2.132800000000e-09  3.661552674564e-01 
 2.142800000000e-09  3.432576853828e-01 
 2.152800000000e-09  2.797869811982e-01 
 2.162800000000e-09  1.845108023278e-01 
 2.172800000000e-09  6.771669788645e-02 
 2.182800000000e-09 -5.931712553759e-02 
 2.192800000000e-09 -1.827736160225e-01 
 2.202800000000e-09 -2.865924351845e-01 
 2.212800000000e-09 -3.557101716043e-01 
 2.222800000000e-09 -3.801152041668e-01 
 2.232800000000e-09 -3.574904312909e-01 
 2.242800000000e-09 -2.925957292183e-01 
 2.252800000000e-09 -1.946211767709e-01 
 2.262800000000e-09 -7.425936284645e-02 
 2.272800000000e-09  5.700040383335e-02 
 2.282800000000e-09  1.850515141453e-01 
 2.292800000000e-09  2.932782245352e-01 
 2.302800000000e-09  3.659052824633e-01 
 2.312800000000e-09  3.923482204002e-01 
 2.322800000000e-09  3.700875024180e-01 
 2.332800000000e-09  3.040341351144e-01 
 2.342800000000e-09  2.037533859974e-01 
 2.352800000000e-09  8.031722377327e-02 
 2.362800000000e-09 -5.460542048819e-02 
 2.372800000000e-09 -1.866784305556e-01 
 2.382800000000e-09 -2.988126828823e-01 
 2.392800000000e-09 -3.746041098542e-01 
 2.402800000000e-09 -4.029506276372e-01 
 2.412800000000e-09 -3.811324423310e-01 
 2.422800000000e-09 -3.141710016976e-01 
 2.432800000000e-09 -2.119539055605e-01 
 2.442800000000e-09 -8.589996980592e-02 
 2.452800000000e-09  5.216842680715e-02 
 2.462800000000e-09  1.877374672757e-01 
 2.472800000000e-09  3.033186336070e-01 
 2.482800000000e-09  3.819559893195e-01 
 2.492800000000e-09  4.120775627763e-01 
 2.502800000000e-09  3.907633107916e-01 
 2.512800000000e-09  3.231109097675e-01 
 2.522800000000e-09  2.192850560177e-01 
 2.532800000000e-09  9.101865230195e-02 
 2.542800000000e-09 -4.973301672662e-02 
 2.552800000000e-09 -1.883213159902e-01 
 2.562800000000e-09 -3.069239452752e-01 
 2.572800000000e-09 -3.881061833802e-01 
 2.582800000000e-09 -4.198749941482e-01 
 2.592800000000e-09 -3.991147392876e-01 
 2.602800000000e-09 -3.309673019650e-01 
 2.612800000000e-09 -2.258288925624e-01 
 2.622800000000e-09 -9.571094336732e-02 
 2.632800000000e-09  4.731544668620e-02 
 2.642800000000e-09  1.885021835930e-01 
 2.652800000000e-09  3.097501791789e-01 
 2.662800000000e-09  3.932099948212e-01 
 2.672800000000e-09  4.265084455960e-01 
 2.682800000000e-09  4.063379554794e-01 
 2.692800000000e-09  3.378598840753e-01 
 2.702800000000e-09  2.316644145512e-01 
 2.712800000000e-09  1.000079996938e-01 
 2.722800000000e-09 -4.493675159594e-02 
 2.732800000000e-09 -1.883509241643e-01 
 2.742800000000e-09 -3.119081447841e-01 
 2.752800000000e-09 -3.974024171897e-01 
 2.762800000000e-09 -4.321201534363e-01 
 2.772800000000e-09 -4.125680214251e-01 
 2.782800000000e-09 -3.439041595380e-01 
 2.792800000000e-09 -2.368765974141e-01 
 2.802800000000e-09 -1.039543120300e-01 
 2.812800000000e-09  4.260083031532e-02 
 2.822800000000e-09  1.879220893100e-01 
 2.832800000000e-09  3.134979659149e-01 
 2.842800000000e-09  4.008154083181e-01 
 2.852800000000e-09  4.368534218627e-01 
 2.862800000000e-09  4.179383597247e-01 
 2.872800000000e-09  3.492083853807e-01 
 2.882800000000e-09  2.415399010809e-01 
 2.892800000000e-09  1.075852638219e-01 
 2.902800000000e-09 -4.031528504234e-02 
 2.912800000000e-09 -1.872656547016e-01 
 2.922800000000e-09 -3.146054677942e-01 
 2.932800000000e-09 -4.035584737331e-01 
 2.942800000000e-09 -4.408272930762e-01 
 2.952800000000e-09 -4.225643021291e-01 
 2.962800000000e-09 -3.538722416186e-01 
 2.972800000000e-09 -2.457283349359e-01 
 2.982800000000e-09 -1.109418547200e-01 
 2.992800000000e-09  3.807801769457e-02 
 3.002800000000e-09  1.864204602830e-01 
 3.012800000000e-09  3.153067466397e-01 
 3.022800000000e-09  4.057342086483e-01 
 3.032800000000e-09  4.441548014548e-01 
 3.042800000000e-09  4.265526252262e-01 
 3.052800000000e-09  3.579838862958e-01 
 3.062800000000e-09  2.495041298666e-01 
 3.072800000000e-09  1.140564117648e-01 
 3.082800000000e-09 -3.588972938923e-02 
 3.092800000000e-09 -1.854204801787e-01 
 3.102800000000e-09 -3.156648753828e-01 
 3.112800000000e-09 -4.074259837809e-01 
 3.122800000000e-09 -4.469286941642e-01 
 3.132800000000e-09 -4.299944877896e-01 
 3.142800000000e-09 -3.616226801524e-01 
 3.152800000000e-09 -2.529265906339e-01 
 3.162800000000e-09 -1.169628216149e-01 
 3.172800000000e-09  3.374612374054e-02 
 3.182800000000e-09  1.842926538263e-01 
 3.192800000000e-09  3.157354168796e-01 
 3.202800000000e-09  4.087100175456e-01 
 3.212800000000e-09  4.492338949442e-01 
 3.222800000000e-09  4.329710467646e-01 
 3.232800000000e-09  3.648565433097e-01 
 3.242800000000e-09  2.560446075989e-01 
 3.252800000000e-09  1.196878893667e-01 
 3.262800000000e-09 -3.164486435602e-02 
 3.272800000000e-09 -1.830597012047e-01 
 3.282800000000e-09 -3.155635189021e-01 
 3.292800000000e-09 -4.096477121513e-01 
 3.302800000000e-09 -4.511399300724e-01 
 3.312800000000e-09 -4.355513513128e-01 
 3.322800000000e-09 -3.677458809758e-01 
 3.332800000000e-09 -2.589035399305e-01 
 3.342800000000e-09 -1.222580375646e-01 
 3.352800000000e-09  2.958134625890e-02 
 3.362800000000e-09  1.817400872300e-01 
 3.372800000000e-09  3.151888786640e-01 
 3.382800000000e-09  4.102942664406e-01 
 3.392800000000e-09  4.527088633511e-01 
 3.402800000000e-09  4.377952909595e-01 
 3.412800000000e-09  3.703413812219e-01 
 3.422800000000e-09  2.615404535174e-01 
 3.432800000000e-09  1.246943523818e-01 
 3.442800000000e-09 -2.755224434100e-02 
 3.452800000000e-09 -1.803489109095e-01 
 3.462800000000e-09 -3.146433748558e-01 
 3.472800000000e-09 -4.106940659969e-01 
 3.482800000000e-09 -4.539916475217e-01 
 3.492800000000e-09 -4.397538506102e-01 
 3.502800000000e-09 -3.726877906833e-01 
 3.512800000000e-09 -2.639890749838e-01 
 3.522800000000e-09 -1.270167410632e-01 
 3.532800000000e-09  2.555343731800e-02 
 3.542800000000e-09  1.788987575938e-01 
 3.552800000000e-09  3.139550146100e-01 
 3.562800000000e-09  4.108864874913e-01 
 3.572800000000e-09  4.550328961294e-01 
 3.582800000000e-09  4.414704475010e-01 
 3.592800000000e-09  3.748222136149e-01 
 3.602800000000e-09  2.662768942821e-01 
 3.612800000000e-09  1.292412715649e-01 
 3.622800000000e-09 -2.358159661220e-02 
 3.632800000000e-09 -1.773996518257e-01 
 3.642800000000e-09 -3.131461474146e-01 
 3.652800000000e-09 -4.109032606869e-01 
 3.662800000000e-09 -4.558694252727e-01 
 3.672800000000e-09 -4.429821219296e-01 
 3.682800000000e-09 -3.767772291726e-01 
 3.692800000000e-09 -2.684285408228e-01 
 3.702800000000e-09 -1.313826255500e-01 
 3.712800000000e-09  2.163332593577e-02 
 3.722800000000e-09  1.758601465082e-01 
 3.732800000000e-09  3.122363826108e-01 
 3.742800000000e-09  4.107722160267e-01 
 3.752800000000e-09  4.565329799743e-01 
 3.762800000000e-09  4.443200042742e-01 
 3.772800000000e-09  3.785796688206e-01 
 3.782800000000e-09  2.704641131289e-01 
 3.792800000000e-09  1.334527968424e-01 
 3.802800000000e-09 -1.970570378944e-02 
 3.812800000000e-09 -1.742869095805e-01 
 3.822800000000e-09 -3.112413321281e-01 
 3.832800000000e-09 -4.105158791324e-01 
 3.842800000000e-09 -4.570499152814e-01 
 3.852800000000e-09 -4.455107146530e-01 
 3.862800000000e-09 -3.802529827069e-01 
 3.872800000000e-09 -2.724013847431e-01 
 3.882800000000e-09 -1.354624656322e-01 
 3.892800000000e-09  1.779605441887e-02 
 3.902800000000e-09  1.726857436319e-01 
 3.912800000000e-09  3.101746608592e-01 
 3.922800000000e-09  4.101538069174e-01 
 3.932800000000e-09  4.574426770480e-01 
 3.942800000000e-09  4.465764183267e-01 
 3.952800000000e-09  3.818164197288e-01 
 3.962800000000e-09  2.742549081182e-01 
 3.972800000000e-09  1.374204586041e-01 
 3.982800000000e-09 -1.590198376380e-02 
 3.992800000000e-09 -1.710610994663e-01 
 4.002800000000e-09 -3.090472560063e-01 
 4.012800000000e-09 -4.097019191507e-01 
 4.022800000000e-09 -4.577300118358e-01 
 4.032800000000e-09 -4.475361043553e-01 
 4.042800000000e-09 -3.832867275931e-01 
 4.052800000000e-09 -2.760374066842e-01 
 4.062800000000e-09 -1.393344750011e-01 
 4.072800000000e-09  1.402144018858e-02 
 4.082800000000e-09  1.694169100899e-01 
 4.092800000000e-09  3.078686130456e-01 
 4.102800000000e-09  4.091739107113e-01 
 4.112800000000e-09  4.579277284925e-01 
 4.122800000000e-09  4.484054839765e-01 
 4.132800000000e-09  3.846776412286e-01 
 4.142800000000e-09  2.777593446817e-01 
 4.152800000000e-09  1.412109442779e-01 
 4.162800000000e-09 -1.215254289525e-02 
 4.172800000000e-09 -1.677561601832e-01 
 4.182800000000e-09 -3.066463204999e-01 
 4.192800000000e-09 -4.085809994688e-01 
 4.202800000000e-09 -4.580491017765e-01 
 4.212800000000e-09 -4.491980311072e-01 
 4.222800000000e-09 -3.860010561023e-01 
 4.232800000000e-09 -2.794297796031e-01 
 4.242800000000e-09 -1.430553823797e-01 
 4.252800000000e-09  1.029374693209e-02 
 4.262800000000e-09  1.660815154190e-01 
 4.272800000000e-09  3.053869670382e-01 
 4.282800000000e-09  4.079327565089e-01 
 4.292800000000e-09  4.581052400065e-01 
 4.302800000000e-09  4.499248495024e-01 
 4.312800000000e-09  3.872667352319e-01 
 4.322800000000e-09  2.810561969096e-01 
 4.332800000000e-09  1.448724356394e-01 
 4.342800000000e-09 -8.443617060351e-03 
 4.352800000000e-09 -1.643949888705e-01 
 4.362800000000e-09 -3.040958436787e-01 
 4.372800000000e-09 -4.072370713257e-01 
 4.382800000000e-09 -4.581055129258e-01 
 4.392800000000e-09 -4.505954628293e-01 
 4.402800000000e-09 -3.884830940473e-01 
 4.412800000000e-09 -2.826450182212e-01 
 4.422800000000e-09 -1.466660377647e-01 
 4.432800000000e-09  6.601005672056e-03 
 4.442800000000e-09  1.626983896575e-01 
 4.452800000000e-09  3.027775209754e-01 
 4.462800000000e-09  4.065006273670e-01 
 4.472800000000e-09  4.580577157875e-01 
 4.482800000000e-09  4.512177028922e-01 
 4.492800000000e-09  3.896570519907e-01 
 4.502800000000e-09  2.842015755382e-01 
 4.512800000000e-09  1.484395244302e-01 
 4.522800000000e-09 -4.764841689658e-03 
 4.532800000000e-09 -1.609930854623e-01 
 4.542800000000e-09 -3.014356920250e-01 
 4.552800000000e-09 -4.057289671054e-01 
 4.562800000000e-09 -4.579684466659e-01 
 4.572800000000e-09 -4.517982817062e-01 
 4.582800000000e-09 -3.907945443849e-01 
 4.592800000000e-09 -2.857304070244e-01 
 4.602800000000e-09 -1.501956901639e-01 
 4.612800000000e-09  2.934283058978e-03 
 4.622800000000e-09  1.592803084203e-01 
 4.632800000000e-09  3.000735304534e-01 
 4.642800000000e-09  4.049267579681e-01 
 4.652800000000e-09  4.578431725988e-01 
 4.662800000000e-09  4.523427152507e-01 
 4.672800000000e-09  3.919004631689e-01 
 4.682800000000e-09  2.872352963250e-01 
 4.692800000000e-09  1.519369152939e-01 
 4.702800000000e-09 -1.108545730075e-03 
 4.712800000000e-09 -1.575609966722e-01 
 4.722800000000e-09 -2.986936190902e-01 
 4.732800000000e-09 -4.040978921661e-01 
 4.742800000000e-09 -4.576865323063e-01 
 4.752800000000e-09 -4.528557232655e-01 
 4.762800000000e-09 -3.929789837994e-01 
 4.772800000000e-09 -2.887194411971e-01 
 4.782800000000e-09 -1.536651773669e-01 
 4.792800000000e-09 -7.129800652323e-04 
 4.802800000000e-09  1.558359951552e-01 
 4.812800000000e-09  2.972981667662e-01 
 4.822800000000e-09  4.032456323248e-01 
 4.832800000000e-09  4.575023596432e-01 
 4.842800000000e-09  4.533411860822e-01 
 4.852800000000e-09  3.940335565735e-01 
 4.862800000000e-09  2.901855163279e-01 
 4.872800000000e-09  1.553821645659e-01 
 4.882800000000e-09  2.530857418959e-03 
 4.892800000000e-09 -1.541059557593e-01 
 4.902800000000e-09 -2.958889855282e-01 
 4.912800000000e-09 -4.023727129468e-01 
 4.922800000000e-09 -4.572939124457e-01 
 4.932800000000e-09 -4.538024163486e-01 
 4.942800000000e-09 -3.950671118347e-01 
 4.952800000000e-09 -2.916357679721e-01 
 4.962800000000e-09 -1.570892698405e-01 
 4.972800000000e-09 -4.345520759071e-03 
 4.982800000000e-09  1.523714646552e-01 
 4.992800000000e-09  2.944676189939e-01 
 5.002800000000e-09  4.014814189624e-01 
 5.012800000000e-09  4.570638801593e-01 
 5.022800000000e-09  4.542387535167e-01 
 5.032800000000e-09  3.960801168882e-01 
 5.042800000000e-09  2.930744566768e-01 
 5.052800000000e-09  1.587899944332e-01 
 5.062800000000e-09  6.159816896311e-03 
 5.072800000000e-09 -1.506306986305e-01 
 5.082800000000e-09 -2.930335212630e-01 
 5.092800000000e-09 -4.005726107658e-01 
 5.102800000000e-09 -4.568143764849e-01 
 5.112800000000e-09 -4.546602966280e-01 
 5.122800000000e-09 -3.970805418014e-01 
 5.132800000000e-09 -2.945008174411e-01 
 5.142800000000e-09 -1.604832273105e-01 
 5.152800000000e-09 -7.971621870828e-03 
 5.162800000000e-09  1.488864880923e-01 
 5.172800000000e-09  2.915898666347e-01 
 5.182800000000e-09  3.996493090806e-01 
 5.192800000000e-09  4.565478773292e-01 
 5.202800000000e-09  4.550649382579e-01 
 5.212800000000e-09  3.980664346074e-01 
 5.222800000000e-09  2.959164047483e-01 
 5.232800000000e-09  1.621697812413e-01 
 5.242800000000e-09  9.781284517923e-03 
 5.252800000000e-09 -1.471390559972e-01 
 5.262800000000e-09 -2.901374557627e-01 
 5.272800000000e-09 -3.987127975160e-01 
 5.282800000000e-09 -4.562659158534e-01 
 5.292800000000e-09 -4.554541687708e-01 
 5.302800000000e-09 -3.990390078576e-01 
 5.312800000000e-09 -2.973220687011e-01 
 5.322800000000e-09 -1.638501223888e-01 
 5.332800000000e-09 -1.158888033354e-02 
 5.342800000000e-09  1.453887152100e-01 
 5.352800000000e-09  2.886769336901e-01 
 5.362800000000e-09  3.977639544167e-01 
 5.372800000000e-09  4.559695086537e-01 
 5.382800000000e-09  4.558290642451e-01 
 5.392800000000e-09  3.999992917911e-01 
 5.402800000000e-09  2.987186600922e-01 
 5.412800000000e-09  1.655248228715e-01 
 5.422800000000e-09  1.339462612181e-02 
 5.432800000000e-09 -1.436356546632e-01 
 5.442800000000e-09 -2.872088882456e-01 
 5.452800000000e-09 -3.968036881145e-01 
 5.462800000000e-09 -4.556597161551e-01 
 5.472800000000e-09 -4.561906431260e-01 
 5.482800000000e-09 -4.009481153337e-01 
 5.492800000000e-09 -3.001067657240e-01 
 5.502800000000e-09 -1.671942119731e-01 
 5.512800000000e-09 -1.519858166608e-02 
 5.522800000000e-09  1.418800884865e-01 
 5.532800000000e-09  2.857337724929e-01 
 5.542800000000e-09  3.958326252986e-01 
 5.552800000000e-09  4.553372702382e-01 
 5.562800000000e-09  4.565396782528e-01 
 5.572800000000e-09  4.018862073177e-01 
 5.582800000000e-09  3.014869753589e-01 
 5.592800000000e-09  1.688586750174e-01 
 5.602800000000e-09  1.700087620603e-02 
 5.612800000000e-09 -1.401221748243e-01 
 5.622800000000e-09 -2.842520190274e-01 
 5.632800000000e-09 -3.948514095001e-01 
 5.642800000000e-09 -4.550029048706e-01 
 5.652800000000e-09 -4.568768663500e-01 
 5.662800000000e-09 -4.028141348915e-01 
 5.672800000000e-09 -3.028596935163e-01 
 5.682800000000e-09 -1.705184427394e-01 
 5.692800000000e-09 -1.880155238979e-02 
 5.702800000000e-09  1.383620665483e-01 
 5.712800000000e-09  2.827639532652e-01 
 5.722800000000e-09  3.938604933987e-01 
 5.732800000000e-09  4.546571484932e-01 
 5.742800000000e-09  4.572061656445e-01 
 5.752800000000e-09  4.037341540103e-01 
 5.762800000000e-09  3.042225212953e-01 
 5.772800000000e-09  1.721711573068e-01 
 5.782800000000e-09  2.059804048124e-02 
 5.792800000000e-09 -1.366022406747e-01 
 5.802800000000e-09 -2.812716387739e-01 
 5.812800000000e-09 -3.928611849073e-01 
 5.822800000000e-09 -4.543003625297e-01 
 5.832800000000e-09 -4.575205412137e-01 
 5.842800000000e-09 -4.046420416464e-01 
 5.852800000000e-09 -3.055795462966e-01 
 5.862800000000e-09 -1.738199782199e-01 
 5.872800000000e-09 -2.239316971420e-02 
 5.882800000000e-09  1.348405968806e-01 
 5.892800000000e-09  2.797739890226e-01 
 5.902800000000e-09  3.918536235921e-01 
 5.912800000000e-09  4.539338568002e-01 
 5.922800000000e-09  4.578253390100e-01 
 5.932800000000e-09  4.055417971493e-01 
 5.942800000000e-09  3.069305910760e-01 
 5.952800000000e-09  1.754649890940e-01 
 5.962800000000e-09  2.418686702734e-02 
 5.972800000000e-09 -1.330773133764e-01 
 5.982800000000e-09 -2.782712470551e-01 
 5.992800000000e-09 -3.908380688243e-01 
 6.002800000000e-09 -4.535578935156e-01 
 6.012800000000e-09 -4.581208396350e-01 
 6.022800000000e-09 -4.064337214142e-01 
 6.032800000000e-09 -3.082759253256e-01 
 6.042800000000e-09 -1.771063835665e-01 
 6.052800000000e-09 -2.597920216617e-02 
 6.062800000000e-09  1.313124719811e-01 
 6.072800000000e-09  2.767636481089e-01 
 6.082800000000e-09  3.898148781757e-01 
 6.092800000000e-09  4.531728723465e-01 
 6.102800000000e-09  4.584073911703e-01 
 6.112800000000e-09  4.073180481390e-01 
 6.122800000000e-09  3.096156710597e-01 
 6.132800000000e-09  1.787441912037e-01 
 6.142800000000e-09  2.777011952334e-02 
 6.152800000000e-09 -1.295462038171e-01 
 6.162800000000e-09 -2.752513720553e-01 
 6.172800000000e-09 -3.887842478863e-01 
 6.182800000000e-09 -4.527789943964e-01 
 6.192800000000e-09 -4.586852041120e-01 
 6.202800000000e-09 -4.081949891116e-01 
 6.212800000000e-09 -3.109500047058e-01 
 6.222800000000e-09 -1.803785258713e-01 
 6.232800000000e-09 -2.955963909961e-02 
 6.242800000000e-09  1.277785986270e-01 
 6.252800000000e-09  2.737346112435e-01 
 6.262800000000e-09  3.877464421649e-01 
 6.272800000000e-09  4.523765352429e-01 
 6.282800000000e-09  4.589545058515e-01 
 6.292800000000e-09  4.090646897784e-01 
 6.302800000000e-09  3.122789971057e-01 
 6.312800000000e-09  1.820093986172e-01 
 6.322800000000e-09  3.134771276860e-02 
 6.332800000000e-09 -1.260097602633e-01 
 6.342800000000e-09 -2.722135063421e-01 
 6.352800000000e-09 -3.867016150927e-01 
 6.362800000000e-09 -4.519656504325e-01 
 6.372800000000e-09 -4.592154517552e-01 
 6.382800000000e-09 -4.099272944923e-01 
 6.392800000000e-09 -3.136027574977e-01 
 6.402800000000e-09 -1.836368690090e-01 
 6.412800000000e-09 -3.313432964260e-02 
 6.422800000000e-09  1.242397790209e-01 
 6.432800000000e-09  2.706882155479e-01 
 6.442800000000e-09  3.856499644503e-01 
 6.452800000000e-09  4.515465316476e-01 
 6.462800000000e-09  4.594681901649e-01 
 6.472800000000e-09  4.107828913575e-01 
 6.482800000000e-09  3.149213227222e-01 
 6.492800000000e-09  1.852609344580e-01 
 6.502800000000e-09  3.491944450562e-02 
 6.512800000000e-09 -1.224687427107e-01 
 6.522800000000e-09 -2.691592507311e-01 
 6.532800000000e-09 -3.845851927070e-01 
 6.542800000000e-09 -4.511063776043e-01 
 6.552800000000e-09 -4.597040616281e-01 
 6.562800000000e-09 -4.116265458903e-01 
 6.572800000000e-09 -3.162339499767e-01 
 6.582800000000e-09 -1.868853375658e-01 
 6.592800000000e-09 -3.671223003802e-02 
 6.602800000000e-09  1.206838627663e-01 
 6.612800000000e-09  2.676117316094e-01 
 6.622800000000e-09  3.835069994392e-01 
 6.632800000000e-09  4.506607017002e-01 
 6.642800000000e-09  4.599343736581e-01 
 6.652800000000e-09  4.124668668242e-01 
 6.662800000000e-09  3.175453548232e-01 
 6.672800000000e-09  1.885098490473e-01 
 6.682800000000e-09  3.850475254618e-02 
 6.692800000000e-09 -1.188980194927e-01 
 6.702800000000e-09 -2.660609069425e-01 
 6.712800000000e-09 -3.824230411712e-01 
 6.722800000000e-09 -4.502080642813e-01 
 6.732800000000e-09 -4.601578390522e-01 
 6.742800000000e-09 -4.133014720908e-01 
 6.752800000000e-09 -3.188526641621e-01 
 6.762800000000e-09 -1.901317124237e-01 
 6.772800000000e-09 -4.029610316198e-02 
 6.782800000000e-09  1.171113119496e-01 
 6.792800000000e-09  2.645066774935e-01 
 6.802800000000e-09  3.813334493681e-01 
 6.812800000000e-09  4.497485749061e-01 
 6.822800000000e-09  4.603744618591e-01 
 6.832800000000e-09  4.141302143103e-01 
 6.842800000000e-09  3.201556232282e-01 
 6.852800000000e-09  1.917506698858e-01 
 6.862800000000e-09  4.208606356792e-02 
 6.872800000000e-09 -1.153238660751e-01 
 6.882800000000e-09 -2.629490378046e-01 
 6.892800000000e-09 -3.802380728451e-01 
 6.902800000000e-09 -4.492819842902e-01 
 6.912800000000e-09 -4.605840246249e-01 
 6.922800000000e-09 -4.149529734847e-01 
 6.932800000000e-09 -3.214542011203e-01 
 6.942800000000e-09 -1.933667326635e-01 
 6.952800000000e-09 -4.387464620934e-02 
 6.962800000000e-09  1.135356962684e-01 
 6.972800000000e-09  2.613880441598e-01 
 6.982800000000e-09  3.791369918824e-01 
 6.992800000000e-09  4.488083578982e-01 
 7.002800000000e-09  4.607864951432e-01 
 7.012800000000e-09  4.157696154638e-01 
 7.022800000000e-09  3.227482038906e-01 
 7.032800000000e-09  1.949797198187e-01 
 7.042800000000e-09  4.566170464091e-02 
 7.052800000000e-09 -1.117468859292e-01 
 7.062800000000e-09 -2.598236953979e-01 
 7.072800000000e-09 -3.780301147253e-01 
 7.082800000000e-09 -4.483275467195e-01 
 7.092800000000e-09 -4.609817453427e-01 
 7.102800000000e-09 -4.165800656171e-01 
 7.112800000000e-09 -3.240376000442e-01 
 7.122800000000e-09 -1.965896176397e-01 
 7.132800000000e-09 -4.744721737612e-02 
 7.142800000000e-09  1.099574786483e-01 
 7.152800000000e-09  2.582560578891e-01 
 7.162800000000e-09  3.769175081302e-01 
 7.172800000000e-09  4.478395854715e-01 
 7.182800000000e-09  4.611697308901e-01 
 7.192800000000e-09  4.173842106664e-01 
 7.202800000000e-09  3.253222442667e-01 
 7.212800000000e-09  1.981962987049e-01 
 7.222800000000e-09  4.923108371076e-02 
 7.232800000000e-09 -1.081675348874e-01 
 7.242800000000e-09 -2.566851392718e-01 
 7.252800000000e-09 -3.757991234288e-01 
 7.262800000000e-09 -4.473443894632e-01 
 7.272800000000e-09 -4.613503769545e-01 
 7.282800000000e-09 -4.181820004910e-01 
 7.292800000000e-09 -3.266021036232e-01 
 7.302800000000e-09 -1.997997359009e-01 
 7.312800000000e-09 -5.101326636897e-02 
 7.322800000000e-09  1.063771094692e-01 
 7.332800000000e-09  2.551110055464e-01 
 7.342800000000e-09  3.746750155886e-01 
 7.352800000000e-09  4.468419764796e-01 
 7.362800000000e-09  4.615236391747e-01 
 7.372800000000e-09  4.189733437022e-01 
 7.382800000000e-09  3.278770700422e-01 
 7.392800000000e-09  2.013998387515e-01 
 7.402800000000e-09  5.279369383669e-02 
 7.412800000000e-09 -1.045862503313e-01 
 7.422800000000e-09 -2.535336728687e-01 
 7.432800000000e-09 -3.735451653480e-01 
 7.442800000000e-09 -4.463323019261e-01 
 7.452800000000e-09 -4.616894738469e-01 
 7.462800000000e-09 -4.197582036881e-01 
 7.472800000000e-09 -3.291471103511e-01 
 7.482800000000e-09 -2.029965748843e-01 
 7.492800000000e-09 -5.457232405121e-02 
 7.502800000000e-09  1.027950135354e-01 
 7.512800000000e-09  2.519532021590e-01 
 7.522800000000e-09  3.724096183100e-01 
 7.532800000000e-09  4.458153751752e-01 
 7.542800000000e-09  4.618478421074e-01 
 7.552800000000e-09  4.205365088466e-01 
 7.562800000000e-09  3.304121443551e-01 
 7.572800000000e-09  2.045898794495e-01 
 7.582800000000e-09  5.634910461409e-02 
 7.592800000000e-09 -1.010034395500e-01 
 7.602800000000e-09 -2.503696158264e-01 
 7.612800000000e-09 -3.712683740778e-01 
 7.622800000000e-09 -4.452911758369e-01 
 7.632800000000e-09 -4.619987181932e-01 
 7.642800000000e-09 -4.213082305122e-01 
 7.652800000000e-09 -3.316721403009e-01 
 7.662800000000e-09 -2.061797201302e-01 
 7.672800000000e-09 -5.812399501416e-02 
 7.682800000000e-09  9.921158044216e-02 
 7.692800000000e-09  2.487829679080e-01 
 7.702800000000e-09  3.701214710109e-01 
 7.712800000000e-09  4.447597096891e-01 
 7.722800000000e-09  4.621420705532e-01 
 7.732800000000e-09  4.220733136783e-01 
 7.742800000000e-09  3.329270386948e-01 
 7.752800000000e-09  2.077660502028e-01 
 7.762800000000e-09  5.989695606096e-02 
 7.772800000000e-09 -9.741947131308e-02 
 7.782800000000e-09 -2.471932843078e-01 
 7.792800000000e-09 -3.689689198796e-01 
 7.802800000000e-09 -4.442209703577e-01 
 7.812800000000e-09 -4.622778836812e-01 
 7.822800000000e-09 -4.228317349366e-01 
 7.832800000000e-09 -3.341768106352e-01 
 7.842800000000e-09 -2.093488406171e-01 
 7.852800000000e-09 -6.166795220169e-02 
 7.862800000000e-09  9.562715773302e-02 
 7.872800000000e-09  2.456006117447e-01 
 7.882800000000e-09  3.678107533322e-01 
 7.892800000000e-09  4.436749624459e-01 
 7.902800000000e-09  4.624061332320e-01 
 7.912800000000e-09  4.235834526230e-01 
 7.922800000000e-09  3.354214120678e-01 
 7.932800000000e-09  2.109280579143e-01 
 7.942800000000e-09  6.343695410290e-02 
 7.952800000000e-09 -9.383467004141e-02 
 7.962800000000e-09 -2.440049770743e-01 
 7.972800000000e-09 -3.666469879081e-01 
 7.982800000000e-09 -4.431216871926e-01 
 7.992800000000e-09 -4.625268095613e-01 
 8.002800000000e-09 -4.243284473298e-01 
 8.012800000000e-09 -3.366608179349e-01 
 8.022800000000e-09 -2.125036780640e-01 
 8.032800000000e-09 -6.520393279976e-02 
 8.042800000000e-09  9.204204631593e-02 
 8.052800000000e-09  2.424064198411e-01 
 8.062800000000e-09  3.654776515189e-01 
 8.072800000000e-09  4.425611490047e-01 
 8.082800000000e-09  4.626398945603e-01 
 8.092800000000e-09  4.250666878666e-01 
 8.102800000000e-09  3.378949958645e-01 
 8.112800000000e-09  2.140756777553e-01 
 8.122800000000e-09  6.696886695335e-02 
 8.132800000000e-09 -9.024931208461e-02 
 8.142800000000e-09 -2.408049658016e-01 
 8.152800000000e-09 -3.643027628152e-01 
 8.162800000000e-09 -4.419933527820e-01 
 8.172800000000e-09 -4.627453819611e-01 
 8.182800000000e-09 -4.257981582240e-01 
 8.192800000000e-09 -3.391239251924e-01 
 8.202800000000e-09 -2.156440387706e-01 
 8.212800000000e-09 -6.873173477460e-02 
 8.222800000000e-09  8.845649773532e-02 
 8.232800000000e-09  2.392006476771e-01 
 8.242800000000e-09  3.631223455300e-01 
 8.252800000000e-09  4.414183029187e-01 
 8.262800000000e-09  4.628432586458e-01 
 8.272800000000e-09  4.265228353341e-01 
 8.282800000000e-09  3.403475825754e-01 
 8.292800000000e-09  2.172087459324e-01 
 8.302800000000e-09  7.049252186683e-02 
 8.312800000000e-09 -8.666362374091e-02 
 8.322800000000e-09 -2.375934886244e-01 
 8.332800000000e-09 -3.619364180328e-01 
 8.342800000000e-09 -4.408360055793e-01 
 8.352800000000e-09 -4.629335203144e-01 
 8.362800000000e-09 -4.272407062418e-01 
 8.372800000000e-09 -3.415659519267e-01 
 8.382800000000e-09 -2.187697870212e-01 
 8.392800000000e-09 -7.225121361135e-02 
 8.402800000000e-09  8.487071301181e-02 
 8.412800000000e-09  2.359835149470e-01 
 8.422800000000e-09  3.607450001738e-01 
 8.432800000000e-09  4.402464649473e-01 
 8.442800000000e-09  4.630161576181e-01 
 8.452800000000e-09  4.279517541472e-01 
 8.462800000000e-09  3.427790170476e-01 
 8.472800000000e-09  2.203271536422e-01 
 8.482800000000e-09  7.400780189888e-02 
 8.492800000000e-09 -8.307778076083e-02 
 8.502800000000e-09 -2.343707462089e-01 
 8.512800000000e-09 -3.595481085460e-01 
 8.522800000000e-09 -4.396496870285e-01 
 8.532800000000e-09 -4.630911674069e-01 
 8.542800000000e-09 -4.286559688760e-01 
 8.552800000000e-09 -3.439867663394e-01 
 8.562800000000e-09 -2.218808393862e-01 
 8.572800000000e-09 -7.576227894416e-02 
 8.582800000000e-09  8.128484284219e-02 
 8.592800000000e-09  2.327552027107e-01 
 8.602800000000e-09  3.583457592794e-01 
 8.612800000000e-09  4.390456754632e-01 
 8.622800000000e-09  4.631585430328e-01 
 8.632800000000e-09  4.293533384596e-01 
 8.642800000000e-09  3.451891893755e-01 
 8.652800000000e-09  2.234308416666e-01 
 8.662800000000e-09  7.751464242806e-02 
 8.672800000000e-09 -7.949190914577e-02 
 8.682800000000e-09 -2.311368998596e-01 
 8.692800000000e-09 -3.571379663233e-01 
 8.702800000000e-09 -4.384344352805e-01 
 8.712800000000e-09 -4.632182841875e-01 
 8.722800000000e-09 -4.300438588871e-01 
 8.732800000000e-09 -3.463862811580e-01 
 8.742800000000e-09 -2.249771607551e-01 
 8.752800000000e-09 -7.926489098357e-02 
 8.762800000000e-09  7.769899004788e-02 
 8.772800000000e-09  2.295158544461e-01 
 8.782800000000e-09  3.559247450162e-01 
 8.792800000000e-09  4.378159723805e-01 
 8.802800000000e-09  4.632703825344e-01 
 8.812800000000e-09  4.307275135566e-01 
 8.822800000000e-09  3.475780307383e-01 
 8.832800000000e-09  2.265197962799e-01 
 8.842800000000e-09  8.101302736188e-02 
 8.852800000000e-09 -7.590608800779e-02 
 8.862800000000e-09 -2.278920731274e-01 
 8.872800000000e-09 -3.547061003399e-01 
 8.882800000000e-09 -4.371902838297e-01 
 8.892800000000e-09 -4.633148360322e-01 
 8.902800000000e-09 -4.314043022929e-01 
 8.912800000000e-09 -3.487644373741e-01 
 8.922800000000e-09 -2.280587534152e-01 
 8.932800000000e-09 -8.275905562383e-02 
 8.942800000000e-09  7.411320789285e-02 
 8.952800000000e-09  2.262655679740e-01 
 8.962800000000e-09  3.534820444244e-01 
 8.972800000000e-09  4.365573744335e-01 
 8.982800000000e-09  4.633516419118e-01 
 8.992800000000e-09  4.320742189835e-01 
 9.002800000000e-09  3.499454993874e-01 
 9.012800000000e-09  2.295940393873e-01 
 9.022800000000e-09  8.450298414075e-02 
 9.032800000000e-09 -7.232034897643e-02 
 9.042800000000e-09 -2.246363454864e-01 
 9.052800000000e-09 -3.522525851521e-01 
 9.062800000000e-09 -4.359172467726e-01 
 9.072800000000e-09 -4.633807986964e-01 
 9.082800000000e-09 -4.327372602574e-01 
 9.092800000000e-09 -3.511212163315e-01 
 9.102800000000e-09 -2.311256618401e-01 
 9.112800000000e-09 -8.624482164292e-02 
 9.122800000000e-09  7.052750977920e-02 
 9.132800000000e-09  2.230044107684e-01 
 9.142800000000e-09  3.510177281574e-01 
 9.152800000000e-09  4.352699007067e-01 
 9.162800000000e-09  4.634023028375e-01 
 9.172800000000e-09  4.333934226595e-01 
 9.182800000000e-09  3.522915896786e-01 
 9.192800000000e-09  2.326536315342e-01 
 9.202800000000e-09  8.798458051280e-02 
 9.212800000000e-09 -6.873468531742e-02 
 9.222800000000e-09 -2.213697664211e-01 
 9.232800000000e-09 -3.497774782217e-01 
 9.242800000000e-09 -4.346153369769e-01 
 9.252800000000e-09 -4.634161524969e-01 
 9.262800000000e-09 -4.340427041384e-01 
 9.272800000000e-09 -3.534566217386e-01 
 9.282800000000e-09 -2.341779597581e-01 
 9.292800000000e-09 -8.972227388625e-02 
 9.302800000000e-09  6.694186940415e-02 
 9.312800000000e-09  2.197324133884e-01 
 9.322800000000e-09  3.485318380577e-01 
 9.332800000000e-09  4.339535542824e-01 
 9.342800000000e-09  4.634223445853e-01 
 9.352800000000e-09  4.346851029225e-01 
 9.362800000000e-09  3.546163164588e-01 
 9.372800000000e-09  2.356986601549e-01 
 9.382800000000e-09  9.145791758074e-02 
 9.392800000000e-09 -6.514905328062e-02 
 9.402800000000e-09 -2.180923507351e-01 
 9.412800000000e-09 -3.472808095932e-01 
 9.422800000000e-09 -4.332845516662e-01 
 9.432800000000e-09 -4.634208768779e-01 
 9.442800000000e-09 -4.353206179953e-01 
 9.452800000000e-09 -3.557706783508e-01 
 9.462800000000e-09 -2.372157469003e-01 
 9.472800000000e-09 -9.319152828040e-02 
 9.482800000000e-09  6.335622689371e-02 
 9.492800000000e-09  2.164495759248e-01 
 9.502800000000e-09  3.460243929976e-01 
 9.512800000000e-09  4.326083266671e-01 
 9.522800000000e-09  4.634117463869e-01 
 9.532800000000e-09  4.359492487048e-01 
 9.542800000000e-09  3.569197131911e-01 
 9.552800000000e-09  2.387292358503e-01 
 9.562800000000e-09  9.492312457150e-02 
 9.572800000000e-09 -6.156337833533e-02 
 9.582800000000e-09 -2.148040850160e-01 
 9.592800000000e-09 -3.447625877365e-01 
 9.602800000000e-09 -4.319248768488e-01 
 9.612800000000e-09 -4.633949504755e-01 
 9.622800000000e-09 -4.365709947480e-01 
 9.632800000000e-09 -3.580634271026e-01 
 9.642800000000e-09 -2.402391432886e-01 
 9.652800000000e-09 -9.665272581650e-02 
 9.662800000000e-09  5.977049454581e-02 
 9.672800000000e-09  2.131558727077e-01 
 9.682800000000e-09  3.434953918834e-01 
 9.692800000000e-09  4.312341986950e-01 
 9.702800000000e-09  4.633704860231e-01 
 9.712800000000e-09  4.371858561208e-01 
 9.722800000000e-09  3.592018270768e-01 
 9.732800000000e-09  2.417454865866e-01 
 9.742800000000e-09  9.838035263010e-02 
 9.752800000000e-09 -5.797756120230e-02 
 9.762800000000e-09 -2.115049327040e-01 
 9.772800000000e-09 -3.422228029383e-01 
 9.782800000000e-09 -4.305362885674e-01 
 9.792800000000e-09 -4.633383499653e-01 
 9.802800000000e-09 -4.377938328997e-01 
 9.812800000000e-09 -3.603349202437e-01 
 9.822800000000e-09 -2.432482833484e-01 
 9.832800000000e-09 -1.001060261732e-01 
 9.842800000000e-09  5.618456311981e-02 
 9.852800000000e-09  2.098512576979e-01 
 9.862800000000e-09  3.409448173944e-01 
 9.872800000000e-09  4.298311420919e-01 
 9.882800000000e-09  4.632985389105e-01 
 9.892800000000e-09  4.383949253224e-01 
 9.902800000000e-09  3.614627142139e-01 
 9.912800000000e-09  2.447475517388e-01 
 9.922800000000e-09  1.018297682939e-01 
 9.932800000000e-09 -5.439148437332e-02 
 9.942800000000e-09 -2.081948397783e-01 
 9.952800000000e-09 -3.396614313599e-01 
 9.962800000000e-09 -4.291187547533e-01 
 9.972800000000e-09 -4.632510493694e-01 
 9.982800000000e-09 -4.389891335151e-01 
 9.992800000000e-09 -3.625852165209e-01 
 1.000000000000e-08 -2.816377820558e-01 
