% time-domain current integration by openEMS v0.0.36-93-g7b9cd51 @Tue Jan 20 09:58:40 2026
% start-coordinates: (-6.4735e-05,-2.62176e-05,0.000159198) m -> [24,56,27]
% stop-coordinates: (-6.4035e-05,-2.302e-05,0.000159198) m -> [27,67,27]
% t/s	current
1.64432003993e-16	0
3.56981880668e-13	-3.21050755425e-11
7.13799329332e-13	-4.12303212405e-11
1.070616778e-12	-1.11174637205e-11
1.42743422666e-12	1.25299146059e-10
1.78425167532e-12	4.79451756075e-10
2.14106912399e-12	1.18856258169e-09
2.49788657265e-12	2.3361650392e-09
2.85470402131e-12	3.79328213285e-09
3.21152146998e-12	4.99256636033e-09
3.56833891864e-12	4.73898476017e-09
3.92515636731e-12	1.22102938871e-09
4.28197381597e-12	-7.54374696044e-09
4.63879126463e-12	-2.27487717552e-08
4.9956087133e-12	-4.34898517199e-08
5.35242616196e-12	-6.56628316165e-08
5.70924361063e-12	-8.18752710074e-08
6.06606105929e-12	-8.30157560472e-08
6.42287850795e-12	-6.14666433307e-08
6.77969595662e-12	-1.49607455313e-08
7.13651340528e-12	5.0687489761e-08
7.49333085394e-12	1.21700892919e-07
7.85014830261e-12	1.79967528879e-07
8.20696575127e-12	2.0912762011e-07
8.56378319994e-12	2.00634232783e-07
8.9206006486e-12	1.57053264616e-07
9.27741809726e-12	9.104569898e-08
9.63423554593e-12	2.05289421018e-08
9.99105299459e-12	-3.77352833425e-08
1.03478704433e-11	-7.33331617653e-08
1.07046878919e-11	-8.42509280119e-08
1.10615053406e-11	-7.55441291744e-08
1.14183227892e-11	-5.58881865231e-08
1.17751402379e-11	-3.38604237982e-08
1.21319576866e-11	-1.54262398411e-08
1.24887751352e-11	-3.16964721137e-09
1.28455925839e-11	3.07687320067e-09
1.32024100326e-11	4.9673714031e-09
1.35592274812e-11	4.46182824021e-09
1.39160449299e-11	3.09993475334e-09
1.42728623786e-11	1.77620362862e-09
1.46296798272e-11	8.37640734552e-10
1.49864972759e-11	3.0268426654e-10
1.53433147245e-11	5.77589850947e-11
1.57001321732e-11	-2.3969531221e-11
1.60569496219e-11	-3.31697308509e-11
1.64137670705e-11	-2.19833613119e-11
1.67705845192e-11	-1.89672999529e-11
1.71274019679e-11	-2.02178621067e-11
1.74842194165e-11	-2.17990781676e-11
1.78410368652e-11	-2.20112799515e-11
1.81978543139e-11	-2.13147208217e-11
1.85546717625e-11	-1.99451358207e-11
1.89114892112e-11	-1.96138001674e-11
1.92683066599e-11	-2.04329053677e-11
1.96251241085e-11	-2.2110884304e-11
1.99819415572e-11	-2.29963582898e-11
2.03387590058e-11	-2.2797461835e-11
2.06955764545e-11	-2.16141965437e-11
2.10523939032e-11	-2.0539424328e-11
2.14092113518e-11	-2.05958375354e-11
2.17660288005e-11	-2.18449321132e-11
2.21228462492e-11	-2.32420523799e-11
2.24796636978e-11	-2.36691968108e-11
2.28364811465e-11	-2.28507265193e-11
2.31932985952e-11	-2.15785254248e-11
2.35501160438e-11	-2.10291489083e-11
2.39069334925e-11	-2.16294534366e-11
2.42637509411e-11	-2.30400264839e-11
2.46205683898e-11	-2.40307895111e-11
2.49773858385e-11	-2.37629534106e-11
2.53342032871e-11	-2.27534328184e-11
