 1.628000000000e-10 -9.984229430398e-03 
 1.728000000000e-10 -2.761784173877e-02 
 1.828000000000e-10 -4.162850857426e-02 
 1.928000000000e-10 -4.954966191956e-02 
 2.028000000000e-10 -4.981969607803e-02 
 2.128000000000e-10 -4.205946503267e-02 
 2.228000000000e-10 -2.715908261080e-02 
 2.328000000000e-10 -7.183771796352e-03 
 2.428000000000e-10  1.488001724232e-02 
 2.528000000000e-10  3.555983008033e-02 
 2.628000000000e-10  5.147159953505e-02 
 2.728000000000e-10  5.988764818880e-02 
 2.828000000000e-10  5.914634648259e-02 
 2.928000000000e-10  4.890437788657e-02 
 3.028000000000e-10  3.026550725050e-02 
 3.128000000000e-10  5.762637161085e-03 
 3.228000000000e-10 -2.091656813709e-02 
 3.328000000000e-10 -4.548442182071e-02 
 3.428000000000e-10 -6.379966006184e-02 
 3.528000000000e-10 -7.262278340975e-02 
 3.628000000000e-10 -7.017375296034e-02 
 3.728000000000e-10 -5.638090939644e-02 
 3.828000000000e-10 -3.289832740086e-02 
 3.928000000000e-10 -2.978877819296e-03 
 4.028000000000e-10  2.884890715040e-02 
 4.128000000000e-10  5.745563091181e-02 
 4.228000000000e-10  7.806076197703e-02 
 4.328000000000e-10  8.709114395244e-02 
 4.428000000000e-10  8.267883879170e-02 
 4.528000000000e-10  6.487940555837e-02 
 4.628000000000e-10  3.575880637991e-02 
 4.728000000000e-10 -6.450393437381e-04 
 4.828000000000e-10 -3.872353972904e-02 
 4.928000000000e-10 -7.219571860117e-02 
 5.028000000000e-10 -9.534971491352e-02 
 5.128000000000e-10 -1.041547602441e-01 
 5.228000000000e-10 -9.680921414502e-02 
 5.328000000000e-10 -7.381336102482e-02 
 5.428000000000e-10 -3.791735403685e-02 
 5.528000000000e-10  5.905605854395e-03 
 5.628000000000e-10  5.082827876602e-02 
 5.728000000000e-10  8.935307089190e-02 
 5.828000000000e-10  1.149709823364e-01 
 5.928000000000e-10  1.233390932217e-01 
 6.028000000000e-10  1.126712652912e-01 
 6.128000000000e-10  8.375590385462e-02 
 6.228000000000e-10  3.997615061236e-02 
 6.328000000000e-10 -1.254993567389e-02 
 6.428000000000e-10 -6.543772088352e-02 
 6.528000000000e-10 -1.096356240303e-01 
 6.628000000000e-10 -1.376397363298e-01 
 6.728000000000e-10 -1.448634763010e-01 
 6.828000000000e-10 -1.298284573165e-01 
 6.928000000000e-10 -9.391954818363e-02 
 7.028000000000e-10 -4.126792129345e-02 
 7.128000000000e-10  2.081943760387e-02 
 7.228000000000e-10  8.218457434510e-02 
 7.328000000000e-10  1.321630803872e-01 
 7.428000000000e-10  1.624720567665e-01 
 7.528000000000e-10  1.683422564602e-01 
 7.628000000000e-10  1.485095149490e-01 
 7.728000000000e-10  1.048606919867e-01 
 7.828000000000e-10  4.227214697176e-02 
 7.928000000000e-10 -3.050020936092e-02 
 8.028000000000e-10 -1.011489203019e-01 
 8.128000000000e-10 -1.571371866931e-01 
 8.228000000000e-10 -1.894176865700e-01 
 8.328000000000e-10 -1.932255286027e-01 
 8.428000000000e-10 -1.678207238758e-01 
 8.528000000000e-10 -1.158432718415e-01 
 8.628000000000e-10 -4.283786512973e-02 
 8.728000000000e-10  4.107799262472e-02 
 8.828000000000e-10  1.211719800214e-01 
 8.928000000000e-10  1.831710798492e-01 
 9.028000000000e-10  2.174476714029e-01 
 9.128000000000e-10  2.191322174515e-01 
 9.228000000000e-10  1.879488763478e-01 
 9.328000000000e-10  1.272925922034e-01 
 9.428000000000e-10  4.336312189252e-02 
 9.528000000000e-10 -5.219800253524e-02 
 9.628000000000e-10 -1.419349467927e-01 
 9.728000000000e-10 -2.098447538405e-01 
 9.828000000000e-10 -2.458185950213e-01 
 9.928000000000e-10 -2.450215415605e-01 
 1.002800000000e-09 -2.078663605056e-01 
 1.012800000000e-09 -1.386798315433e-01 
 1.022800000000e-09 -4.415133245372e-02 
 1.032800000000e-09  6.282495281523e-02 
 1.042800000000e-09  1.619307696414e-01 
 1.052800000000e-09  2.357531017865e-01 
 1.062800000000e-09  2.736267275917e-01 
 1.072800000000e-09  2.705900903948e-01 
 1.082800000000e-09  2.277148738545e-01 
 1.092800000000e-09  1.502689274125e-01 
 1.102800000000e-09  4.543909155469e-02 
 1.112800000000e-09 -7.265974402995e-02 
 1.122800000000e-09 -1.807896848699e-01 
 1.132800000000e-09 -2.602933912842e-01 
 1.142800000000e-09 -2.999718219034e-01 
 1.152800000000e-09 -2.948216873196e-01 
 1.162800000000e-09 -2.466540537999e-01 
 1.172800000000e-09 -1.617293818558e-01 
 1.182800000000e-09 -4.762941904713e-02 
 1.192800000000e-09  8.074702966638e-02 
 1.202800000000e-09  1.973747334692e-01 
 1.212800000000e-09  2.825441153213e-01 
 1.222800000000e-09  3.243371941905e-01 
 1.232800000000e-09  3.176017117366e-01 
 1.242800000000e-09  2.648232321662e-01 
 1.252800000000e-09  1.731812638260e-01 
 1.262800000000e-09  5.071079281465e-02 
 1.272800000000e-09 -8.708548738942e-02 
 1.282800000000e-09 -2.115734155096e-01 
 1.292800000000e-09 -3.021171060144e-01 
 1.302800000000e-09 -3.461003349840e-01 
 1.312800000000e-09 -3.382605920578e-01 
 1.322800000000e-09 -2.816965813666e-01 
 1.332800000000e-09 -1.844357226990e-01 
 1.342800000000e-09 -5.495217983305e-02 
 1.352800000000e-09  9.112501228625e-02 
 1.362800000000e-09  2.228617421434e-01 
 1.372800000000e-09  3.186935033732e-01 
 1.382800000000e-09  3.652027939573e-01 
 1.392800000000e-09  3.569431592465e-01 
 1.402800000000e-09  2.974811494200e-01 
 1.412800000000e-09  1.955504526702e-01 
 1.422800000000e-09  6.015159447030e-02 
 1.432800000000e-09 -9.316656182416e-02 
 1.442800000000e-09 -2.314590511929e-01 
 1.452800000000e-09 -3.322821058809e-01 
 1.462800000000e-09 -3.814761910651e-01 
 1.472800000000e-09 -3.734077721239e-01 
 1.482800000000e-09 -3.119583980093e-01 
 1.492800000000e-09 -2.064416283340e-01 
 1.502800000000e-09 -6.640229345548e-02 
 1.512800000000e-09  9.304861348034e-02 
 1.522800000000e-09  2.373149533610e-01 
 1.532800000000e-09  3.430041557734e-01 
 1.542800000000e-09  3.951944775970e-01 
 1.552800000000e-09  3.879683661056e-01 
 1.562800000000e-09  3.253734199210e-01 
 1.572800000000e-09  2.171555377233e-01 
 1.582800000000e-09  7.345565789549e-02 
 1.592800000000e-09 -9.117089368739e-02 
 1.602800000000e-09 -2.407986439675e-01 
 1.612800000000e-09 -3.511010789922e-01 
 1.622800000000e-09 -4.064561945425e-01 
 1.632800000000e-09 -4.006204857910e-01 
 1.642800000000e-09 -3.376669236695e-01 
 1.652800000000e-09 -2.276569901386e-01 
 1.662800000000e-09 -8.130945567990e-02 
 1.672800000000e-09  8.755759671540e-02 
 1.682800000000e-09  2.420631353349e-01 
 1.692800000000e-09  3.568531647911e-01 
 1.702800000000e-09  4.156142277361e-01 
 1.712800000000e-09  4.116836754683e-01 
 1.722800000000e-09  3.490492108246e-01 
 1.732800000000e-09  2.379697538374e-01 
 1.742800000000e-09  8.973518068122e-02 
 1.752800000000e-09 -8.257619908951e-02 
 1.762800000000e-09 -2.414659968378e-01 
 1.772800000000e-09 -3.605360059199e-01 
 1.782800000000e-09 -4.228335916765e-01 
 1.792800000000e-09 -4.212301647275e-01 
 1.802800000000e-09 -3.595218052377e-01 
 1.812800000000e-09 -2.480753821231e-01 
 1.822800000000e-09 -9.869434559367e-02 
 1.832800000000e-09  7.630744395287e-02 
 1.842800000000e-09  2.391954143543e-01 
 1.852800000000e-09  3.624228107136e-01 
 1.862800000000e-09  4.284203101740e-01 
 1.872800000000e-09  4.295186245494e-01 
 1.882800000000e-09  3.692444655304e-01 
 1.892800000000e-09  2.579843926731e-01 
 1.902800000000e-09  1.080100265859e-01 
 1.912800000000e-09 -6.903995551728e-02 
 1.922800000000e-09 -2.355380014472e-01 
 1.932800000000e-09 -3.627471611968e-01 
 1.942800000000e-09 -4.325281138184e-01 
 1.952800000000e-09 -4.366339391629e-01 
 1.962800000000e-09 -3.782343998458e-01 
 1.972800000000e-09 -2.676765039548e-01 
 1.982800000000e-09 -1.176312574811e-01 
 1.992800000000e-09  6.086464197777e-02 
 2.002800000000e-09  2.306589416218e-01 
 2.012800000000e-09  3.617255761446e-01 
 2.022800000000e-09  4.353849068092e-01 
 2.032800000000e-09  4.427533345643e-01 
 2.042800000000e-09  3.865998188409e-01 
 2.052800000000e-09  2.771623630112e-01 
 2.062800000000e-09  1.274381709367e-01 
 2.072800000000e-09 -5.199076144589e-02 
 2.082800000000e-09 -2.247694856982e-01 
 2.092800000000e-09 -3.595377328362e-01 
 2.102800000000e-09 -4.371163191019e-01 
 2.112800000000e-09 -4.479558476097e-01 
 2.122800000000e-09 -3.943676232078e-01 
 2.132800000000e-09 -2.864320693217e-01 
 2.142800000000e-09 -1.373919990084e-01 
 2.152800000000e-09  4.249569208586e-02 
 2.162800000000e-09  2.179969636831e-01 
 2.172800000000e-09  3.563454631768e-01 
 2.182800000000e-09  4.378890393736e-01 
 2.192800000000e-09  4.523747205448e-01 
 2.202800000000e-09  4.016158234133e-01 
 2.212800000000e-09  2.954862692765e-01 
 2.222800000000e-09  1.474091861028e-01 
 2.232800000000e-09 -3.253396536479e-02 
 2.242800000000e-09 -2.104942636988e-01 
 2.252800000000e-09 -3.522805174728e-01 
 2.262800000000e-09 -4.377955961820e-01 
 2.272800000000e-09 -4.560657450434e-01 
 2.282800000000e-09 -4.083634348122e-01 
 2.292800000000e-09 -3.043182628146e-01 
 2.302800000000e-09 -1.574607418201e-01 
 2.312800000000e-09  2.217045565265e-02 
 2.322800000000e-09  2.023556033702e-01 
 2.332800000000e-09  3.474596528322e-01 
 2.342800000000e-09  4.369530603454e-01 
 2.352800000000e-09  4.591209005722e-01 
 2.362800000000e-09  4.146635811211e-01 
 2.372800000000e-09  3.129278477153e-01 
 2.382800000000e-09  1.674957667988e-01 
 2.392800000000e-09 -1.150747426135e-02 
 2.402800000000e-09 -1.936796529783e-01 
 2.412800000000e-09 -3.419717050613e-01 
 2.422800000000e-09 -4.354282568059e-01 
 2.432800000000e-09 -4.615857412203e-01 
 2.442800000000e-09 -4.205387682881e-01 
 2.452800000000e-09 -3.213198745892e-01 
 2.462800000000e-09 -1.774983658088e-01 
 2.472800000000e-09  6.080778959873e-04 
 2.482800000000e-09  1.845456892350e-01 
 2.492800000000e-09  3.359082226312e-01 
 2.502800000000e-09  4.333025898780e-01 
 2.512800000000e-09  4.635165561697e-01 
 2.522800000000e-09  4.260139105528e-01 
 2.532800000000e-09  3.294809449473e-01 
 2.542800000000e-09  1.874275456507e-01 
 2.552800000000e-09  1.045115073985e-02 
 2.562800000000e-09 -1.750213241739e-01 
 2.572800000000e-09 -3.293321617115e-01 
 2.582800000000e-09 -4.306248141549e-01 
 2.592800000000e-09 -4.649480917349e-01 
 2.602800000000e-09 -4.311066105834e-01 
 2.612800000000e-09 -3.374140083766e-01 
 2.622800000000e-09 -1.972729921437e-01 
 2.632800000000e-09 -2.162618715323e-02 
 2.642800000000e-09  1.651587312572e-01 
 2.652800000000e-09  3.223049792637e-01 
 2.662800000000e-09  4.274515742528e-01 
 2.672800000000e-09  4.659212875651e-01 
 2.682800000000e-09  4.358386464163e-01 
 2.692800000000e-09  3.451167723350e-01 
 2.702800000000e-09  2.070151160177e-01 
 2.712800000000e-09  3.286444118819e-02 
 2.722800000000e-09 -1.550031363063e-01 
 2.732800000000e-09 -3.148720653946e-01 
 2.742800000000e-09 -4.237992474322e-01 
 2.752800000000e-09 -4.664287543476e-01 
 2.762800000000e-09 -4.402019195411e-01 
 2.772800000000e-09 -3.525802790070e-01 
 2.782800000000e-09 -2.166484674392e-01 
 2.792800000000e-09 -4.414792732551e-02 
 2.802800000000e-09  1.445630098637e-01 
 2.812800000000e-09  3.070421236172e-01 
 2.822800000000e-09  4.197097525037e-01 
 2.832800000000e-09  4.665349515774e-01 
 2.842800000000e-09  4.442358830301e-01 
 2.852800000000e-09  3.598204127229e-01 
 2.862800000000e-09  2.261666509322e-01 
 2.872800000000e-09  5.542785941882e-02 
 2.882800000000e-09 -1.338973937258e-01 
 2.892800000000e-09 -2.988856858126e-01 
 2.902800000000e-09 -4.152297616571e-01 
 2.912800000000e-09 -4.662598024859e-01 
 2.922800000000e-09 -4.479505027832e-01 
 2.932800000000e-09 -3.668351380862e-01 
 2.942800000000e-09 -2.355598485126e-01 
 2.952800000000e-09 -6.667768693185e-02 
 2.962800000000e-09  1.230285924276e-01 
 2.972800000000e-09  2.904272162577e-01 
 2.982800000000e-09  4.103826848815e-01 
 2.992800000000e-09  4.656219689191e-01 
 3.002800000000e-09  4.513626601604e-01 
 3.012800000000e-09  3.736410155820e-01 
 3.022800000000e-09  2.448408545276e-01 
 3.032800000000e-09  7.788535656802e-02 
 3.042800000000e-09 -1.119769085308e-01 
 3.052800000000e-09 -2.816978688807e-01 
 3.062800000000e-09 -4.052007777970e-01 
 3.072800000000e-09 -4.646508610014e-01 
 3.082800000000e-09 -4.544831476101e-01 
 3.092800000000e-09 -3.802217222392e-01 
 3.102800000000e-09 -2.539838970049e-01 
 3.112800000000e-09 -8.901986427803e-02 
 3.122800000000e-09  1.007641833684e-01 
 3.132800000000e-09  2.727095718287e-01 
 3.142800000000e-09  3.996861429346e-01 
 3.152800000000e-09  4.633387369326e-01 
 3.162800000000e-09  4.573075923598e-01 
 3.172800000000e-09  3.865806430123e-01 
 3.182800000000e-09  2.629912814881e-01 
 3.192800000000e-09  1.000697069754e-01 
 3.202800000000e-09 -8.941005666859e-02 
 3.212800000000e-09 -2.634868616791e-01 
 3.222800000000e-09 -3.938627999351e-01 
 3.232800000000e-09 -4.617052873886e-01 
 3.242800000000e-09 -4.598483067725e-01 
 3.252800000000e-09 -3.927224629593e-01 
 3.262800000000e-09 -2.718602456528e-01 
 3.272800000000e-09 -1.110222091979e-01 
 3.282800000000e-09  7.793506577140e-02 
 3.292800000000e-09  2.540484878654e-01 
 3.302800000000e-09  3.877485763246e-01 
 3.312800000000e-09  4.597640929846e-01 
 3.322800000000e-09  4.621147881503e-01 
 3.332800000000e-09  3.986516140551e-01 
 3.342800000000e-09  2.805911813644e-01 
 3.352800000000e-09  1.218704520632e-01 
 3.362800000000e-09 -6.635798616838e-02 
 3.372800000000e-09 -2.444129895167e-01 
 3.382800000000e-09 -3.813613873663e-01 
 3.392800000000e-09 -4.575289543335e-01 
 3.402800000000e-09 -4.641157636105e-01 
 3.412800000000e-09 -4.043647820377e-01 
 3.422800000000e-09 -2.891699335584e-01 
 3.432800000000e-09 -1.325985608569e-01 
 3.442800000000e-09  5.470391220242e-02 
 3.452800000000e-09  2.345953566311e-01 
 3.462800000000e-09  3.747107113157e-01 
 3.472800000000e-09  4.550014466734e-01 
 3.482800000000e-09  4.658406602611e-01 
 3.492800000000e-09  4.098561198793e-01 
 3.502800000000e-09  2.976011325778e-01 
 3.512800000000e-09  1.432077473483e-01 
 3.522800000000e-09 -4.298734966213e-02 
 3.532800000000e-09 -2.246074475776e-01 
 3.542800000000e-09 -3.678099255042e-01 
 3.552800000000e-09 -4.521925327900e-01 
 3.562800000000e-09 -4.673004439725e-01 
 3.572800000000e-09 -4.151291120209e-01 
 3.582800000000e-09 -3.058776935058e-01 
 3.592800000000e-09 -1.536915242343e-01 
 3.602800000000e-09  3.122948169268e-02 
 3.612800000000e-09  2.144600533573e-01 
 3.622800000000e-09  3.606675223647e-01 
 3.632800000000e-09  4.491054043522e-01 
 3.642800000000e-09  4.684946512117e-01 
 3.652800000000e-09  4.201807585670e-01 
 3.662800000000e-09  3.139950859493e-01 
 3.672800000000e-09  1.640474020553e-01 
 3.682800000000e-09 -1.944907453848e-02 
 3.692800000000e-09 -2.041632581505e-01 
 3.702800000000e-09 -3.532926461165e-01 
 3.712800000000e-09 -4.457443403845e-01 
 3.722800000000e-09 -4.694229878098e-01 
 3.732800000000e-09 -4.250075937436e-01 
 3.742800000000e-09 -3.219470296534e-01 
 3.752800000000e-09 -1.742735962152e-01 
 3.762800000000e-09  7.658007575239e-03 
 3.772800000000e-09  1.937169227190e-01 
 3.782800000000e-09  3.456859181868e-01 
 3.792800000000e-09  4.421097458099e-01 
 3.802800000000e-09  4.700866731045e-01 
 3.812800000000e-09  4.296120846819e-01 
 3.822800000000e-09  3.297369424885e-01 
 3.832800000000e-09  1.843729068130e-01 
 3.842800000000e-09  4.116691687165e-03 
 3.852800000000e-09 -1.831393026878e-01 
 3.862800000000e-09 -3.378625033388e-01 
 3.872800000000e-09 -4.382043228538e-01 
 3.882800000000e-09 -4.704781892200e-01 
 3.892800000000e-09 -4.339801536013e-01 
 3.902800000000e-09 -3.373468131275e-01 
 3.912800000000e-09 -1.943354512838e-01 
 3.922800000000e-09 -1.585985287810e-02 
 3.932800000000e-09  1.724299229609e-01 
 3.942800000000e-09  3.298230590411e-01 
 3.952800000000e-09  4.340287051474e-01 
 3.962800000000e-09  4.705989656454e-01 
 3.972800000000e-09  4.381131347790e-01 
 3.982800000000e-09  3.447772521027e-01 
 3.992800000000e-09  2.041626507990e-01 
 4.002800000000e-09  2.755301952071e-02 
 4.012800000000e-09 -1.615988534603e-01 
 4.022800000000e-09 -3.215768274433e-01 
 4.032800000000e-09 -4.295672806739e-01 
 4.042800000000e-09 -4.704133069053e-01 
 4.052800000000e-09 -4.419836326597e-01 
 4.062800000000e-09 -3.520090988241e-01 
 4.072800000000e-09 -2.138532392239e-01 
 4.082800000000e-09 -3.919828181435e-02 
 4.092800000000e-09  1.506202112913e-01 
 4.102800000000e-09  3.130925884536e-01 
 4.112800000000e-09  4.248232027448e-01 
 4.122800000000e-09  4.699572106367e-01 
 4.132800000000e-09  4.456150388790e-01 
 4.142800000000e-09  3.590575902591e-01 
 4.152800000000e-09  2.234124846975e-01 
 4.162800000000e-09  5.076896613805e-02 
 4.172800000000e-09 -1.395276852805e-01 
 4.182800000000e-09 -3.044133857831e-01 
 4.192800000000e-09 -4.198182096544e-01 
 4.202800000000e-09 -4.692286024231e-01 
 4.212800000000e-09 -4.490024744394e-01 
 4.222800000000e-09 -3.659132776126e-01 
 4.232800000000e-09 -2.328340408381e-01 
 4.242800000000e-09 -6.225307503365e-02 
 4.252800000000e-09  1.283195293161e-01 
 4.262800000000e-09  2.955372409749e-01 
 4.272800000000e-09  4.145508195553e-01 
 4.282800000000e-09  4.682279043837e-01 
 4.292800000000e-09  4.521484090588e-01 
 4.302800000000e-09  3.725798011035e-01 
 4.312800000000e-09  2.421232316199e-01 
 4.322800000000e-09  7.364164683666e-02 
 4.332800000000e-09 -1.170044852122e-01 
 4.342800000000e-09 -2.864749317475e-01 
 4.352800000000e-09 -4.090280305444e-01 
 4.362800000000e-09 -4.669567250670e-01 
 4.372800000000e-09 -4.550506652767e-01 
 4.382800000000e-09 -3.790581293988e-01 
 4.392800000000e-09 -2.512864134950e-01 
 4.402800000000e-09 -8.493386384310e-02 
 4.412800000000e-09  1.055808332173e-01 
 4.422800000000e-09  2.772289291434e-01 
 4.432800000000e-09  4.032567391331e-01 
 4.442800000000e-09  4.654254253530e-01 
 4.452800000000e-09  4.577166675836e-01 
 4.462800000000e-09  3.853413103565e-01 
 4.472800000000e-09  2.603105122425e-01 
 4.482800000000e-09  9.611261241929e-02 
 4.492800000000e-09 -9.406234083052e-02 
 4.502800000000e-09 -2.678046778552e-01 
 4.512800000000e-09 -3.972328752708e-01 
 4.522800000000e-09 -4.636208730651e-01 
 4.532800000000e-09 -4.601339863910e-01 
 4.542800000000e-09 -3.914250579643e-01 
 4.552800000000e-09 -2.691955431863e-01 
 4.562800000000e-09 -1.071746603570e-01 
 4.572800000000e-09  8.245542874048e-02 
 4.582800000000e-09  2.582090944041e-01 
 4.592800000000e-09  3.909652462620e-01 
 4.602800000000e-09  4.615516881352e-01 
 4.612800000000e-09  4.623096742399e-01 
 4.622800000000e-09  3.973140110641e-01 
 4.632800000000e-09  2.779429914977e-01 
 4.642800000000e-09  1.181149069771e-01 
 4.652800000000e-09 -7.077500123667e-02 
 4.662800000000e-09 -2.484534924708e-01 
 4.672800000000e-09 -3.844628710443e-01 
 4.682800000000e-09 -4.592223593798e-01 
 4.692800000000e-09 -4.642468929758e-01 
 4.702800000000e-09 -4.030036072016e-01 
 4.712800000000e-09 -2.865419718121e-01 
 4.722800000000e-09 -1.289244768905e-01 
 4.732800000000e-09  5.903654540757e-02 
 4.742800000000e-09  2.385458468521e-01 
 4.752800000000e-09  3.777308050417e-01 
 4.762800000000e-09  4.566332781563e-01 
 4.772800000000e-09  4.659337131941e-01 
 4.782800000000e-09  4.084865281739e-01 
 4.792800000000e-09  2.949965719255e-01 
 4.802800000000e-09  1.396049686994e-01 
 4.812800000000e-09 -4.725211502279e-02 
 4.822800000000e-09 -2.284925187837e-01 
 4.832800000000e-09 -3.707749494277e-01 
 4.842800000000e-09 -4.537872112586e-01 
 4.852800000000e-09 -4.673750922326e-01 
 4.862800000000e-09 -4.137632268740e-01 
 4.872800000000e-09 -3.033003561669e-01 
 4.882800000000e-09 -1.501537334312e-01 
 4.892800000000e-09  3.543629570674e-02 
 4.902800000000e-09  2.182987891954e-01 
 4.912800000000e-09  3.635994385543e-01 
 4.922800000000e-09  4.506848696128e-01 
 4.932800000000e-09  4.685691772894e-01 
 4.942800000000e-09  4.188305117763e-01 
 4.952800000000e-09  3.114489429346e-01 
 4.962800000000e-09  1.605687724411e-01 
 4.972800000000e-09 -2.360647753612e-02 
 4.982800000000e-09 -2.079717043580e-01 
 4.992800000000e-09 -3.562092035067e-01 
 5.002800000000e-09 -4.473259140509e-01 
 5.012800000000e-09 -4.695120556482e-01 
 5.022800000000e-09 -4.236827218109e-01 
 5.032800000000e-09 -3.194361880009e-01 
 5.042800000000e-09 -1.708508129698e-01 
 5.052800000000e-09  1.176985222188e-02 
 5.062800000000e-09  1.975071267217e-01 
 5.072800000000e-09  3.486015475662e-01 
 5.082800000000e-09  4.437088733496e-01 
 5.092800000000e-09  4.702039876817e-01 
 5.102800000000e-09  4.283223877049e-01 
 5.112800000000e-09  3.272659647158e-01 
 5.122800000000e-09  1.810028302741e-01 
 5.132800000000e-09  4.637306815392e-05 
 5.142800000000e-09 -1.869220073523e-01 
 5.152800000000e-09 -3.407891955318e-01 
 5.162800000000e-09 -4.398330732745e-01 
 5.172800000000e-09 -4.706342509697e-01 
 5.182800000000e-09 -4.327328796913e-01 
 5.192800000000e-09 -3.349191542416e-01 
 5.202800000000e-09 -1.910158410908e-01 
 5.212800000000e-09 -1.182976248177e-02 
 5.222800000000e-09  1.762131281813e-01 
 5.232800000000e-09  3.327703117273e-01 
 5.242800000000e-09  4.356975317718e-01 
 5.252800000000e-09  4.708032833615e-01 
 5.262800000000e-09  4.369152512187e-01 
 5.272800000000e-09  3.423963556918e-01 
 5.282800000000e-09  2.008915128670e-01 
 5.292800000000e-09  2.356192529479e-02 
 5.302800000000e-09 -1.653895894938e-01 
 5.312800000000e-09 -3.245525959465e-01 
 5.322800000000e-09 -4.312852174353e-01 
 5.332800000000e-09 -4.706744344720e-01 
 5.342800000000e-09 -4.408412418845e-01 
 5.352800000000e-09 -3.496781820709e-01 
 5.362800000000e-09 -2.106291529839e-01 
 5.372800000000e-09 -3.524577978720e-02 
 5.382800000000e-09  1.544248096515e-01 
 5.392800000000e-09  3.161040613400e-01 
 5.402800000000e-09  4.265975788179e-01 
 5.412800000000e-09  4.702814603861e-01 
 5.422800000000e-09  4.445328999138e-01 
 5.432800000000e-09  3.567790453597e-01 
 5.442800000000e-09  2.202340034655e-01 
 5.452800000000e-09  4.685503951284e-02 
 5.462800000000e-09 -1.433503233855e-01 
 5.472800000000e-09 -3.074648078605e-01 
 5.482800000000e-09 -4.216536716213e-01 
 5.492800000000e-09 -4.696204362277e-01 
 5.502800000000e-09 -4.479841017249e-01 
 5.512800000000e-09 -3.636892744609e-01 
 5.522800000000e-09 -2.297006451720e-01 
 5.532800000000e-09 -5.837881728560e-02 
 5.542800000000e-09  1.321628805646e-01 
 5.552800000000e-09  2.986318684371e-01 
 5.562800000000e-09  4.164512637336e-01 
 5.572800000000e-09  4.686911664367e-01 
 5.582800000000e-09  4.511968531037e-01 
 5.592800000000e-09  3.704120813865e-01 
 5.602800000000e-09  2.390342633069e-01 
 5.612800000000e-09  6.980769188668e-02 
 5.622800000000e-09 -1.208702779790e-01 
 5.632800000000e-09 -2.896146855103e-01 
 5.642800000000e-09 -4.109957756619e-01 
 5.652800000000e-09 -4.674939494002e-01 
 5.662800000000e-09 -4.541697686944e-01 
 5.672800000000e-09 -3.769509816968e-01 
 5.682800000000e-09 -2.482436954406e-01 
 5.692800000000e-09 -8.114250319350e-02 
 5.702800000000e-09  1.094694188706e-01 
 5.712800000000e-09  2.804160222265e-01 
 5.722800000000e-09  4.052954758618e-01 
 5.732800000000e-09  4.660411952153e-01 
 5.742800000000e-09  4.569087293458e-01 
 5.752800000000e-09  3.832946236674e-01 
 5.762800000000e-09  2.573132360241e-01 
 5.772800000000e-09  9.236397883997e-02 
 5.782800000000e-09 -9.797314598292e-02 
 5.792800000000e-09 -2.710385796869e-01 
 5.802800000000e-09 -3.993419230325e-01 
 5.812800000000e-09 -4.643147933882e-01 
 5.822800000000e-09 -4.593988029632e-01 
 5.832800000000e-09 -3.894387790624e-01 
 5.842800000000e-09 -2.662434419682e-01 
 5.852800000000e-09 -1.034695162456e-01 
 5.862800000000e-09  8.638635611908e-02 
 5.872800000000e-09  2.614888643231e-01 
 5.882800000000e-09  3.931440498297e-01 
 5.892800000000e-09  4.623238493585e-01 
 5.902800000000e-09  4.616476184881e-01 
 5.912800000000e-09  3.953884636804e-01 
 5.922800000000e-09  2.750359605392e-01 
 5.932800000000e-09  1.144532172491e-01 
 5.942800000000e-09 -7.472371609770e-02 
 5.952800000000e-09 -2.517780631943e-01 
 5.962800000000e-09 -3.867104364150e-01 
 5.972800000000e-09 -4.600724270769e-01 
 5.982800000000e-09 -4.636590535811e-01 
 5.992800000000e-09 -4.011409652901e-01 
 6.002800000000e-09 -2.836818269629e-01 
 6.012800000000e-09 -1.253074602896e-01 
 6.022800000000e-09  6.299934249467e-02 
 6.032800000000e-09  2.419145832941e-01 
 6.042800000000e-09  3.800476413683e-01 
 6.052800000000e-09  4.575631451598e-01 
 6.062800000000e-09  4.654223422321e-01 
 6.072800000000e-09  4.066886474910e-01 
 6.082800000000e-09  2.921846911682e-01 
 6.092800000000e-09  1.360328316125e-01 
 6.102800000000e-09 -5.122523393790e-02 
 6.112800000000e-09 -2.319044197123e-01 
 6.122800000000e-09 -3.731604889161e-01 
 6.132800000000e-09 -4.547974660945e-01 
 6.142800000000e-09 -4.669415357880e-01 
 6.152800000000e-09 -4.120317710701e-01 
 6.162800000000e-09 -3.005384758483e-01 
 6.172800000000e-09 -1.466271517682e-01 
 6.182800000000e-09  3.941483401648e-02 
 6.192800000000e-09  2.217526039873e-01 
 6.202800000000e-09  3.660532612319e-01 
 6.212800000000e-09  4.517765749517e-01 
 6.222800000000e-09  4.682153354044e-01 
 6.232800000000e-09  4.171675322538e-01 
 6.242800000000e-09  3.087389128208e-01 
 6.252800000000e-09  1.570879045553e-01 
 6.262800000000e-09 -2.758572069363e-02 
 6.272800000000e-09 -2.114663965187e-01 
 6.282800000000e-09 -3.587307072142e-01 
 6.292800000000e-09 -4.484998485997e-01 
 6.302800000000e-09 -4.692395681633e-01 
 6.312800000000e-09 -4.220901559995e-01 
 6.322800000000e-09 -3.167799829953e-01 
 6.332800000000e-09 -1.674163584041e-01 
 6.342800000000e-09  1.574390879595e-02 
 6.352800000000e-09  2.010412037054e-01 
 6.362800000000e-09  3.511899939775e-01 
 6.372800000000e-09  4.449661594012e-01 
 6.382800000000e-09  4.700151172304e-01 
 6.392800000000e-09  4.268028651608e-01 
 6.402800000000e-09  3.246661590995e-01 
 6.412800000000e-09  1.776149960126e-01 
 6.422800000000e-09 -3.917942385536e-03 
 6.432800000000e-09 -1.904949209786e-01 
 6.442800000000e-09 -3.434441791742e-01 
 6.452800000000e-09 -4.411744395987e-01 
 6.462800000000e-09 -4.705303785599e-01 
 6.472800000000e-09 -4.312879539304e-01 
 6.482800000000e-09 -3.323772997126e-01 
 6.492800000000e-09 -1.876745672127e-01 
 6.502800000000e-09 -7.880190690604e-03 
 6.512800000000e-09  1.798239885343e-01 
 6.522800000000e-09  3.354911723722e-01 
 6.532800000000e-09  4.371237225458e-01 
 6.542800000000e-09  4.707860174469e-01 
 6.552800000000e-09  4.355467449311e-01 
 6.562800000000e-09  3.399141667916e-01 
 6.572800000000e-09  1.975965798911e-01 
 6.582800000000e-09  1.963136778159e-02 
 6.592800000000e-09 -1.690380822035e-01 
 6.602800000000e-09 -3.273378193029e-01 
 6.612800000000e-09 -4.328135746059e-01 
 6.622800000000e-09 -4.707756622047e-01 
 6.632800000000e-09 -4.395706825548e-01 
 6.642800000000e-09 -3.472681733830e-01 
 6.652800000000e-09 -2.073804050853e-01 
 6.662800000000e-09 -3.132544119361e-02 
 6.672800000000e-09  1.581343053939e-01 
 6.682800000000e-09  3.189848187985e-01 
 6.692800000000e-09  4.282251839089e-01 
 6.702800000000e-09  4.704665270516e-01 
 6.712800000000e-09  4.433383297387e-01 
 6.722800000000e-09  3.544270521560e-01 
 6.732800000000e-09  2.170274626363e-01 
 6.742800000000e-09  4.296132485777e-02 
 6.752800000000e-09 -1.470928228313e-01 
 6.762800000000e-09 -3.104032415745e-01 
 6.772800000000e-09 -4.233610709401e-01 
 6.782800000000e-09 -4.698905503401e-01 
 6.792800000000e-09 -4.468676067477e-01 
 6.802800000000e-09 -3.614010157152e-01 
 6.812800000000e-09 -2.265421607081e-01 
 6.822800000000e-09 -5.451767470609e-02 
 6.832800000000e-09  1.359403878003e-01 
 6.842800000000e-09  3.016326911693e-01 
 6.852800000000e-09  4.182428490543e-01 
 6.862800000000e-09  4.690488968324e-01 
 6.872800000000e-09  4.501580466116e-01 
 6.882800000000e-09  3.681848519007e-01 
 6.892800000000e-09  2.359189702254e-01 
 6.902800000000e-09  6.597969171350e-02 
 6.912800000000e-09 -1.246802554152e-01 
 6.922800000000e-09 -2.926729428677e-01 
 6.932800000000e-09 -4.128679735812e-01 
 6.942800000000e-09 -4.679381956462e-01 
 6.952800000000e-09 -4.532121134483e-01 
 6.962800000000e-09 -3.747913320656e-01 
 6.972800000000e-09 -2.451771198550e-01 
 6.982800000000e-09 -7.735278859098e-02 
 6.992800000000e-09  1.133119607265e-01 
 7.002800000000e-09  2.835347105601e-01 
 7.012800000000e-09  4.072520741292e-01 
 7.022800000000e-09  4.665755133199e-01 
 7.032800000000e-09  4.560321496278e-01 
 7.042800000000e-09  3.811995026826e-01 
 7.052800000000e-09  2.542920847243e-01 
 7.062800000000e-09  8.861292736103e-02 
 7.072800000000e-09 -1.018449240061e-01 
 7.082800000000e-09 -2.742127690616e-01 
 7.092800000000e-09 -4.013784903695e-01 
 7.102800000000e-09 -4.649364658368e-01 
 7.112800000000e-09 -4.586025892654e-01 
 7.122800000000e-09 -3.874091052726e-01 
 7.132800000000e-09 -2.632692772319e-01 
 7.142800000000e-09 -9.975942048342e-02 
 7.152800000000e-09  9.028521838573e-02 
 7.162800000000e-09  2.647178031839e-01 
 7.172800000000e-09  3.952595765064e-01 
 7.182800000000e-09  4.630316961151e-01 
 7.192800000000e-09  4.609302285700e-01 
 7.202800000000e-09  3.934225564782e-01 
 7.212800000000e-09  2.721071455635e-01 
 7.222800000000e-09  1.107843288376e-01 
 7.232800000000e-09 -7.864554615594e-02 
 7.242800000000e-09 -2.550578392615e-01 
 7.252800000000e-09 -3.889015196904e-01 
 7.262800000000e-09 -4.608646083472e-01 
 7.272800000000e-09 -4.630209262476e-01 
 7.282800000000e-09 -3.992410537407e-01 
 7.292800000000e-09 -2.808008249682e-01 
 7.302800000000e-09 -1.216816577677e-01 
 7.312800000000e-09  6.694052265377e-02 
 7.322800000000e-09  2.452444162087e-01 
 7.332800000000e-09  3.823139977078e-01 
 7.342800000000e-09  4.584401041648e-01 
 7.352800000000e-09  4.648641172418e-01 
 7.362800000000e-09  4.048552137850e-01 
 7.372800000000e-09  2.893519115016e-01 
 7.382800000000e-09  1.324505745342e-01 
 7.392800000000e-09 -5.518080461586e-02 
 7.402800000000e-09 -2.352814623188e-01 
 7.412800000000e-09 -3.755000468877e-01 
 7.422800000000e-09 -4.557588797039e-01 
 7.432800000000e-09 -4.664643000549e-01 
 7.442800000000e-09 -4.102667227665e-01 
 7.452800000000e-09 -2.977561424297e-01 
 7.462800000000e-09 -1.430895368724e-01 
 7.472800000000e-09  4.338001684579e-02 
 7.482800000000e-09  2.251755773036e-01 
 7.492800000000e-09  3.684651920576e-01 
 7.502800000000e-09  4.528226933316e-01 
 7.512800000000e-09  4.678199651812e-01 
 7.522800000000e-09  4.154719718072e-01 
 7.532800000000e-09  3.060082769710e-01 
 7.542800000000e-09  1.535952848218e-01 
 7.552800000000e-09 -3.155493168309e-02 
 7.562800000000e-09 -2.149330035804e-01 
 7.572800000000e-09 -3.612134086312e-01 
 7.582800000000e-09 -4.496308485498e-01 
 7.592800000000e-09 -4.689275205204e-01 
 7.602800000000e-09 -4.204661523574e-01 
 7.612800000000e-09 -3.141033046250e-01 
 7.622800000000e-09 -1.639667557886e-01 
 7.632800000000e-09  1.972119117921e-02 
 7.642800000000e-09  2.045592239804e-01 
 7.652800000000e-09  3.537490693593e-01 
 7.662800000000e-09  4.461834236110e-01 
 7.672800000000e-09  4.697838372331e-01 
 7.682800000000e-09  4.252445106649e-01 
 7.692800000000e-09  3.220354285328e-01 
 7.702800000000e-09  1.742041176540e-01 
 7.712800000000e-09 -7.887780929506e-03 
 7.722800000000e-09 -1.940509828198e-01 
 7.732800000000e-09 -3.460695732250e-01 
 7.742800000000e-09 -4.424779882571e-01 
 7.752800000000e-09 -4.703878165546e-01 
 7.762800000000e-09 -4.298081398753e-01 
 7.772800000000e-09 -3.298076582301e-01 
 7.782800000000e-09 -1.843110611923e-01 
 7.792800000000e-09 -3.920362964633e-03 
 7.802800000000e-09  1.834234697643e-01 
 7.812800000000e-09  3.381868641127e-01 
 7.822800000000e-09  4.385143506904e-01 
 7.832800000000e-09  4.707299089489e-01 
 7.842800000000e-09  4.341419238686e-01 
 7.852800000000e-09  3.374021076440e-01 
 7.862800000000e-09  1.942788159468e-01 
 7.872800000000e-09  1.568995314876e-02 
 7.882800000000e-09 -1.726740901585e-01 
 7.892800000000e-09 -3.300993278404e-01 
 7.902800000000e-09 -4.342911073366e-01 
 7.912800000000e-09 -4.708098504216e-01 
 7.922800000000e-09 -4.382461616627e-01 
 7.932800000000e-09 -3.448190335583e-01 
 7.942800000000e-09 -2.041093410928e-01 
 7.952800000000e-09 -2.740394205849e-02 
 7.962800000000e-09  1.618108721710e-01 
 7.972800000000e-09  3.218140505832e-01 
 7.982800000000e-09  4.297907078540e-01 
 7.992800000000e-09  4.705905518508e-01 
 8.002800000000e-09  4.420926932229e-01 
 8.012800000000e-09  3.520392652418e-01 
 8.022800000000e-09  2.138019962931e-01 
 8.032800000000e-09  3.906559748067e-02 
 8.042800000000e-09 -1.508065649523e-01 
 8.052800000000e-09 -3.132982550691e-01 
 8.062800000000e-09 -4.250148473086e-01 
 8.072800000000e-09 -4.701067702006e-01 
 8.082800000000e-09 -4.457041194770e-01 
 8.092800000000e-09 -3.590777238931e-01 
 8.102800000000e-09 -2.233623542615e-01 
 8.112800000000e-09 -5.064918559835e-02 
 8.122800000000e-09  1.396934618638e-01 
 8.132800000000e-09  3.045934865796e-01 
 8.142800000000e-09  4.199839023203e-01 
 8.152800000000e-09  4.693554314020e-01 
 8.162800000000e-09  4.490749840990e-01 
 8.172800000000e-09  3.659248993256e-01 
 8.182800000000e-09  2.327844432624e-01 
 8.192800000000e-09  6.214348405278e-02 
 8.202800000000e-09 -1.284688905203e-01 
 8.212800000000e-09 -2.956967289574e-01 
 8.222800000000e-09 -4.146954251992e-01 
 8.232800000000e-09 -4.683361150003e-01 
 8.242800000000e-09 -4.522071994558e-01 
 8.252800000000e-09 -3.725841796458e-01 
 8.262800000000e-09 -2.420737430961e-01 
 8.272800000000e-09 -7.354010694118e-02 
 8.282800000000e-09  1.171407093035e-01 
 8.292800000000e-09  2.866177826053e-01 
 8.302800000000e-09  4.091555037832e-01 
 8.312800000000e-09  4.670497483759e-01 
 8.322800000000e-09  4.550982198877e-01 
 8.332800000000e-09  3.790565316079e-01 
 8.342800000000e-09  2.512368655497e-01 
 8.352800000000e-09  8.483874702190e-02 
 8.362800000000e-09 -1.057065962295e-01 
 8.372800000000e-09 -2.773584551985e-01 
 8.382800000000e-09 -4.033704326285e-01 
 8.392800000000e-09 -4.655061779638e-01 
 8.402800000000e-09 -4.577550318233e-01 
 8.412800000000e-09 -3.853346832499e-01 
 8.422800000000e-09 -2.602607407828e-01 
 8.432800000000e-09 -9.602260149123e-02 
 8.442800000000e-09  9.417973980231e-02 
 8.452800000000e-09  2.679234918323e-01 
 8.462800000000e-09  3.973354324924e-01 
 8.472800000000e-09  4.636916837724e-01 
 8.482800000000e-09  4.601648541605e-01 
 8.492800000000e-09  3.914142807081e-01 
 8.502800000000e-09  2.691454953093e-01 
 8.512800000000e-09  1.070887446599e-01 
 8.522800000000e-09 -8.256615971762e-02 
 8.532800000000e-09 -2.583193510160e-01 
 8.542800000000e-09 -3.910588797037e-01 
 8.552800000000e-09 -4.616145036124e-01 
 8.562800000000e-09 -4.623344815957e-01 
 8.572800000000e-09 -3.972998329214e-01 
 8.582800000000e-09 -2.778926603685e-01 
 8.592800000000e-09 -1.180322884539e-01 
 8.602800000000e-09  7.088039772623e-02 
 8.612800000000e-09  2.485569337288e-01 
 8.622800000000e-09  3.845493891495e-01 
 8.632800000000e-09  4.592788109954e-01 
 8.642800000000e-09  4.642668927763e-01 
 8.652800000000e-09  4.029867625489e-01 
 8.662800000000e-09  2.864914500043e-01 
 8.672800000000e-09  1.288445722150e-01 
 8.682800000000e-09 -5.913767060455e-02 
 8.692800000000e-09 -2.386439241898e-01 
 8.702800000000e-09 -3.778117568753e-01 
 8.712800000000e-09 -4.566847796287e-01 
 8.722800000000e-09 -4.659499877685e-01 
 8.732800000000e-09 -4.084676271888e-01 
 8.742800000000e-09 -2.949459526899e-01 
 8.752800000000e-09 -1.395273103410e-01 
 8.762800000000e-09  4.734979648020e-02 
 8.772800000000e-09  2.285863946354e-01 
 8.782800000000e-09  3.708515784613e-01 
 8.792800000000e-09  4.538349194093e-01 
 8.802800000000e-09  4.673885449691e-01 
 8.812800000000e-09  4.137428152190e-01 
 8.822800000000e-09  3.032497599379e-01 
 8.832800000000e-09  1.500779774561e-01 
 8.842800000000e-09 -3.553117573214e-02 
 8.852800000000e-09 -2.183894116606e-01 
 8.862800000000e-09 -3.636727812010e-01 
 8.872800000000e-09 -4.507297548237e-01 
 8.882800000000e-09 -4.685805820968e-01 
 8.892800000000e-09 -4.188090622366e-01 
 8.902800000000e-09 -3.113984960988e-01 
 8.912800000000e-09 -1.604946493910e-01 
 8.922800000000e-09  2.369904829347e-02 
 8.932800000000e-09  2.080598401903e-01 
 8.942800000000e-09  3.562801025976e-01 
 8.952800000000e-09  4.473687858112e-01 
 8.962800000000e-09  4.695220674849e-01 
 8.972800000000e-09  4.236606549783e-01 
 8.982800000000e-09  3.193860242914e-01 
 8.992800000000e-09  1.707781337162e-01 
 9.002800000000e-09 -1.186047405481e-02 
 9.012800000000e-09 -1.975933906868e-01 
 9.022800000000e-09 -3.486706964169e-01 
 9.032800000000e-09 -4.437504091020e-01 
 9.042800000000e-09 -4.702131722836e-01 
 9.052800000000e-09 -4.283000770487e-01 
 9.062800000000e-09 -3.272162272181e-01 
 9.072800000000e-09 -1.809314468164e-01 
 9.082800000000e-09  4.258611380525e-05 
 9.092800000000e-09  1.870069092447e-01 
 9.102800000000e-09  3.408571639843e-01 
 9.112800000000e-09  4.398738330570e-01 
 9.122800000000e-09  4.706430724482e-01 
 9.132800000000e-09  4.327106356923e-01 
 9.142800000000e-09  3.348699609844e-01 
 9.152800000000e-09  1.909456405029e-01 
 9.162800000000e-09  1.174226030868e-02 
 9.172800000000e-09 -1.762970737911e-01 
 9.182800000000e-09 -3.328375624708e-01 
 9.192800000000e-09 -4.357379779641e-01 
 9.202800000000e-09 -4.708121373454e-01 
 9.212800000000e-09 -4.368933439154e-01 
 9.222800000000e-09 -3.423478220875e-01 
 9.232800000000e-09 -2.008224088958e-01 
 9.242800000000e-09 -2.347572675878e-02 
 9.252800000000e-09  1.654729130510e-01 
 9.262800000000e-09  3.246195095716e-01 
 9.272800000000e-09  4.313257494457e-01 
 9.282800000000e-09  4.706836704989e-01 
 9.292800000000e-09  4.408199143274e-01 
 9.302800000000e-09  3.496304154909e-01 
 9.312800000000e-09  2.105610812670e-01 
 9.322800000000e-09  3.516076456308e-02 
 9.332800000000e-09 -1.545077996751e-01 
 9.342800000000e-09 -3.161709650515e-01 
 9.352800000000e-09 -4.266385165926e-01 
 9.362800000000e-09 -4.702913482648e-01 
 9.372800000000e-09 -4.445123422920e-01 
 9.382800000000e-09 -3.567321326108e-01 
 9.392800000000e-09 -2.201669109047e-01 
 9.402800000000e-09 -4.677112811247e-02 
 9.412800000000e-09  1.434331896786e-01 
 9.422800000000e-09  3.075319332970e-01 
 9.432800000000e-09  4.216952556000e-01 
 9.442800000000e-09  4.696311877131e-01 
 9.452800000000e-09  4.479644705600e-01 
 9.462800000000e-09  3.636432939234e-01 
 9.472800000000e-09  2.296345039237e-01 
 9.482800000000e-09  5.829596383408e-02 
 9.492800000000e-09 -1.322457811761e-01 
 9.502800000000e-09 -2.986994019243e-01 
 9.512800000000e-09 -4.164936891569e-01 
 9.522800000000e-09 -4.687029578780e-01 
 9.532800000000e-09 -4.511782775734e-01 
 9.542800000000e-09 -3.703670990565e-01 
 9.552800000000e-09 -2.389690487137e-01 
 9.562800000000e-09 -6.972586142413e-02 
 9.572800000000e-09  1.209533295018e-01 
 9.582800000000e-09  2.896827623582e-01 
 9.592800000000e-09  4.110391883508e-01 
 9.602800000000e-09  4.675069155568e-01 
 9.612800000000e-09  4.541523915346e-01 
 9.622800000000e-09  3.769071188233e-01 
 9.632800000000e-09  2.481794421579e-01 
 9.642800000000e-09  8.106170467896e-02 
 9.652800000000e-09 -1.095526955124e-01 
 9.662800000000e-09 -2.804847696131e-01 
 9.672800000000e-09 -4.053400344978e-01 
 9.682800000000e-09 -4.660555037277e-01 
 9.692800000000e-09 -4.568926472265e-01 
 9.702800000000e-09 -3.832518995423e-01 
 9.712800000000e-09 -2.572499219167e-01 
 9.722800000000e-09 -9.228418543799e-02 
 9.732800000000e-09  9.805668878799e-02 
 9.742800000000e-09  2.711080485566e-01 
 9.752800000000e-09  3.993876774562e-01 
 9.762800000000e-09  4.643304899408e-01 
 9.772800000000e-09  4.593840513346e-01 
 9.782800000000e-09  3.893972108821e-01 
 9.792800000000e-09  2.661810583473e-01 
 9.802800000000e-09  1.033907194049e-01 
 9.812800000000e-09 -8.647016447965e-02 
 9.822800000000e-09 -2.615590862062e-01 
 9.832800000000e-09 -3.931910398657e-01 
 9.842800000000e-09 -4.623409807137e-01 
 9.852800000000e-09 -4.616342373010e-01 
 9.862800000000e-09 -3.953480747838e-01 
 9.872800000000e-09 -2.749745033400e-01 
 9.882800000000e-09 -1.143753983210e-01 
 9.892800000000e-09  7.480777637904e-02 
 9.902800000000e-09  2.518490570064e-01 
 9.912800000000e-09  3.867586848016e-01 
 9.922800000000e-09  4.600910233157e-01 
 9.932800000000e-09  4.636470914978e-01 
 9.942800000000e-09  4.011018113011e-01 
 9.952800000000e-09  2.836213311732e-01 
 9.962800000000e-09  1.252306285320e-01 
 9.972800000000e-09 -6.308360569554e-02 
 9.982800000000e-09 -2.419863683647e-01 
 9.992800000000e-09 -3.800971911102e-01 
 1.000000000000e-08 -4.429817481176e-01 
