 1.628000000000e-10 -1.118810447952e-02 
 1.728000000000e-10 -2.659888320967e-02 
 1.828000000000e-10 -3.821693327503e-02 
 1.928000000000e-10 -4.402091153156e-02 
 2.028000000000e-10 -4.286961756450e-02 
 2.128000000000e-10 -3.471401688107e-02 
 2.228000000000e-10 -2.063815837843e-02 
 2.328000000000e-10 -2.718885600707e-03 
 2.428000000000e-10  1.626847167972e-02 
 2.528000000000e-10  3.326998751718e-02 
 2.628000000000e-10  4.544076138447e-02 
 2.728000000000e-10  5.062896312552e-02 
 2.828000000000e-10  4.775664712084e-02 
 2.928000000000e-10  3.702743924343e-02 
 3.028000000000e-10  1.992144531894e-02 
 3.128000000000e-10 -1.005582243889e-03 
 3.228000000000e-10 -2.249230297367e-02 
 3.328000000000e-10 -4.106329746884e-02 
 3.428000000000e-10 -5.358966149995e-02 
 3.528000000000e-10 -5.782312185541e-02 
 3.628000000000e-10 -5.280040888417e-02 
 3.728000000000e-10 -3.903228364015e-02 
 3.828000000000e-10 -1.845700751121e-02 
 3.928000000000e-10  5.827904840289e-03 
 4.028000000000e-10  3.000848944422e-02 
 4.128000000000e-10  5.013753524792e-02 
 4.228000000000e-10  6.278298071762e-02 
 4.328000000000e-10  6.563132814656e-02 
 4.428000000000e-10  5.790677949083e-02 
 4.528000000000e-10  4.052666349494e-02 
 4.628000000000e-10  1.598466353770e-02 
 4.728000000000e-10 -1.199430876894e-02 
 4.828000000000e-10 -3.899036475529e-02 
 4.928000000000e-10 -6.056390264203e-02 
 5.028000000000e-10 -7.299876934112e-02 
 5.128000000000e-10 -7.396463891684e-02 
 5.228000000000e-10 -6.294641166979e-02 
 5.328000000000e-10 -4.135219611771e-02 
 5.428000000000e-10 -1.232180327396e-02 
 5.528000000000e-10  1.970857595396e-02 
 5.628000000000e-10  4.963670033710e-02 
 5.728000000000e-10  7.249030726015e-02 
 5.828000000000e-10  8.428184217749e-02 
 5.928000000000e-10  8.273772468023e-02 
 6.028000000000e-10  6.771287314597e-02 
 6.128000000000e-10  4.122706349561e-02 
 6.228000000000e-10  7.173272057118e-03 
 6.328000000000e-10 -2.921258308971e-02 
 6.428000000000e-10 -6.209238972489e-02 
 6.528000000000e-10 -8.594816555025e-02 
 6.628000000000e-10 -9.656178259128e-02 
 6.728000000000e-10 -9.180059844855e-02 
 6.828000000000e-10 -7.200099686938e-02 
 6.928000000000e-10 -3.990715299910e-02 
 7.028000000000e-10 -2.759975710827e-04 
 7.128000000000e-10  4.075738271964e-02 
 7.228000000000e-10  7.654380728184e-02 
 7.328000000000e-10  1.010059371857e-01 
 7.428000000000e-10  1.097566428788e-01 
 7.528000000000e-10  1.009309152892e-01 
 7.628000000000e-10  7.549082234486e-02 
 7.728000000000e-10  3.704068533839e-02 
 7.828000000000e-10 -8.684341861908e-03 
 7.928000000000e-10 -5.455919819692e-02 
 8.028000000000e-10 -9.307385742153e-02 
 8.128000000000e-10 -1.176035923446e-01 
 8.228000000000e-10 -1.236823649562e-01 
 8.328000000000e-10 -1.098494748305e-01 
 8.428000000000e-10 -7.784731208782e-02 
 8.528000000000e-10 -3.227913254567e-02 
 8.628000000000e-10  2.002346093813e-02 
 8.728000000000e-10  7.084408234765e-02 
 8.828000000000e-10  1.117560208389e-01 
 8.928000000000e-10  1.356277552702e-01 
 9.028000000000e-10  1.380509438568e-01 
 9.128000000000e-10  1.181549163792e-01 
 9.228000000000e-10  7.863311629125e-02 
 9.328000000000e-10  2.522578812068e-02 
 9.428000000000e-10 -3.402827881952e-02 
 9.528000000000e-10 -8.973313373787e-02 
 9.628000000000e-10 -1.325190691714e-01 
 9.728000000000e-10 -1.548250810962e-01 
 9.828000000000e-10 -1.524738373888e-01 
 9.928000000000e-10 -1.253896196033e-01 
 1.002800000000e-09 -7.739285846675e-02 
 1.012800000000e-09 -1.548877636703e-02 
 1.022800000000e-09  5.096182960006e-02 
 1.032800000000e-09  1.112930914349e-01 
 1.042800000000e-09  1.551900555276e-01 
 1.052800000000e-09  1.748021211384e-01 
 1.062800000000e-09  1.664164831143e-01 
 1.072800000000e-09  1.309820699066e-01 
 1.082800000000e-09  7.361460533936e-02 
 1.092800000000e-09  2.701620046043e-03 
 1.102800000000e-09 -7.097756411738e-02 
 1.112800000000e-09 -1.354178919480e-01 
 1.122800000000e-09 -1.794067384612e-01 
 1.132800000000e-09 -1.950064112934e-01 
 1.142800000000e-09 -1.792442848600e-01 
 1.152800000000e-09 -1.343246888906e-01 
 1.162800000000e-09 -6.680666549469e-02 
 1.172800000000e-09  1.344247228013e-02 
 1.182800000000e-09  9.412570131830e-02 
 1.192800000000e-09  1.618515575720e-01 
 1.202800000000e-09  2.046292541048e-01 
 1.212800000000e-09  2.147233459754e-01 
 1.222800000000e-09  1.902101362744e-01 
 1.232800000000e-09  1.347686252063e-01 
 1.242800000000e-09  5.651743505906e-02 
 1.252800000000e-09 -3.312390251898e-02 
 1.262800000000e-09 -1.202610066919e-01 
 1.272800000000e-09 -1.901133607466e-01 
 1.282800000000e-09 -2.301225260340e-01 
 1.292800000000e-09 -2.331180136802e-01 
 1.302800000000e-09 -1.985400454125e-01 
 1.312800000000e-09 -1.317174867665e-01 
 1.322800000000e-09 -4.240259832897e-02 
 1.332800000000e-09  5.637531781525e-02 
 1.342800000000e-09  1.490509376413e-01 
 1.352800000000e-09  2.195250171471e-01 
 1.362800000000e-09  2.549995925075e-01 
 1.372800000000e-09  2.492887788143e-01 
 1.382800000000e-09  2.034758927647e-01 
 1.392800000000e-09  1.246656691628e-01 
 1.402800000000e-09  2.427318196300e-02 
 1.412800000000e-09 -8.302119730654e-02 
 1.422800000000e-09 -1.799360094257e-01 
 1.432800000000e-09 -2.492208733498e-01 
 1.442800000000e-09 -2.782819193978e-01 
 1.452800000000e-09 -2.623526715180e-01 
 1.462800000000e-09 -2.043709461546e-01 
 1.472800000000e-09 -1.132737475359e-01 
 1.482800000000e-09 -2.131318820418e-03 
 1.492800000000e-09  1.126815680127e-01 
 1.502800000000e-09  2.121636032738e-01 
 1.512800000000e-09  2.782154734442e-01 
 1.522800000000e-09  2.989887515723e-01 
 1.532800000000e-09  2.715242047037e-01 
 1.542800000000e-09  2.007355061347e-01 
 1.552800000000e-09  9.739561141544e-02 
 1.562800000000e-09 -2.380882584947e-02 
 1.572800000000e-09 -1.447647767066e-01 
 1.582800000000e-09 -2.448224854178e-01 
 1.592800000000e-09 -3.054798871494e-01 
 1.602800000000e-09 -3.162262166199e-01 
 1.612800000000e-09 -2.761906349552e-01 
 1.622800000000e-09 -1.922972637427e-01 
 1.632800000000e-09 -7.710315543396e-02 
 1.642800000000e-09  5.313268423547e-02 
 1.652800000000e-09  1.785120926117e-01 
 1.662800000000e-09  2.769214128656e-01 
 1.672800000000e-09  3.300422506991e-01 
 1.682800000000e-09  3.292675762125e-01 
 1.692800000000e-09  2.759540032464e-01 
 1.702800000000e-09  1.790063020925e-01 
 1.712800000000e-09  5.267267737953e-02 
 1.722800000000e-09 -8.524861816829e-02 
 1.732800000000e-09 -2.130454154572e-01 
 1.742800000000e-09 -3.074618322203e-01 
 1.752800000000e-09 -3.510643173232e-01 
 1.762800000000e-09 -3.376042018232e-01 
 1.772800000000e-09 -2.706420354090e-01 
 1.782800000000e-09 -1.610147544188e-01 
 1.792800000000e-09 -2.454466487703e-02 
 1.802800000000e-09  1.194395775359e-01 
 1.812800000000e-09  2.474344180612e-01 
 1.822800000000e-09  3.355232380300e-01 
 1.832800000000e-09  3.679090699106e-01 
 1.842800000000e-09  3.409492814411e-01 
 1.852800000000e-09  2.603016759992e-01 
 1.862800000000e-09  1.386665440056e-01 
 1.872800000000e-09 -6.703946310467e-03 
 1.882800000000e-09 -1.549105717239e-01 
 1.892800000000e-09 -2.807714175821e-01 
 1.902800000000e-09 -3.603498224958e-01 
 1.912800000000e-09 -3.801811865432e-01 
 1.922800000000e-09 -3.392462867971e-01 
 1.932800000000e-09 -2.451709331089e-01 
 1.942800000000e-09 -1.124302640308e-01 
 1.952800000000e-09  4.042286073071e-02 
 1.962800000000e-09  1.908494785137e-01 
 1.972800000000e-09  3.122327188470e-01 
 1.982800000000e-09  3.813849140580e-01 
 1.992800000000e-09  3.876949705466e-01 
 2.002800000000e-09  3.326036985174e-01 
 2.012800000000e-09  2.256129891618e-01 
 2.022800000000e-09  8.284610099061e-02 
 2.032800000000e-09 -7.592873144006e-02 
 2.042800000000e-09 -2.264679091782e-01 
 2.052800000000e-09 -3.411083406610e-01 
 2.062800000000e-09 -3.982622839966e-01 
 2.072800000000e-09 -3.904324016495e-01 
 2.082800000000e-09 -3.212587984502e-01 
 2.092800000000e-09 -2.020793314437e-01 
 2.102800000000e-09 -5.049408885922e-02 
 2.112800000000e-09  1.125289986039e-01 
 2.122800000000e-09  2.610282623309e-01 
 2.132800000000e-09  3.668450453562e-01 
 2.142800000000e-09  4.108026273614e-01 
 2.152800000000e-09  3.885006879775e-01 
 2.162800000000e-09  3.055311770251e-01 
 2.172800000000e-09  1.750598433985e-01 
 2.182800000000e-09  1.595343778360e-02 
 2.192800000000e-09 -1.495571243078e-01 
 2.202800000000e-09 -2.938708103793e-01 
 2.212800000000e-09 -3.890509132894e-01 
 2.222800000000e-09 -4.189741969781e-01 
 2.232800000000e-09 -3.820958026791e-01 
 2.242800000000e-09 -2.857980310650e-01 
 2.252800000000e-09 -1.450476884994e-01 
 2.262800000000e-09  2.022152953677e-02 
 2.272800000000e-09  1.863946756606e-01 
 2.282800000000e-09  3.244414630711e-01 
 2.292800000000e-09  4.074750800539e-01 
 2.302800000000e-09  4.228202849253e-01 
 2.312800000000e-09  3.714499481946e-01 
 2.322800000000e-09  2.624569879712e-01 
 2.332800000000e-09  1.125239416144e-01 
 2.342800000000e-09 -5.749058752191e-02 
 2.352800000000e-09 -2.224542892662e-01 
 2.362800000000e-09 -3.522659100930e-01 
 2.372800000000e-09 -4.219727359166e-01 
 2.382800000000e-09 -4.224475958138e-01 
 2.392800000000e-09 -3.568323171026e-01 
 2.402800000000e-09 -2.359323162462e-01 
 2.412800000000e-09 -7.796460839148e-02 
 2.422800000000e-09  9.532136578823e-02 
 2.432800000000e-09  2.571859764656e-01 
 2.442800000000e-09  3.769935074726e-01 
 2.452800000000e-09  4.325197944327e-01 
 2.462800000000e-09  4.180258713613e-01 
 2.472800000000e-09  3.385287845466e-01 
 2.482800000000e-09  2.066117609100e-01 
 2.492800000000e-09  4.179475736621e-02 
 2.502800000000e-09 -1.332285429053e-01 
 2.512800000000e-09 -2.901092112350e-01 
 2.522800000000e-09 -3.983545581023e-01 
 2.532800000000e-09 -4.391160955737e-01 
 2.542800000000e-09 -4.097119338649e-01 
 2.552800000000e-09 -3.168351798258e-01 
 2.562800000000e-09 -1.748973908660e-01 
 2.572800000000e-09 -4.445389615191e-03 
 2.582800000000e-09  1.707218935691e-01 
 2.592800000000e-09  3.207771656749e-01 
 2.602800000000e-09  4.161897863479e-01 
 2.612800000000e-09  4.418452633092e-01 
 2.622800000000e-09  3.977073529437e-01 
 2.632800000000e-09  2.920691128036e-01 
 2.642800000000e-09  1.411552918161e-01 
 2.652800000000e-09 -3.368426404338e-02 
 2.662800000000e-09 -2.073518237262e-01 
 2.672800000000e-09 -3.488181630177e-01 
 2.682800000000e-09 -4.303921821455e-01 
 2.692800000000e-09 -4.407836205091e-01 
 2.702800000000e-09 -3.822028545501e-01 
 2.712800000000e-09 -2.645467195673e-01 
 2.722800000000e-09 -1.057351293811e-01 
 2.732800000000e-09  7.219397639295e-02 
 2.742800000000e-09  2.426747464009e-01 
 2.752800000000e-09  3.739191874846e-01 
 2.762800000000e-09  4.409236996082e-01 
 2.772800000000e-09  4.360486323687e-01 
 2.782800000000e-09  3.634085747626e-01 
 2.792800000000e-09  2.345905484275e-01 
 2.802800000000e-09  6.897642096498e-02 
 2.812800000000e-09 -1.106860426389e-01 
 2.822800000000e-09 -2.762741001986e-01 
 2.832800000000e-09 -3.958704740782e-01 
 2.842800000000e-09 -4.478218032454e-01 
 2.852800000000e-09 -4.277805488337e-01 
 2.862800000000e-09 -3.415529341584e-01 
 2.872800000000e-09 -2.025133588674e-01 
 2.882800000000e-09 -3.120110373814e-02 
 2.892800000000e-09  1.487832340775e-01 
 2.902800000000e-09  3.077885218244e-01 
 2.912800000000e-09  4.145157852397e-01 
 2.922800000000e-09  4.511151772164e-01 
 2.932800000000e-09  4.161110504704e-01 
 2.942800000000e-09  3.168659224189e-01 
 2.952800000000e-09  1.686047277432e-01 
 2.962800000000e-09 -7.270720556055e-03 
 2.972800000000e-09 -1.860923258689e-01 
 2.982800000000e-09 -3.368559530317e-01 
 2.992800000000e-09 -4.297424931140e-01 
 3.002800000000e-09 -4.508691933114e-01 
 3.012800000000e-09 -4.011893294365e-01 
 3.022800000000e-09 -2.896007026167e-01 
 3.032800000000e-09 -1.331473550666e-01 
 3.042800000000e-09  4.612005727224e-02 
 3.052800000000e-09  2.222383059206e-01 
 3.062800000000e-09  3.631850049150e-01 
 3.072800000000e-09  4.414850959977e-01 
 3.082800000000e-09  4.471374341446e-01 
 3.092800000000e-09  3.831506589093e-01 
 3.102800000000e-09  2.600097144330e-01 
 3.112800000000e-09  9.641269379682e-02 
 3.122800000000e-09 -8.501179271885e-02 
 3.132800000000e-09 -2.568331055903e-01 
 3.142800000000e-09 -3.865328195097e-01 
 3.152800000000e-09 -4.497440918369e-01 
 3.162800000000e-09 -4.400270974447e-01 
 3.172800000000e-09 -3.621677695414e-01 
 3.182800000000e-09 -2.283561266592e-01 
 3.192800000000e-09 -5.866433674476e-02 
 3.202800000000e-09  1.236203989614e-01 
 3.212800000000e-09  2.895342470636e-01 
 3.222800000000e-09  4.067307755684e-01 
 3.232800000000e-09  4.545216035249e-01 
 3.242800000000e-09  4.296292140277e-01 
 3.252800000000e-09  3.384205262400e-01 
 3.262800000000e-09  1.949029380887e-01 
 3.272800000000e-09  2.018879141040e-02 
 3.282800000000e-09 -1.615858344689e-01 
 3.292800000000e-09 -3.199887463902e-01 
 3.302800000000e-09 -4.236513159022e-01 
 3.312800000000e-09 -4.558712870706e-01 
 3.322800000000e-09 -4.160694863460e-01 
 3.332800000000e-09 -3.121188013859e-01 
 3.342800000000e-09 -1.598945678808e-01 
 3.352800000000e-09  1.874557833891e-02 
 3.362800000000e-09  1.985685737133e-01 
 3.372800000000e-09  3.478981144779e-01 
 3.382800000000e-09  4.372076339355e-01 
 3.392800000000e-09  4.538258474276e-01 
 3.402800000000e-09  3.994530468189e-01 
 3.412800000000e-09  2.834773535131e-01 
 3.422800000000e-09  1.235713247878e-01 
 3.432800000000e-09 -5.784302190196e-02 
 3.442800000000e-09 -2.342054946913e-01 
 3.452800000000e-09 -3.729842879097e-01 
 3.462800000000e-09 -4.473482543002e-01 
 3.472800000000e-09 -4.484491577865e-01 
 3.482800000000e-09 -3.799162330911e-01 
 3.492800000000e-09 -2.527428787628e-01 
 3.502800000000e-09 -8.618161177331e-02 
 3.512800000000e-09  9.679540234536e-02 
 3.522800000000e-09  2.681461635571e-01 
 3.532800000000e-09  3.950671201145e-01 
 3.542800000000e-09  4.540990730721e-01 
 3.552800000000e-09  4.398446894209e-01 
 3.562800000000e-09  3.576100674252e-01 
 3.572800000000e-09  2.201311950721e-01 
 3.582800000000e-09  4.794707193119e-02 
 3.592800000000e-09 -1.353095958653e-01 
 3.602800000000e-09 -3.000783667128e-01 
 3.612800000000e-09 -4.139916637266e-01 
 3.622800000000e-09 -4.574501376583e-01 
 3.632800000000e-09 -4.280698794933e-01 
 3.642800000000e-09 -3.326881423328e-01 
 3.652800000000e-09 -1.858840039331e-01 
 3.662800000000e-09 -9.133688987158e-03 
 3.672800000000e-09  1.730383394548e-01 
 3.682800000000e-09  3.296632397758e-01 
 3.692800000000e-09  4.296477345570e-01 
 3.702800000000e-09  4.574534464668e-01 
 3.712800000000e-09  4.132476330703e-01 
 3.722800000000e-09  3.053574737638e-01 
 3.732800000000e-09  1.502311804926e-01 
 3.742800000000e-09 -2.999767697961e-02 
 3.752800000000e-09 -2.096521792556e-01 
 3.762800000000e-09 -3.566237847669e-01 
 3.772800000000e-09 -4.419592420704e-01 
 3.782800000000e-09 -4.541357910817e-01 
 3.792800000000e-09 -3.954728224983e-01 
 3.802800000000e-09 -2.758229729749e-01 
 3.812800000000e-09 -1.133930790542e-01 
 3.822800000000e-09  6.916322879995e-02 
 3.832800000000e-09  2.447968327598e-01 
 3.842800000000e-09  3.807155237549e-01 
 3.852800000000e-09  4.509075182282e-01 
 3.862800000000e-09  4.475708438606e-01 
 3.872800000000e-09  3.748778017979e-01 
 3.882800000000e-09  2.443158957048e-01 
 3.892800000000e-09  7.559421794814e-02 
 3.902800000000e-09 -1.080783630968e-01 
 3.912800000000e-09 -2.781535487406e-01 
 3.922800000000e-09 -4.017632319134e-01 
 3.932800000000e-09 -4.564751178744e-01 
 3.942800000000e-09 -4.378303313103e-01 
 3.952800000000e-09 -3.515999410988e-01 
 3.962800000000e-09 -2.110489112965e-01 
 3.972800000000e-09 -3.707203648274e-02 
 3.982800000000e-09  1.464197540818e-01 
 3.992800000000e-09  3.093790257477e-01 
 4.002800000000e-09  4.196245215277e-01 
 4.012800000000e-09  4.586905539636e-01 
 4.022800000000e-09  4.249923669256e-01 
 4.032800000000e-09  3.258029637822e-01 
 4.042800000000e-09  1.762511551260e-01 
 4.052800000000e-09 -1.927291351167e-03 
 4.062800000000e-09 -1.838652566139e-01 
 4.072800000000e-09 -3.381722232845e-01 
 4.082800000000e-09 -4.342100759948e-01 
 4.092800000000e-09 -4.575979787178e-01 
 4.102800000000e-09 -4.091703781256e-01 
 4.112800000000e-09 -2.976904802461e-01 
 4.122800000000e-09 -1.401421908143e-01 
 4.132800000000e-09  4.114431500902e-02 
 4.142800000000e-09  2.200871418082e-01 
 4.152800000000e-09  3.642685470226e-01 
 4.162800000000e-09  4.454519756189e-01 
 4.172800000000e-09  4.532213148182e-01 
 4.182800000000e-09  3.904552656909e-01 
 4.192800000000e-09  2.674643373021e-01 
 4.202800000000e-09  1.029369805081e-01 
 4.212800000000e-09 -8.029526672124e-02 
 4.222800000000e-09 -2.547335537538e-01 
 4.232800000000e-09 -3.874418191656e-01 
 4.242800000000e-09 -4.533423088381e-01 
 4.252800000000e-09 -4.456399534168e-01 
 4.262800000000e-09 -3.689783349133e-01 
 4.272800000000e-09 -2.353444545942e-01 
 4.282800000000e-09 -6.485022323928e-02 
 4.292800000000e-09  1.190984076426e-01 
 4.302800000000e-09  2.874931460926e-01 
 4.312800000000e-09  4.075337023768e-01 
 4.322800000000e-09  4.578700017856e-01 
 4.332800000000e-09  4.349163471338e-01 
 4.342800000000e-09  3.448815417495e-01 
 4.352800000000e-09  2.015573782964e-01 
 4.362800000000e-09  2.613082607171e-02 
 4.372800000000e-09 -1.572244531058e-01 
 4.382800000000e-09 -3.180307447652e-01 
 4.392800000000e-09 -4.244192206992e-01 
 4.402800000000e-09 -4.590745708168e-01 
 4.412800000000e-09 -4.211504411877e-01 
 4.422800000000e-09 -3.183426797402e-01 
 4.432800000000e-09 -1.663175580538e-01 
 4.442800000000e-09  1.298265961101e-02 
 4.452800000000e-09  1.943561578638e-01 
 4.462800000000e-09  3.460572914257e-01 
 4.472800000000e-09  4.380088790372e-01 
 4.482800000000e-09  4.569807740755e-01 
 4.492800000000e-09  4.044346185762e-01 
 4.502800000000e-09  2.895560922542e-01 
 4.512800000000e-09  1.298404556843e-01 
 4.522800000000e-09 -5.222248167846e-02 
 4.532800000000e-09 -2.301543213534e-01 
 4.542800000000e-09 -3.713064198187e-01 
 4.552800000000e-09 -4.482507743295e-01 
 4.562800000000e-09 -4.516409391369e-01 
 4.572800000000e-09 -3.848778786664e-01 
 4.582800000000e-09 -2.587334055665e-01 
 4.592800000000e-09 -9.234059546998e-02 
 4.602800000000e-09  9.130906950965e-02 
 4.612800000000e-09  2.642834929337e-01 
 4.622800000000e-09  3.935939938610e-01 
 4.632800000000e-09  4.551534127958e-01 
 4.642800000000e-09  4.431248391335e-01 
 4.652800000000e-09  3.626095252992e-01 
 4.662800000000e-09  2.260927384133e-01 
 4.672800000000e-09  5.403457531584e-02 
 4.682800000000e-09 -1.299570832493e-01 
 4.692800000000e-09 -2.964377295776e-01 
 4.702800000000e-09 -4.127676202822e-01 
 4.712800000000e-09 -4.587093992775e-01 
 4.722800000000e-09 -4.315005836413e-01 
 4.732800000000e-09 -3.377747281102e-01 
 4.742800000000e-09 -1.918495185763e-01 
 4.752800000000e-09 -1.516474124485e-02 
 4.762800000000e-09  1.678369649457e-01 
 4.772800000000e-09  3.262837338956e-01 
 4.782800000000e-09  4.287118316132e-01 
 4.792800000000e-09  4.589594581913e-01 
 4.802800000000e-09  4.168706934825e-01 
 4.812800000000e-09  3.105598332228e-01 
 4.822800000000e-09  1.562226038006e-01 
 4.832800000000e-09 -2.402230823911e-02 
 4.842800000000e-09 -2.046305142296e-01 
 4.852800000000e-09 -3.535465316122e-01 
 4.862800000000e-09 -4.413472546564e-01 
 4.872800000000e-09 -4.559245103530e-01 
 4.882800000000e-09 -3.993207777832e-01 
 4.892800000000e-09 -2.811578937057e-01 
 4.902800000000e-09 -1.194208302958e-01 
 4.912800000000e-09  6.325573506023e-02 
 4.922800000000e-09  2.399916711087e-01 
 4.932800000000e-09  3.779657485133e-01 
 4.942800000000e-09  4.506251190671e-01 
 4.952800000000e-09  4.496553313929e-01 
 4.962800000000e-09  3.789658707758e-01 
 4.972800000000e-09  2.497927960219e-01 
 4.982800000000e-09  8.166915986728e-02 
 4.992800000000e-09 -1.022439230406e-01 
 5.002800000000e-09 -2.735846595147e-01 
 5.012800000000e-09 -3.993764607574e-01 
 5.022800000000e-09 -4.565721309534e-01 
 5.032800000000e-09 -4.402485581471e-01 
 5.042800000000e-09 -3.559497814227e-01 
 5.052800000000e-09 -2.166670385563e-01 
 5.062800000000e-09 -4.317366605277e-02 
 5.072800000000e-09  1.407091978403e-01 
 5.082800000000e-09  3.051153053272e-01 
 5.092800000000e-09  4.176411761446e-01 
 5.102800000000e-09  4.591816807398e-01 
 5.112800000000e-09  4.277552899532e-01 
 5.122800000000e-09  3.304136651215e-01 
 5.132800000000e-09  1.820033005913e-01 
 5.142800000000e-09  4.183734538440e-03 
 5.152800000000e-09 -1.783164853440e-01 
 5.162800000000e-09 -3.342563070318e-01 
 5.172800000000e-09 -4.326539362428e-01 
 5.182800000000e-09 -4.584972223915e-01 
 5.192800000000e-09 -4.122860205505e-01 
 5.202800000000e-09 -3.025545513196e-01 
 5.212800000000e-09 -1.460172620331e-01 
 5.222800000000e-09  3.504932008389e-02 
 5.232800000000e-09  2.147437383296e-01 
 5.242800000000e-09  3.607407824381e-01 
 5.252800000000e-09  4.443421328674e-01 
 5.262800000000e-09  4.545396272591e-01 
 5.272800000000e-09  3.939269080874e-01 
 5.282800000000e-09  2.725686330349e-01 
 5.292800000000e-09  1.089182224039e-01 
 5.302800000000e-09 -7.424881656160e-02 
 5.312800000000e-09 -2.496429072650e-01 
 5.322800000000e-09 -3.843356396506e-01 
 5.332800000000e-09 -4.526913389893e-01 
 5.342800000000e-09 -4.473826404101e-01 
 5.352800000000e-09 -3.728027454444e-01 
 5.362800000000e-09 -2.406707740598e-01 
 5.372800000000e-09 -7.091519901185e-02 
 5.382800000000e-09  1.131402979209e-01 
 5.392800000000e-09  2.827040983778e-01 
 5.402800000000e-09  4.048751065756e-01 
 5.412800000000e-09  4.576832949088e-01 
 5.422800000000e-09  4.370815745543e-01 
 5.432800000000e-09  3.490464487320e-01 
 5.442800000000e-09  2.070841750146e-01 
 5.452800000000e-09  3.225265954924e-02 
 5.462800000000e-09 -1.513970824547e-01 
 5.472800000000e-09 -3.135890652092e-01 
 5.482800000000e-09 -4.222279830602e-01 
 5.492800000000e-09 -4.593550725440e-01 
 5.502800000000e-09 -4.237331713469e-01 
 5.512800000000e-09 -3.228299560216e-01 
 5.522800000000e-09 -1.720221490438e-01 
 5.532800000000e-09  6.834421822105e-03 
 5.542800000000e-09  1.887052385439e-01 
 5.552800000000e-09  3.420059157807e-01 
 5.562800000000e-09  4.363011312313e-01 
 5.572800000000e-09  4.577311280795e-01 
 5.582800000000e-09  4.074292946943e-01 
 5.592800000000e-09  2.943439661938e-01 
 5.602800000000e-09  1.356987411569e-01 
 5.612800000000e-09 -4.608359014420e-02 
 5.622800000000e-09 -2.247292014649e-01 
 5.632800000000e-09 -3.676829713150e-01 
 5.642800000000e-09 -4.470378082944e-01 
 5.652800000000e-09 -4.528620075219e-01 
 5.662800000000e-09 -3.882761559481e-01 
 5.672800000000e-09 -2.637968611470e-01 
 5.682800000000e-09 -9.832527349945e-02 
 5.692800000000e-09  8.522085977297e-02 
 5.702800000000e-09  2.591357496401e-01 
 5.712800000000e-09  3.904288879107e-01 
 5.722800000000e-09  4.544401050098e-01 
 5.732800000000e-09  4.448117560531e-01 
 5.742800000000e-09  3.663966521059e-01 
 5.752800000000e-09  2.314033981934e-01 
 5.762800000000e-09  6.011422198774e-02 
 5.772800000000e-09 -1.239649930970e-01 
 5.782800000000e-09 -2.916168891078e-01 
 5.792800000000e-09 -4.100822350783e-01 
 5.802800000000e-09 -4.584943828972e-01 
 5.812800000000e-09 -4.336432003302e-01 
 5.822800000000e-09 -3.419292920904e-01 
 5.832800000000e-09 -1.973800601904e-01 
 5.842800000000e-09 -2.130755969745e-02 
 5.852800000000e-09  1.619875714676e-01 
 5.862800000000e-09  3.218364133659e-01 
 5.872800000000e-09  4.265224844034e-01 
 5.882800000000e-09  4.592392161993e-01 
 5.892800000000e-09  4.194558045685e-01 
 5.902800000000e-09  3.150552184400e-01 
 5.912800000000e-09  1.619411826146e-01 
 5.922800000000e-09 -1.785392553351e-02 
 5.932800000000e-09 -1.989711335370e-01 
 5.942800000000e-09 -3.495107579833e-01 
 5.952800000000e-09 -4.396634169757e-01 
 5.962800000000e-09 -4.566980049952e-01 
 5.972800000000e-09 -4.023399182153e-01 
 5.982800000000e-09 -2.859678577010e-01 
 5.992800000000e-09 -1.252997779568e-01 
 6.002800000000e-09  5.710200423898e-02 
 6.012800000000e-09  2.345761467389e-01 
 6.022800000000e-09  3.743800712566e-01 
 6.032800000000e-09  4.494567105045e-01 
 6.042800000000e-09  4.509204758864e-01 
 6.052800000000e-09  3.824075501930e-01 
 6.062800000000e-09  2.548893325458e-01 
 6.072800000000e-09  8.767784121378e-02 
 6.082800000000e-09 -9.615001582695e-02 
 6.092800000000e-09 -2.684665532982e-01 
 6.102800000000e-09 -3.962700790902e-01 
 6.112800000000e-09 -4.559220856476e-01 
 6.122800000000e-09 -4.419957651895e-01 
 6.132800000000e-09 -3.597907198332e-01 
 6.142800000000e-09 -2.220149379192e-01 
 6.152800000000e-09 -4.927542080404e-02 
 6.162800000000e-09  1.347230768039e-01 
 6.172800000000e-09  3.003426926196e-01 
 6.182800000000e-09  4.150301821750e-01 
 6.192800000000e-09  4.590426939505e-01 
 6.202800000000e-09  4.299688027024e-01 
 6.212800000000e-09  3.346277405746e-01 
 6.222800000000e-09  1.875709308144e-01 
 6.232800000000e-09  1.034278895125e-02 
 6.242800000000e-09 -1.724866447849e-01 
 6.252800000000e-09 -3.298742143294e-01 
 6.262800000000e-09 -4.305524112205e-01 
 6.272800000000e-09 -4.588656826713e-01 
 6.282800000000e-09 -4.149528037298e-01 
 6.292800000000e-09 -3.071132377651e-01 
 6.302800000000e-09 -1.517736065145e-01 
 6.312800000000e-09  2.887222198646e-02 
 6.322800000000e-09  2.091214992204e-01 
 6.332800000000e-09  3.567899469403e-01 
 6.342800000000e-09  4.427601810970e-01 
 6.352800000000e-09  4.554113468501e-01 
 6.362800000000e-09  3.970329751924e-01 
 6.372800000000e-09  2.774411031139e-01 
 6.382800000000e-09  1.148312296601e-01 
 6.392800000000e-09 -6.809679032255e-02 
 6.402800000000e-09 -2.442810697791e-01 
 6.412800000000e-09 -3.808488172739e-01 
 6.422800000000e-09 -4.516329567617e-01 
 6.432800000000e-09 -4.487470971408e-01 
 6.442800000000e-09 -3.763323127296e-01 
 6.452800000000e-09 -2.458327763972e-01 
 6.462800000000e-09 -7.695734202295e-02 
 6.472800000000e-09  1.070559755100e-01 
 6.482800000000e-09  2.776531502770e-01 
 6.492800000000e-09  4.018772925541e-01 
 6.502800000000e-09  4.571496777189e-01 
 6.512800000000e-09  4.389386370552e-01 
 6.522800000000e-09  3.529809759839e-01 
 6.532800000000e-09  2.124936384382e-01 
 6.542800000000e-09  3.838137149214e-02 
 6.552800000000e-09 -1.454334090939e-01 
 6.562800000000e-09 -3.088989829909e-01 
 6.572800000000e-09 -4.197346221697e-01 
 6.582800000000e-09 -4.593373659534e-01 
 6.592800000000e-09 -4.260591220579e-01 
 6.602800000000e-09 -3.271350878358e-01 
 6.612800000000e-09 -1.776459670927e-01 
 6.622800000000e-09  6.574480747301e-04 
 6.632800000000e-09  1.829123281276e-01 
 6.642800000000e-09  3.377201422312e-01 
 6.652800000000e-09  4.343309404643e-01 
 6.662800000000e-09  4.582371154133e-01 
 6.672800000000e-09  4.102175286852e-01 
 6.682800000000e-09  2.989929833935e-01 
 6.692800000000e-09  1.415039089842e-01 
 6.702800000000e-09 -3.990526847055e-02 
 6.712800000000e-09 -2.191693003511e-01 
 6.722800000000e-09 -3.638535010139e-01 
 6.732800000000e-09 -4.455973710460e-01 
 6.742800000000e-09 -4.538700188974e-01 
 6.752800000000e-09 -3.915006107926e-01 
 6.762800000000e-09 -2.687516709074e-01 
 6.772800000000e-09 -1.042772038553e-01 
 6.782800000000e-09  7.908333172086e-02 
 6.792800000000e-09  2.538556859991e-01 
 6.802800000000e-09  3.870730391718e-01 
 6.812800000000e-09  4.535241556686e-01 
 6.822800000000e-09  4.463123486967e-01 
 6.832800000000e-09  3.700354348584e-01 
 6.842800000000e-09  2.366270444649e-01 
 6.852800000000e-09  6.617595406635e-02 
 6.862800000000e-09 -1.179142140423e-01 
 6.872800000000e-09 -2.866626604378e-01 
 6.882800000000e-09 -4.072200740302e-01 
 6.892800000000e-09 -4.580981926513e-01 
 6.902800000000e-09 -4.356232940322e-01 
 6.912800000000e-09 -3.459597118003e-01 
 6.922800000000e-09 -2.028423082785e-01 
 6.932800000000e-09 -2.744552121358e-02 
 6.942800000000e-09  1.560713936822e-01 
 6.952800000000e-09  3.172559380327e-01 
 6.962800000000e-09  4.241689642875e-01 
 6.972800000000e-09  4.593576792216e-01 
 6.982800000000e-09  4.219006078253e-01 
 6.992800000000e-09  3.194480909584e-01 
 7.002800000000e-09  1.676095453660e-01 
 7.012800000000e-09 -1.167839162315e-02 
 7.022800000000e-09 -1.932399208557e-01 
 7.032800000000e-09 -3.453470087521e-01 
 7.042800000000e-09 -4.378296200011e-01 
 7.052800000000e-09 -4.573264198274e-01 
 7.062800000000e-09 -4.052350401747e-01 
 7.072800000000e-09 -2.906924684415e-01 
 7.082800000000e-09 -1.311419594638e-01 
 7.092800000000e-09  5.093080024786e-02 
 7.102800000000e-09  2.290825923113e-01 
 7.112800000000e-09  3.706690843114e-01 
 7.122800000000e-09  4.481489432966e-01 
 7.132800000000e-09  4.520553749751e-01 
 7.142800000000e-09  3.857336666006e-01 
 7.152800000000e-09  2.599023487461e-01 
 7.162800000000e-09  9.365177062606e-02 
 7.172800000000e-09 -9.003471527975e-02 
 7.182800000000e-09 -2.632654102082e-01 
 7.192800000000e-09 -3.930371608494e-01 
 7.202800000000e-09 -4.551339286341e-01 
 7.212800000000e-09 -4.436123165359e-01 
 7.222800000000e-09 -3.635232370025e-01 
 7.232800000000e-09 -2.272938971310e-01 
 7.242800000000e-09 -5.535332391022e-02 
 7.252800000000e-09  1.287067981507e-01 
 7.262800000000e-09  2.954828649878e-01 
 7.272800000000e-09  4.122973637085e-01 
 7.282800000000e-09  4.587755772914e-01 
 7.292800000000e-09  4.320635033945e-01 
 7.302800000000e-09  3.387465640948e-01 
 7.312800000000e-09  1.930814074145e-01 
 7.322800000000e-09  1.648761557614e-02 
 7.332800000000e-09 -1.666185603984e-01 
 7.342800000000e-09 -3.254014453002e-01 
 7.352800000000e-09 -4.283333477687e-01 
 7.362800000000e-09 -4.591142061698e-01 
 7.372800000000e-09 -4.175107051133e-01 
 7.382800000000e-09 -3.115884094179e-01 
 7.392800000000e-09 -1.574828851856e-01 
 7.402800000000e-09  2.270033377937e-02 
 7.412800000000e-09  2.034530965217e-01 
 7.422800000000e-09  3.527458246804e-01 
 7.432800000000e-09  4.410649850398e-01 
 7.442800000000e-09  4.561702678894e-01 
 7.452800000000e-09  4.000387418557e-01 
 7.462800000000e-09  2.822405303867e-01 
 7.472800000000e-09  1.207061487209e-01 
 7.482800000000e-09 -6.194126976316e-02 
 7.492800000000e-09 -2.388652639794e-01 
 7.502800000000e-09 -3.772543052667e-01 
 7.512800000000e-09 -4.504420909660e-01 
 7.522800000000e-09 -4.499936631246e-01 
 7.532800000000e-09 -3.797617578140e-01 
 7.542800000000e-09 -2.509260449148e-01 
 7.552800000000e-09 -8.297516900705e-02 
 7.562800000000e-09  1.009450531249e-01 
 7.572800000000e-09  2.725199213804e-01 
 7.582800000000e-09  3.987607350084e-01 
 7.592800000000e-09  4.564902759732e-01 
 7.602800000000e-09  4.406795767752e-01 
 7.612800000000e-09  3.568212668820e-01 
 7.622800000000e-09  2.178459347660e-01 
 7.632800000000e-09  4.449448305833e-02 
 7.642800000000e-09 -1.394351121885e-01 
 7.652800000000e-09 -3.041223638201e-01 
 7.662800000000e-09 -4.171255853301e-01 
 7.672800000000e-09 -4.592013008296e-01 
 7.682800000000e-09 -4.282776980944e-01 
 7.692800000000e-09 -3.313570379865e-01 
 7.702800000000e-09 -1.832229243049e-01 
 7.712800000000e-09 -5.513044748798e-03 
 7.722800000000e-09  1.770768174898e-01 
 7.732800000000e-09  3.333447086765e-01 
 7.742800000000e-09  4.322422310232e-01 
 7.752800000000e-09  4.586189006927e-01 
 7.762800000000e-09  4.128986144653e-01 
 7.772800000000e-09  3.035652915983e-01 
 7.782800000000e-09  1.472724600173e-01 
 7.792800000000e-09 -3.371889918734e-02 
 7.802800000000e-09 -2.135489847732e-01 
 7.812800000000e-09 -3.599192665502e-01 
 7.822800000000e-09 -4.440371935186e-01 
 7.832800000000e-09 -4.547636294768e-01 
 7.842800000000e-09 -3.946280208900e-01 
 7.852800000000e-09 -2.736414358917e-01 
 7.862800000000e-09 -1.102032693070e-01 
 7.872800000000e-09  7.292579208840e-02 
 7.882800000000e-09  2.485040469840e-01 
 7.892800000000e-09  3.836113189146e-01 
 7.902800000000e-09  4.524946597039e-01 
 7.912800000000e-09  4.477083705364e-01 
 7.922800000000e-09  3.735897373098e-01 
 7.932800000000e-09  2.417997022967e-01 
 7.942800000000e-09  7.222358058640e-02 
 7.952800000000e-09 -1.118343367432e-01 
 7.962800000000e-09 -2.816321938215e-01 
 7.972800000000e-09 -4.042532582246e-01 
 7.982800000000e-09 -4.575948804811e-01 
 7.992800000000e-09 -4.375070802943e-01 
 8.002800000000e-09 -3.499150724675e-01 
 8.012800000000e-09 -2.082628796610e-01 
 8.022800000000e-09 -3.357729307922e-02 
 8.032800000000e-09  1.501181573783e-01 
 8.042800000000e-09  3.125942864714e-01 
 8.052800000000e-09  4.217123936079e-01 
 8.062800000000e-09  4.593744427150e-01 
 8.072800000000e-09  4.242560627208e-01 
 8.082800000000e-09  3.237749758742e-01 
 8.092800000000e-09  1.732443885556e-01 
 8.102800000000e-09 -5.501096053612e-03 
 8.112800000000e-09 -1.874638094062e-01 
 8.122800000000e-09 -3.410977651660e-01 
 8.132800000000e-09 -4.358948445210e-01 
 8.142800000000e-09 -4.578578463793e-01 
 8.152800000000e-09 -4.080470767997e-01 
 8.162800000000e-09 -2.953594078386e-01 
 8.172800000000e-09 -1.369581601742e-01 
 8.182800000000e-09  4.475001916147e-02 
 8.192800000000e-09  2.235362908548e-01 
 8.202800000000e-09  3.668695833185e-01 
 8.212800000000e-09  4.467426969371e-01 
 8.222800000000e-09  4.530953798641e-01 
 8.232800000000e-09  3.889860938997e-01 
 8.242800000000e-09  2.648763516495e-01 
 8.252800000000e-09  9.961402911451e-02 
 8.262800000000e-09 -8.389952926042e-02 
 8.272800000000e-09 -2.580070675853e-01 
 8.282800000000e-09 -3.897182045052e-01 
 8.292800000000e-09 -4.542569294368e-01 
 8.302800000000e-09 -4.451486957707e-01 
 8.312800000000e-09 -3.671920314272e-01 
 8.322800000000e-09 -2.325364134980e-01 
 8.332800000000e-09 -6.142310058657e-02 
 8.342800000000e-09  1.226638068948e-01 
 8.352800000000e-09  2.905577599609e-01 
 8.362800000000e-09  4.094774591379e-01 
 8.372800000000e-09  4.584218971633e-01 
 8.382800000000e-09  4.340819275155e-01 
 8.392800000000e-09  3.428076704793e-01 
 8.402800000000e-09  1.985631358588e-01 
 8.412800000000e-09  2.263199006936e-02 
 8.422800000000e-09 -1.607161465635e-01 
 8.432800000000e-09 -3.208579349862e-01 
 8.442800000000e-09 -4.260268248563e-01 
 8.452800000000e-09 -4.592766106357e-01 
 8.462800000000e-09 -4.199935455645e-01 
 8.472800000000e-09 -3.160103154678e-01 
 8.482800000000e-09 -1.631675998783e-01 
 8.492800000000e-09  1.652236558792e-02 
 8.502800000000e-09  1.977402056905e-01 
 8.512800000000e-09  3.486222508957e-01 
 8.522800000000e-09  4.392790952326e-01 
 8.532800000000e-09  4.568444236727e-01 
 8.542800000000e-09  4.029736658374e-01 
 8.552800000000e-09  2.869933668405e-01 
 8.562800000000e-09  1.265626915380e-01 
 8.572800000000e-09 -5.577212943253e-02 
 8.582800000000e-09 -2.333970854372e-01 
 8.592800000000e-09 -3.735891526923e-01 
 8.602800000000e-09 -4.491852542944e-01 
 8.612800000000e-09 -4.511752177884e-01 
 8.622800000000e-09 -3.831351111085e-01 
 8.632800000000e-09 -2.559791532639e-01 
 8.642800000000e-09 -8.897059538485e-02 
 8.652800000000e-09  9.483185338868e-02 
 8.662800000000e-09  2.673512430034e-01 
 8.672800000000e-09  3.955835995841e-01 
 8.682800000000e-09  4.557644223794e-01 
 8.692800000000e-09  4.423565550390e-01 
 8.702800000000e-09  3.606062429963e-01 
 8.712800000000e-09  2.231607335553e-01 
 8.722800000000e-09  5.058957724532e-02 
 8.732800000000e-09 -1.334270537308e-01 
 8.742800000000e-09 -2.993014123906e-01 
 8.752800000000e-09 -4.144511481900e-01 
 8.762800000000e-09 -4.589965210934e-01 
 8.772800000000e-09 -4.304316280948e-01 
 8.782800000000e-09 -3.355254216464e-01 
 8.792800000000e-09 -1.887655977460e-01 
 8.802800000000e-09 -1.167054297633e-02 
 8.812800000000e-09  1.712233110364e-01 
 8.822800000000e-09  3.289167222951e-01 
 8.832800000000e-09  4.300838501239e-01 
 8.842800000000e-09  4.589300241863e-01 
 8.852800000000e-09  4.155146873412e-01 
 8.862800000000e-09  3.080867311306e-01 
 8.872800000000e-09  1.530102517283e-01 
 8.882800000000e-09 -2.753945183323e-02 
 8.892800000000e-09 -2.079019397862e-01 
 8.902800000000e-09 -3.559251822903e-01 
 8.912800000000e-09 -4.424042509809e-01 
 8.922800000000e-09 -4.555851604613e-01 
 8.932800000000e-09 -3.976907025292e-01 
 8.942800000000e-09 -2.784836345075e-01 
 8.952800000000e-09 -1.161028128556e-01 
 8.962800000000e-09  6.676830145514e-02 
 8.972800000000e-09  2.431166569560e-01 
 8.982800000000e-09  3.800714699964e-01 
 8.992800000000e-09  4.513673093220e-01 
 9.002800000000e-09  4.490139983953e-01 
 9.012800000000e-09  3.770755735721e-01 
 9.022800000000e-09  2.469399538063e-01 
 9.032800000000e-09  7.826817668811e-02 
 9.042800000000e-09 -1.057231797556e-01 
 9.052800000000e-09 -2.765324604017e-01 
 9.062800000000e-09 -4.011957582054e-01 
 9.072800000000e-09 -4.570029489358e-01 
 9.082800000000e-09 -4.393150223269e-01 
 9.092800000000e-09 -3.538153071091e-01 
 9.102800000000e-09 -2.136584005663e-01 
 9.112800000000e-09 -3.971322339571e-02 
 9.122800000000e-09  1.441255961737e-01 
 9.132800000000e-09  3.078574073804e-01 
 9.142800000000e-09  4.191650782636e-01 
 9.152800000000e-09  4.593062476836e-01 
 9.162800000000e-09  4.265409763092e-01 
 9.172800000000e-09  3.280538476594e-01 
 9.182800000000e-09  1.788604063670e-01 
 9.192800000000e-09  6.871409315078e-04 
 9.202800000000e-09 -1.816407045217e-01 
 9.212800000000e-09 -3.367671459804e-01 
 9.222800000000e-09 -4.338762098073e-01 
 9.232800000000e-09 -4.583201945426e-01 
 9.242800000000e-09 -4.108014584103e-01 
 9.252800000000e-09 -2.999888434773e-01 
 9.262800000000e-09 -1.427605707083e-01 
 9.272800000000e-09  3.855746244262e-02 
 9.282800000000e-09  2.179453686106e-01 
 9.292800000000e-09  3.629978202191e-01 
 9.302800000000e-09  4.452588217138e-01 
 9.312800000000e-09  4.540656954094e-01 
 9.322800000000e-09  3.921826743140e-01 
 9.332800000000e-09  2.698173025456e-01 
 9.342800000000e-09  1.055683763653e-01 
 9.352800000000e-09 -7.774210566421e-02 
 9.362800000000e-09 -2.526912074726e-01 
 9.372800000000e-09 -3.863212639954e-01 
 9.382800000000e-09 -4.533021605794e-01 
 9.392800000000e-09 -4.466183046665e-01 
 9.402800000000e-09 -3.708111691176e-01 
 9.412800000000e-09 -2.377545852199e-01 
 9.422800000000e-09 -6.749362720244e-02 
 9.432800000000e-09  1.165904577533e-01 
 9.442800000000e-09  2.855690386206e-01 
 9.452800000000e-09  4.065769429170e-01 
 9.462800000000e-09  4.579914686550e-01 
 9.472800000000e-09  4.360361192546e-01 
 9.482800000000e-09  3.468231927283e-01 
 9.492800000000e-09  2.040240345655e-01 
 9.502800000000e-09  2.878136536372e-02 
 9.512800000000e-09 -1.547757995360e-01 
 9.522800000000e-09 -3.162435441632e-01 
 9.532800000000e-09 -4.236376864647e-01 
 9.542800000000e-09 -4.593648578958e-01 
 9.552800000000e-09 -4.224166384908e-01 
 9.562800000000e-09 -3.203927120684e-01 
 9.572800000000e-09 -1.688379456099e-01 
 9.582800000000e-09  1.033292118847e-02 
 9.592800000000e-09  1.919836312856e-01 
 9.602800000000e-09  3.444252524293e-01 
 9.612800000000e-09  4.374125925611e-01 
 9.622800000000e-09  4.574461666233e-01 
 9.632800000000e-09  4.058508853397e-01 
 9.642800000000e-09  2.917112145242e-01 
 9.652800000000e-09  1.324097778547e-01 
 9.662800000000e-09 -4.958500732123e-02 
 9.672800000000e-09 -2.278771109876e-01 
 9.682800000000e-09 -3.698460066352e-01 
 9.692800000000e-09 -4.478474875835e-01 
 9.702800000000e-09 -4.522862563667e-01 
 9.712800000000e-09 -3.864456321534e-01 
 9.722800000000e-09 -2.609879112813e-01 
 9.732800000000e-09 -9.495142317887e-02 
 9.742800000000e-09  8.869872951993e-02 
 9.752800000000e-09  2.621225058723e-01 
 9.762800000000e-09  3.923190112932e-01 
 9.772800000000e-09  4.549480150948e-01 
 9.782800000000e-09  4.439518008929e-01 
 9.792800000000e-09  3.643265478632e-01 
 9.802800000000e-09  2.284385563859e-01 
 9.812800000000e-09  5.667673109189e-02 
 9.822800000000e-09 -1.273913427873e-01 
 9.832800000000e-09 -2.944135691904e-01 
 9.842800000000e-09 -4.116883562590e-01 
 9.852800000000e-09 -4.587039286000e-01 
 9.862800000000e-09 -4.325081542480e-01 
 9.872800000000e-09 -3.396352259328e-01 
 9.882800000000e-09 -1.942776489256e-01 
 9.892800000000e-09 -1.782661867697e-02 
 9.902800000000e-09  1.653343538912e-01 
 9.912800000000e-09  3.244158498025e-01 
 9.922800000000e-09  4.278364913019e-01 
 9.932800000000e-09  4.591555582736e-01 
 9.942800000000e-09  4.180571182657e-01 
 9.952800000000e-09  3.125558372078e-01 
 9.962800000000e-09  1.587234507520e-01 
 9.972800000000e-09 -2.135441176905e-02 
 9.982800000000e-09 -2.022113690332e-01 
 9.992800000000e-09 -3.518530961239e-01 
 1.000000000000e-08 -4.233485350213e-01 
