 1.628000000000e-10  6.948359046273e-03 
 1.728000000000e-10 -6.516573337987e-03 
 1.828000000000e-10 -1.940415864655e-02 
 1.928000000000e-10 -2.989657525581e-02 
 2.028000000000e-10 -3.646391997648e-02 
 2.128000000000e-10 -3.808955377601e-02 
 2.228000000000e-10 -3.442638644176e-02 
 2.328000000000e-10 -2.585962564393e-02 
 2.428000000000e-10 -1.346649530268e-02 
 2.528000000000e-10  1.117574430348e-03 
 2.628000000000e-10  1.590988157557e-02 
 2.728000000000e-10  2.884433521680e-02 
 2.828000000000e-10  3.805946681081e-02 
 2.928000000000e-10  4.216973332617e-02 
 3.028000000000e-10  4.047642951817e-02 
 3.128000000000e-10  3.308044355966e-02 
 3.228000000000e-10  2.088102026556e-02 
 3.328000000000e-10  5.464473307558e-03 
 3.428000000000e-10 -1.109792368650e-02 
 3.528000000000e-10 -2.652046339671e-02 
 3.628000000000e-10 -3.861352677203e-02 
 3.728000000000e-10 -4.559696404927e-02 
 3.828000000000e-10 -4.636683210146e-02 
 3.928000000000e-10 -4.066859315522e-02 
 4.028000000000e-10 -2.914695739844e-02 
 4.128000000000e-10 -1.327016195420e-02 
 4.228000000000e-10  4.855156405551e-03 
 4.328000000000e-10  2.275411006136e-02 
 4.428000000000e-10  3.791325212993e-02 
 4.528000000000e-10  4.813409675719e-02 
 4.628000000000e-10  5.185976496841e-02 
 4.728000000000e-10  4.841558505474e-02 
 4.828000000000e-10  3.811978646067e-02 
 4.928000000000e-10  2.225049709768e-02 
 5.028000000000e-10  2.882740411311e-03 
 5.128000000000e-10 -1.736897946544e-02 
 5.228000000000e-10 -3.569388565005e-02 
 5.328000000000e-10 -4.947379632425e-02 
 5.428000000000e-10 -5.665754484160e-02 
 5.528000000000e-10 -5.607913522926e-02 
 5.628000000000e-10 -4.764290568208e-02 
 5.728000000000e-10 -3.234853390146e-02 
 5.828000000000e-10 -1.216487027809e-02 
 5.928000000000e-10  1.021844133501e-02 
 6.028000000000e-10  3.173218418949e-02 
 6.128000000000e-10  4.933608072658e-02 
 6.228000000000e-10  6.045362955582e-02 
 6.328000000000e-10  6.336461190401e-02 
 6.428000000000e-10  5.747570388068e-02 
 6.528000000000e-10  4.341732931481e-02 
 6.628000000000e-10  2.296286027069e-02 
 6.728000000000e-10 -1.197808250946e-03 
 6.828000000000e-10 -2.579394615972e-02 
 6.928000000000e-10 -4.739410386918e-02 
 7.028000000000e-10 -6.288164344614e-02 
 7.128000000000e-10 -6.992285037417e-02 
 7.228000000000e-10 -6.733473006841e-02 
 7.328000000000e-10 -5.527254013509e-02 
 7.428000000000e-10 -3.521195512456e-02 
 7.528000000000e-10 -9.754546495007e-03 
 7.628000000000e-10  1.769645601277e-02 
 7.728000000000e-10  4.335977873852e-02 
 7.828000000000e-10  6.358026102533e-02 
 7.928000000000e-10  7.536586021846e-02 
 8.028000000000e-10  7.685895595457e-02 
 8.128000000000e-10  6.763240542679e-02 
 8.228000000000e-10  4.875320898986e-02 
 8.328000000000e-10  2.263168361681e-02 
 8.428000000000e-10 -7.285762657253e-03 
 8.528000000000e-10 -3.693499936110e-02 
 8.628000000000e-10 -6.215040822254e-02 
 8.728000000000e-10 -7.925481244823e-02 
 8.828000000000e-10 -8.563436876254e-02 
 8.928000000000e-10 -8.016215077026e-02 
 9.028000000000e-10 -6.336982696523e-02 
 9.128000000000e-10 -3.735951418084e-02 
 9.228000000000e-10 -5.520314760910e-03 
 9.328000000000e-10  2.788205434955e-02 
 9.428000000000e-10  5.822123595388e-02 
 9.528000000000e-10  8.113278197561e-02 
 9.628000000000e-10  9.318236422210e-02 
 9.728000000000e-10  9.242981643710e-02 
 9.828000000000e-10  7.873407804835e-02 
 9.928000000000e-10  5.376001523777e-02 
 1.002800000000e-09  2.072662217875e-02 
 1.012800000000e-09 -1.600374851584e-02 
 1.022800000000e-09 -5.142394940197e-02 
 1.032800000000e-09 -8.049687942579e-02 
 1.042800000000e-09 -9.893494361361e-02 
 1.052800000000e-09 -1.038983189923e-01 
 1.062800000000e-09 -9.442354471612e-02 
 1.072800000000e-09 -7.157558932491e-02 
 1.082800000000e-09 -3.826312777671e-02 
 1.092800000000e-09  1.165661999077e-03 
 1.102800000000e-09  4.142033527100e-02 
 1.112800000000e-09  7.688463312051e-02 
 1.122800000000e-09  1.023907314703e-01 
 1.132800000000e-09  1.140591090726e-01 
 1.142800000000e-09  1.099659462360e-01 
 1.152800000000e-09  9.043124754569e-02 
 1.162800000000e-09  5.790774710164e-02 
 1.172800000000e-09  1.660036525839e-02 
 1.182800000000e-09 -2.803473323447e-02 
 1.192800000000e-09 -6.988255554952e-02 
 1.202800000000e-09 -1.029364148601e-01 
 1.212800000000e-09 -1.222366043730e-01 
 1.222800000000e-09 -1.247433122991e-01 
 1.232800000000e-09 -1.098408602956e-01 
 1.242800000000e-09 -7.935670080735e-02 
 1.252800000000e-09 -3.721094180335e-02 
 1.262800000000e-09  1.110199930291e-02 
 1.272800000000e-09  5.909034564153e-02 
 1.282800000000e-09  9.998899316720e-02 
 1.292800000000e-09  1.277387246998e-01 
 1.302800000000e-09  1.380545003812e-01 
 1.312800000000e-09  1.291917331574e-01 
 1.322800000000e-09  1.021577293110e-01 
 1.332800000000e-09  6.042531927798e-02 
 1.342800000000e-09  9.390001955379e-03 
 1.352800000000e-09 -4.421514194135e-02 
 1.362800000000e-09 -9.297783512877e-02 
 1.372800000000e-09 -1.298011991987e-01 
 1.382800000000e-09 -1.490860880837e-01 
 1.392800000000e-09 -1.477390379767e-01 
 1.402800000000e-09 -1.257226137112e-01 
 1.412800000000e-09 -8.587056192999e-02 
 1.422800000000e-09 -3.333078778436e-02 
 1.432800000000e-09  2.509151232170e-02 
 1.442800000000e-09  8.145840930338e-02 
 1.452800000000e-09  1.277010314253e-01 
 1.462800000000e-09  1.569389508557e-01 
 1.472800000000e-09  1.645827113150e-01 
 1.482800000000e-09  1.492674348477e-01 
 1.492800000000e-09  1.129628342485e-01 
 1.502800000000e-09  6.039674509342e-02 
 1.512800000000e-09 -1.707433833597e-03 
 1.522800000000e-09 -6.510683443758e-02 
 1.532800000000e-09 -1.208483299991e-01 
 1.542800000000e-09 -1.607548726984e-01 
 1.552800000000e-09 -1.787272343268e-01 
 1.562800000000e-09 -1.718470547988e-01 
 1.572800000000e-09 -1.409070162753e-01 
 1.582800000000e-09 -9.001512431764e-02 
 1.592800000000e-09 -2.566626494803e-02 
 1.602800000000e-09  4.377933529039e-02 
 1.612800000000e-09  1.087395544482e-01 
 1.622800000000e-09  1.598369896556e-01 
 1.632800000000e-09  1.893302365616e-01 
 1.642800000000e-09  1.925447898789e-01 
 1.652800000000e-09  1.688366509318e-01 
 1.662800000000e-09  1.214457061207e-01 
 1.672800000000e-09  5.648718535886e-02 
 1.682800000000e-09 -1.771818160590e-02 
 1.692800000000e-09 -9.119989419968e-02 
 1.702800000000e-09 -1.534843532734e-01 
 1.712800000000e-09 -1.952673431550e-01 
 1.722800000000e-09 -2.101107751766e-01 
 1.732800000000e-09 -1.956146628888e-01 
 1.742800000000e-09 -1.537763937368e-01 
 1.752800000000e-09 -9.014891994164e-02 
 1.762800000000e-09 -1.285959563544e-02 
 1.772800000000e-09  6.797210121986e-02 
 1.782800000000e-09  1.411138349594e-01 
 1.792800000000e-09  1.957264832361e-01 
 1.802800000000e-09  2.234537980261e-01 
 1.812800000000e-09  2.200355341612e-01 
 1.822800000000e-09  1.859060429936e-01 
 1.832800000000e-09  1.257306274833e-01 
 1.842800000000e-09  4.730362776937e-02 
 1.852800000000e-09 -3.930638659701e-02 
 1.862800000000e-09 -1.224182914633e-01 
 1.872800000000e-09 -1.899578800560e-01 
 1.882800000000e-09 -2.316039780827e-01 
 1.892800000000e-09 -2.409610126681e-01 
 1.902800000000e-09 -2.166694501563e-01 
 1.912800000000e-09 -1.622484094715e-01 
 1.922800000000e-09 -8.489088922863e-02 
 1.932800000000e-09  5.616754179552e-03 
 1.942800000000e-09  9.739126207893e-02 
 1.952800000000e-09  1.774446488304e-01 
 1.962800000000e-09  2.336611106802e-01 
 1.972800000000e-09  2.573699053911e-01 
 1.982800000000e-09  2.450518340955e-01 
 1.992800000000e-09  1.986343042541e-01 
 2.002800000000e-09  1.245273337282e-01 
 2.012800000000e-09  3.222756967606e-02 
 2.022800000000e-09 -6.646280586620e-02 
 2.032800000000e-09 -1.580426199987e-01 
 2.042800000000e-09 -2.288970566103e-01 
 2.052800000000e-09 -2.680871317723e-01 
 2.062800000000e-09 -2.696673668247e-01 
 2.072800000000e-09 -2.335829654657e-01 
 2.082800000000e-09 -1.651119380281e-01 
 2.092800000000e-09 -7.331082864619e-02 
 2.102800000000e-09  3.023006531658e-02 
 2.112800000000e-09  1.318575583380e-01 
 2.122800000000e-09  2.168683484821e-01 
 2.132800000000e-09  2.722188586183e-01 
 2.142800000000e-09  2.893604350154e-01 
 2.152800000000e-09  2.658623964427e-01 
 2.162800000000e-09  2.054659043422e-01 
 2.172800000000e-09  1.165679273630e-01 
 2.182800000000e-09  1.046180635410e-02 
 2.192800000000e-09 -9.931300212500e-02 
 2.202800000000e-09 -1.974367231838e-01 
 2.212800000000e-09 -2.689641839185e-01 
 2.222800000000e-09 -3.027546519858e-01 
 2.232800000000e-09 -2.938991310468e-01 
 2.242800000000e-09 -2.441892686926e-01 
 2.252800000000e-09 -1.608802705309e-01 
 2.262800000000e-09 -5.477673962445e-02 
 2.272800000000e-09  6.082419497495e-02 
 2.282800000000e-09  1.704274584978e-01 
 2.292800000000e-09  2.577439542851e-01 
 2.302800000000e-09  3.091491245716e-01 
 2.312800000000e-09  3.168342555734e-01 
 2.322800000000e-09  2.801421921980e-01 
 2.332800000000e-09  2.048818750695e-01 
 2.342800000000e-09  1.013126289116e-01 
 2.352800000000e-09 -1.760991914372e-02 
 2.362800000000e-09 -1.365932166135e-01 
 2.372800000000e-09 -2.385728767269e-01 
 2.382800000000e-09 -3.076542137898e-01 
 2.392800000000e-09 -3.330862122797e-01 
 2.402800000000e-09 -3.115932939991e-01 
 2.412800000000e-09 -2.470496988162e-01 
 2.422800000000e-09 -1.487472237702e-01 
 2.432800000000e-09 -2.925668836880e-02 
 2.442800000000e-09  9.653103854960e-02 
 2.452800000000e-09  2.113638634855e-01 
 2.462800000000e-09  2.976924357545e-01 
 2.472800000000e-09  3.418163498565e-01 
 2.482800000000e-09  3.373764317943e-01 
 2.492800000000e-09  2.860991801679e-01 
 2.502800000000e-09  1.958828891354e-01 
 2.512800000000e-09  7.857865658922e-02 
 2.522800000000e-09 -5.130842461120e-02 
 2.532800000000e-09 -1.767628103287e-01 
 2.542800000000e-09 -2.792311337865e-01 
 2.552800000000e-09 -3.424185828008e-01 
 2.562800000000e-09 -3.566697442609e-01 
 2.572800000000e-09 -3.208917176526e-01 
 2.582800000000e-09 -2.412243711995e-01 
 2.592800000000e-09 -1.287957902080e-01 
 2.602800000000e-09  2.350449407214e-03 
 2.612800000000e-09  1.357567569931e-01 
 2.622800000000e-09  2.525404063888e-01 
 2.632800000000e-09  3.343721175526e-01 
 2.642800000000e-09  3.683424566511e-01 
 2.652800000000e-09  3.501008014419e-01 
 2.662800000000e-09  2.835256424193e-01 
 2.672800000000e-09  1.786471393644e-01 
 2.682800000000e-09  4.902860502290e-02 
 2.692800000000e-09 -8.948939448438e-02 
 2.702800000000e-09 -2.182820891209e-01 
 2.712800000000e-09 -3.176825875653e-01 
 2.722800000000e-09 -3.716808848148e-01 
 2.732800000000e-09 -3.724484504431e-01 
 2.742800000000e-09 -3.214146092486e-01 
 2.752800000000e-09 -2.269123239518e-01 
 2.762800000000e-09 -1.016452602388e-01 
 2.772800000000e-09  3.903847818956e-02 
 2.782800000000e-09  1.771306941155e-01 
 2.792800000000e-09  2.923907528875e-01 
 2.802800000000e-09  3.663048752546e-01 
 2.812800000000e-09  3.874355435519e-01 
 2.822800000000e-09  3.539749872616e-01 
 2.832800000000e-09  2.722085535632e-01 
 2.842800000000e-09  1.539496635957e-01 
 2.852800000000e-09  1.401674001784e-02 
 2.862800000000e-09 -1.303997446780e-01 
 2.872800000000e-09 -2.591797858469e-01 
 2.882800000000e-09 -3.520527338702e-01 
 2.892800000000e-09 -3.941771744308e-01 
 2.902800000000e-09 -3.800901548718e-01 
 2.912800000000e-09 -3.136197280190e-01 
 2.922800000000e-09 -2.051334183123e-01 
 2.932800000000e-09 -6.867551851454e-02 
 2.942800000000e-09  7.919284109095e-02 
 2.952800000000e-09  2.189439698278e-01 
 2.962800000000e-09  3.293497192776e-01 
 2.972800000000e-09  3.924223023309e-01 
 2.982800000000e-09  3.989056196128e-01 
 2.992800000000e-09  3.497200770646e-01 
 3.002800000000e-09  2.533716141920e-01 
 3.012800000000e-09  1.231672165502e-01 
 3.022800000000e-09 -2.499368660003e-02 
 3.032800000000e-09 -1.725508902689e-01 
 3.042800000000e-09 -2.981357235463e-01 
 3.052800000000e-09 -3.814660832105e-01 
 3.062800000000e-09 -4.094759173565e-01 
 3.072800000000e-09 -3.795134350747e-01 
 3.082800000000e-09 -2.977507496678e-01 
 3.092800000000e-09 -1.763883659568e-01 
 3.102800000000e-09 -3.077749216142e-02 
 3.112800000000e-09  1.214929976932e-01 
 3.122800000000e-09  2.595742098722e-01 
 3.132800000000e-09  3.617663172046e-01 
 3.142800000000e-09  4.114348303342e-01 
 3.152800000000e-09  4.020567346850e-01 
 3.162800000000e-09  3.372425186017e-01 
 3.172800000000e-09  2.274373615041e-01 
 3.182800000000e-09  8.710702303883e-02 
 3.192800000000e-09 -6.685624265793e-02 
 3.202800000000e-09 -2.145224369843e-01 
 3.212800000000e-09 -3.336555700302e-01 
 3.222800000000e-09 -4.047099139831e-01 
 3.232800000000e-09 -4.170911820829e-01 
 3.242800000000e-09 -3.710338936607e-01 
 3.252800000000e-09 -2.749442457347e-01 
 3.262800000000e-09 -1.424440220835e-01 
 3.272800000000e-09  1.023694411889e-02 
 3.282800000000e-09  1.643158933675e-01 
 3.292800000000e-09  2.977915382595e-01 
 3.302800000000e-09  3.890904955216e-01 
 3.312800000000e-09  4.237209795342e-01 
 3.322800000000e-09  3.980912115626e-01 
 3.332800000000e-09  3.180194340830e-01 
 3.342800000000e-09  1.958079211921e-01 
 3.352800000000e-09  4.713370730900e-02 
 3.362800000000e-09 -1.102544200054e-01 
 3.372800000000e-09 -2.551798607278e-01 
 3.382800000000e-09 -3.649953345252e-01 
 3.392800000000e-09 -4.216708436763e-01 
 3.402800000000e-09 -4.175488540807e-01 
 3.412800000000e-09 -3.556474835466e-01 
 3.422800000000e-09 -2.463124849057e-01 
 3.432800000000e-09 -1.042776947817e-01 
 3.442800000000e-09  5.341273952168e-02 
 3.452800000000e-09  2.067164135014e-01 
 3.462800000000e-09  3.328052209000e-01 
 3.472800000000e-09  4.109269366057e-01 
 3.482800000000e-09  4.292325536331e-01 
 3.492800000000e-09  3.871507329784e-01 
 3.502800000000e-09  2.927809999484e-01 
 3.512800000000e-09  1.598249804139e-01 
 3.522800000000e-09  4.700472705413e-03 
 3.532800000000e-09 -1.537860317198e-01 
 3.542800000000e-09 -2.933435562053e-01 
 3.552800000000e-09 -3.914811427295e-01 
 3.562800000000e-09 -4.324538134319e-01 
 3.572800000000e-09 -4.116668132222e-01 
 3.582800000000e-09 -3.345863052765e-01 
 3.592800000000e-09 -2.132659824158e-01 
 3.602800000000e-09 -6.328014324868e-02 
 3.612800000000e-09  9.744477490188e-02 
 3.622800000000e-09  2.476068654081e-01 
 3.632800000000e-09  3.639469130704e-01 
 3.642800000000e-09  4.272450052424e-01 
 3.652800000000e-09  4.286919197142e-01 
 3.662800000000e-09  3.705768758002e-01 
 3.672800000000e-09  2.629742009222e-01 
 3.682800000000e-09  1.207030665432e-01 
 3.692800000000e-09 -3.913217440895e-02 
 3.702800000000e-09 -1.965540810927e-01 
 3.712800000000e-09 -3.284239833471e-01 
 3.722800000000e-09 -4.130380998313e-01 
 3.732800000000e-09 -4.373416028479e-01 
 3.742800000000e-09 -3.998611164726e-01 
 3.752800000000e-09 -3.082328750583e-01 
 3.762800000000e-09 -1.760685357589e-01 
 3.772800000000e-09 -1.987755868980e-02 
 3.782800000000e-09  1.416220316428e-01 
 3.792800000000e-09  2.860749191099e-01 
 3.802800000000e-09  3.903351284375e-01 
 3.812800000000e-09  4.374210860624e-01 
 3.822800000000e-09  4.217517740490e-01 
 3.832800000000e-09  3.482743660015e-01 
 3.842800000000e-09  2.287408743777e-01 
 3.852800000000e-09  7.876152915822e-02 
 3.862800000000e-09 -8.381227505823e-02 
 3.872800000000e-09 -2.377958307420e-01 
 3.882800000000e-09 -3.595948329750e-01 
 3.892800000000e-09 -4.290161613425e-01 
 3.902800000000e-09 -4.361169947954e-01 
 3.912800000000e-09 -3.823715541672e-01 
 3.922800000000e-09 -2.774455503827e-01 
 3.932800000000e-09 -1.360861493177e-01 
 3.942800000000e-09  2.461480883437e-02 
 3.952800000000e-09  1.848601757013e-01 
 3.962800000000e-09  3.214262021583e-01 
 3.972800000000e-09  4.118964427436e-01 
 3.982800000000e-09  4.420942334490e-01 
 3.992800000000e-09  4.095844503915e-01 
 4.002800000000e-09  3.214251291384e-01 
 4.012800000000e-09  1.910028332246e-01 
 4.022800000000e-09  3.483353924926e-02 
 4.032800000000e-09 -1.285245416393e-01 
 4.042800000000e-09 -2.768166750089e-01 
 4.052800000000e-09 -3.864735520418e-01 
 4.062800000000e-09 -4.394907562467e-01 
 4.072800000000e-09 -4.292200474548e-01 
 4.082800000000e-09 -3.598706950819e-01 
 4.092800000000e-09 -2.428406449482e-01 
 4.102800000000e-09 -9.371193434185e-02 
 4.112800000000e-09  6.978111269863e-02 
 4.122800000000e-09  2.266718030182e-01 
 4.132800000000e-09  3.532111888574e-01 
 4.142800000000e-09  4.283935076093e-01 
 4.152800000000e-09  4.411651971783e-01 
 4.162800000000e-09  3.921298908709e-01 
 4.172800000000e-09  2.904555048352e-01 
 4.182800000000e-09  1.507122881124e-01 
 4.192800000000e-09 -1.005930476232e-02 
 4.202800000000e-09 -1.722981889734e-01 
 4.212800000000e-09 -3.128351080933e-01 
 4.222800000000e-09 -4.087120166957e-01 
 4.232800000000e-09 -4.447024248545e-01 
 4.242800000000e-09 -4.173704341025e-01 
 4.252800000000e-09 -3.333251320410e-01 
 4.262800000000e-09 -2.054677603524e-01 
 4.272800000000e-09 -4.994987967464e-02 
 4.282800000000e-09  1.146741345263e-01 
 4.292800000000e-09  2.662854941383e-01 
 4.302800000000e-09  3.810280478302e-01 
 4.312800000000e-09  4.399426589348e-01 
 4.322800000000e-09  4.352796515784e-01 
 4.332800000000e-09  3.704418998055e-01 
 4.342800000000e-09  2.564023476190e-01 
 4.352800000000e-09  1.086377518217e-01 
 4.362800000000e-09 -5.524036436685e-02 
 4.372800000000e-09 -2.145388433365e-01 
 4.382800000000e-09 -3.454625915191e-01 
 4.392800000000e-09 -4.262937295974e-01 
 4.402800000000e-09 -4.448635097901e-01 
 4.412800000000e-09 -4.008469839163e-01 
 4.422800000000e-09 -3.028410952081e-01 
 4.432800000000e-09 -1.651691483974e-01 
 4.442800000000e-09 -4.800680698297e-03 
 4.452800000000e-09  1.589613909169e-01 
 4.462800000000e-09  3.030894402484e-01 
 4.472800000000e-09  4.041921452477e-01 
 4.482800000000e-09  4.460306798713e-01 
 4.492800000000e-09  4.241155810886e-01 
 4.502800000000e-09  3.442988727869e-01 
 4.512800000000e-09  2.191344403771e-01 
 4.522800000000e-09  6.473831117103e-02 
 4.532800000000e-09 -1.005559922362e-01 
 4.542800000000e-09 -2.548963678595e-01 
 4.552800000000e-09 -3.742672363791e-01 
 4.562800000000e-09 -4.388611357844e-01 
 4.572800000000e-09 -4.398284022222e-01 
 4.582800000000e-09 -3.797279684721e-01 
 4.592800000000e-09 -2.690472940936e-01 
 4.602800000000e-09 -1.230882732580e-01 
 4.612800000000e-09  4.066799738648e-02 
 4.622800000000e-09  2.018335231858e-01 
 4.632800000000e-09  3.366693088059e-01 
 4.642800000000e-09  4.228652182988e-01 
 4.652800000000e-09  4.471784654047e-01 
 4.662800000000e-09  4.083224744921e-01 
 4.672800000000e-09  3.142706659488e-01 
 4.682800000000e-09  1.790385288231e-01 
 4.692800000000e-09  1.950419580829e-02 
 4.702800000000e-09 -1.452973108830e-01 
 4.712800000000e-09 -2.925492449898e-01 
 4.722800000000e-09 -3.985464599483e-01 
 4.732800000000e-09 -4.460118616114e-01 
 4.742800000000e-09 -4.294630018834e-01 
 4.752800000000e-09 -3.541087484370e-01 
 4.762800000000e-09 -2.320345768115e-01 
 4.772800000000e-09 -7.921048796178e-02 
 4.782800000000e-09  8.624440336479e-02 
 4.792800000000e-09  2.427964082077e-01 
 4.802800000000e-09  3.663811050539e-01 
 4.812800000000e-09  4.364467389939e-01 
 4.822800000000e-09  4.430533651712e-01 
 4.832800000000e-09  3.878799085091e-01 
 4.842800000000e-09  2.808749336717e-01 
 4.852800000000e-09  1.371015154352e-01 
 4.862800000000e-09 -2.609660964635e-02 
 4.872800000000e-09 -1.886572463306e-01 
 4.882800000000e-09 -3.269806360577e-01 
 4.892800000000e-09 -4.182778467312e-01 
 4.902800000000e-09 -4.482780554030e-01 
 4.912800000000e-09 -4.147029120812e-01 
 4.922800000000e-09 -3.248521906699e-01 
 4.932800000000e-09 -1.923819830851e-01 
 4.942800000000e-09 -3.405413565386e-02 
 4.952800000000e-09  1.313654597865e-01 
 4.962800000000e-09  2.813270099510e-01 
 4.972800000000e-09  3.919166647011e-01 
 4.982800000000e-09  4.449655330914e-01 
 4.992800000000e-09  4.339268369097e-01 
 5.002800000000e-09  3.632086391896e-01 
 5.012800000000e-09  2.444396262179e-01 
 5.022800000000e-09  9.343913034148e-02 
 5.032800000000e-09 -7.187889046148e-02 
 5.042800000000e-09 -2.303195416622e-01 
 5.052800000000e-09 -3.578401431501e-01 
 5.062800000000e-09 -4.332259480456e-01 
 5.072800000000e-09 -4.454609277844e-01 
 5.082800000000e-09 -3.953178775942e-01 
 5.092800000000e-09 -2.921695267155e-01 
 5.102800000000e-09 -1.507985051607e-01 
 5.112800000000e-09  1.158511289796e-02 
 5.122800000000e-09  1.752436641716e-01 
 5.132800000000e-09  3.167671595098e-01 
 5.142800000000e-09  4.129737804093e-01 
 5.152800000000e-09  4.486083539848e-01 
 5.162800000000e-09  4.203780980203e-01 
 5.172800000000e-09  3.350806446748e-01 
 5.182800000000e-09  2.058011684302e-01 
 5.192800000000e-09  4.885524057697e-02 
 5.202800000000e-09 -1.170592748087e-01 
 5.212800000000e-09 -2.696293951452e-01 
 5.222800000000e-09 -3.847864476602e-01 
 5.232800000000e-09 -4.434934735738e-01 
 5.242800000000e-09 -4.381086761072e-01 
 5.252800000000e-09 -3.721985495862e-01 
 5.262800000000e-09 -2.569051345312e-01 
 5.272800000000e-09 -1.078659490251e-01 
 5.282800000000e-09  5.718476840312e-02 
 5.292800000000e-09  2.173983615804e-01 
 5.302800000000e-09  3.487925116297e-01 
 5.312800000000e-09  4.295353839957e-01 
 5.322800000000e-09  4.475219296068e-01 
 5.332800000000e-09  4.025778160497e-01 
 5.342800000000e-09  3.034592000471e-01 
 5.352800000000e-09  1.646389505470e-01 
 5.362800000000e-09  3.202433052959e-03 
 5.372800000000e-09 -1.614252028928e-01 
 5.382800000000e-09 -3.060561386672e-01 
 5.392800000000e-09 -4.071672404788e-01 
 5.402800000000e-09 -4.485351229581e-01 
 5.412800000000e-09 -4.258084539187e-01 
 5.422800000000e-09 -3.449966410461e-01 
 5.432800000000e-09 -2.187891830767e-01 
 5.442800000000e-09 -6.341310511089e-02 
 5.452800000000e-09  1.026975045701e-01 
 5.462800000000e-09  2.575552593139e-01 
 5.472800000000e-09  3.770119041090e-01 
 5.482800000000e-09  4.412377443374e-01 
 5.492800000000e-09  4.414977449818e-01 
 5.502800000000e-09  3.804953874423e-01 
 5.512800000000e-09  2.688509949554e-01 
 5.522800000000e-09  1.219805573266e-01 
 5.532800000000e-09 -4.254933452444e-02 
 5.542800000000e-09 -2.042392709518e-01 
 5.552800000000e-09 -3.392262139039e-01 
 5.562800000000e-09 -4.251448302426e-01 
 5.572800000000e-09 -4.488344272751e-01 
 5.582800000000e-09 -4.091501775664e-01 
 5.592800000000e-09 -3.141987846170e-01 
 5.602800000000e-09 -1.781078743335e-01 
 5.612800000000e-09 -1.783641208262e-02 
 5.622800000000e-09  1.474921963883e-01 
 5.632800000000e-09  2.949484755564e-01 
 5.642800000000e-09  4.007507851161e-01 
 5.652800000000e-09  4.476695641839e-01 
 5.662800000000e-09  4.303572810044e-01 
 5.672800000000e-09  3.541566026700e-01 
 5.682800000000e-09  2.312624460646e-01 
 5.692800000000e-09  7.772594118653e-02 
 5.702800000000e-09 -8.826104084239e-02 
 5.712800000000e-09 -2.450642762445e-01 
 5.722800000000e-09 -3.685331770392e-01 
 5.732800000000e-09 -4.381273246115e-01 
 5.742800000000e-09 -4.440269423714e-01 
 5.752800000000e-09 -3.880460153295e-01 
 5.762800000000e-09 -2.802457164878e-01 
 5.772800000000e-09 -1.357759944942e-01 
 5.782800000000e-09  2.795808690495e-02 
 5.792800000000e-09  1.908097661454e-01 
 5.802800000000e-09  3.290915741486e-01 
 5.812800000000e-09  4.199936389277e-01 
 5.822800000000e-09  4.493389679359e-01 
 5.832800000000e-09  4.149875918382e-01 
 5.842800000000e-09  3.243589229666e-01 
 5.852800000000e-09  1.911996625825e-01 
 5.862800000000e-09  3.233054756256e-02 
 5.872800000000e-09 -1.334155866213e-01 
 5.882800000000e-09 -2.834035773157e-01 
 5.892800000000e-09 -3.936746658573e-01 
 5.902800000000e-09 -4.461245831512e-01 
 5.912800000000e-09 -4.343421753636e-01 
 5.922800000000e-09 -3.628604828776e-01 
 5.932800000000e-09 -2.434019397780e-01 
 5.942800000000e-09 -9.184800928639e-02 
 5.952800000000e-09  7.383282820507e-02 
 5.962800000000e-09  2.323661075658e-01 
 5.972800000000e-09  3.596494838217e-01 
 5.982800000000e-09  4.344987031244e-01 
 5.992800000000e-09  4.460218053803e-01 
 6.002800000000e-09  3.951225604872e-01 
 6.012800000000e-09  2.912755302254e-01 
 6.022800000000e-09  1.493347527257e-01 
 6.032800000000e-09 -1.344421978230e-02 
 6.042800000000e-09 -1.772561939717e-01 
 6.052800000000e-09 -3.186240592881e-01 
 6.062800000000e-09 -4.143639469231e-01 
 6.072800000000e-09 -4.493211962944e-01 
 6.082800000000e-09 -4.203409187423e-01 
 6.092800000000e-09 -3.343379532786e-01 
 6.102800000000e-09 -2.044724557301e-01 
 6.112800000000e-09 -4.709934552092e-02 
 6.122800000000e-09  1.190271191438e-01 
 6.132800000000e-09  2.715234926732e-01 
 6.142800000000e-09  3.862927972761e-01 
 6.152800000000e-09  4.443710744911e-01 
 6.162800000000e-09  4.382529481549e-01 
 6.172800000000e-09  3.716256082240e-01 
 6.182800000000e-09  2.557166208881e-01 
 6.192800000000e-09  1.062153374515e-01 
 6.202800000000e-09 -5.910189260066e-02 
 6.212800000000e-09 -2.193198724700e-01 
 6.222800000000e-09 -3.504105675050e-01 
 6.232800000000e-09 -4.305815131119e-01 
 6.242800000000e-09 -4.478532108344e-01 
 6.252800000000e-09 -4.021810447415e-01 
 6.262800000000e-09 -3.024178909047e-01 
 6.272800000000e-09 -1.630998409793e-01 
 6.282800000000e-09 -1.347490640367e-03 
 6.292800000000e-09  1.633578370723e-01 
 6.302800000000e-09  3.077723266332e-01 
 6.312800000000e-09  4.083792917597e-01 
 6.322800000000e-09  4.490580049503e-01 
 6.332800000000e-09  4.255955126859e-01 
 6.342800000000e-09  3.441157766163e-01 
 6.352800000000e-09  2.173771294495e-01 
 6.362800000000e-09  6.163865540663e-02 
 6.372800000000e-09 -1.046196041528e-01 
 6.382800000000e-09 -2.593489125044e-01 
 6.392800000000e-09 -3.783808380224e-01 
 6.402800000000e-09 -4.419616362335e-01 
 6.412800000000e-09 -4.414931726759e-01 
 6.422800000000e-09 -3.797981947679e-01 
 6.432800000000e-09 -2.675787316524e-01 
 6.442800000000e-09 -1.202975580568e-01 
 6.452800000000e-09  4.444531358872e-02 
 6.462800000000e-09  2.060924485587e-01 
 6.472800000000e-09  3.407420802189e-01 
 6.482800000000e-09  4.260709519734e-01 
 6.492800000000e-09  4.490436982104e-01 
 6.502800000000e-09  4.086456316641e-01 
 6.512800000000e-09  3.130785545962e-01 
 6.522800000000e-09  1.765292715601e-01 
 6.532800000000e-09  1.598559254196e-02 
 6.542800000000e-09 -1.493810114290e-01 
 6.552800000000e-09 -2.965908978553e-01 
 6.562800000000e-09 -4.018715445729e-01 
 6.572800000000e-09 -4.480985170269e-01 
 6.582800000000e-09 -4.300612392114e-01 
 6.592800000000e-09 -3.532112697120e-01 
 6.602800000000e-09 -2.298118704964e-01 
 6.612800000000e-09 -7.594497326852e-02 
 6.622800000000e-09  9.015929779530e-02 
 6.632800000000e-09  2.468105908365e-01 
 6.642800000000e-09  3.698406855943e-01 
 6.652800000000e-09  4.387839100273e-01 
 6.662800000000e-09  4.439571670259e-01 
 6.672800000000e-09  3.872941773327e-01 
 6.682800000000e-09  2.789370409046e-01 
 6.692800000000e-09  1.340809574514e-01 
 6.702800000000e-09 -2.984141801039e-02 
 6.712800000000e-09 -1.926310280471e-01 
 6.722800000000e-09 -3.305642341148e-01 
 6.732800000000e-09 -4.208715824626e-01 
 6.742800000000e-09 -4.494995202186e-01 
 6.752800000000e-09 -4.144396919050e-01 
 6.762800000000e-09 -3.232073833255e-01 
 6.772800000000e-09 -1.896071605135e-01 
 6.782800000000e-09 -3.048522642804e-02 
 6.792800000000e-09  1.352835164759e-01 
 6.802800000000e-09  2.850163037052e-01 
 6.812800000000e-09  3.947623194654e-01 
 6.822800000000e-09  4.465197252052e-01 
 6.832800000000e-09  4.340151643708e-01 
 6.842800000000e-09  3.618911269792e-01 
 6.852800000000e-09  2.419381663877e-01 
 6.862800000000e-09  9.006824702882e-02 
 6.872800000000e-09 -7.571767499576e-02 
 6.882800000000e-09 -2.340924117418e-01 
 6.892800000000e-09 -3.609357097694e-01 
 6.902800000000e-09 -4.351344330442e-01 
 6.912800000000e-09 -4.459323382816e-01 
 6.922800000000e-09 -3.943544065834e-01 
 6.932800000000e-09 -2.899570474689e-01 
 6.942800000000e-09 -1.476398101531e-01 
 6.952800000000e-09  1.531816780748e-02 
 6.962800000000e-09  1.790638232567e-01 
 6.972800000000e-09  3.200842131955e-01 
 6.982800000000e-09  4.152319260162e-01 
 6.992800000000e-09  4.494726261293e-01 
 7.002800000000e-09  4.197849492740e-01 
 7.012800000000e-09  3.329685867161e-01 
 7.022800000000e-09  2.024243737120e-01 
 7.032800000000e-09  4.485173939461e-02 
 7.042800000000e-09 -1.211489142573e-01 
 7.052800000000e-09 -2.732093941546e-01 
 7.062800000000e-09 -3.872596041079e-01 
 7.072800000000e-09 -4.444724995108e-01 
 7.082800000000e-09 -4.375064986546e-01 
 7.092800000000e-09 -3.701754670959e-01 
 7.102800000000e-09 -2.537745060661e-01 
 7.112800000000e-09 -1.040176450023e-01 
 7.122800000000e-09  6.129921525282e-02 
 7.132800000000e-09  2.212119143416e-01 
 7.142800000000e-09  3.516906696245e-01 
 7.152800000000e-09  4.310388770797e-01 
 7.162800000000e-09  4.474439092194e-01 
 7.172800000000e-09  4.010014153334e-01 
 7.182800000000e-09  3.006558335479e-01 
 7.192800000000e-09  1.609849912228e-01 
 7.202800000000e-09 -8.753141059459e-04 
 7.212800000000e-09 -1.654025254409e-01 
 7.222800000000e-09 -3.093224627191e-01 
 7.232800000000e-09 -4.091750389450e-01 
 7.242800000000e-09 -4.489859724309e-01 
 7.252800000000e-09 -4.247026066228e-01 
 7.262800000000e-09 -3.425648326015e-01 
 7.272800000000e-09 -2.153886548830e-01 
 7.282800000000e-09 -5.944209659145e-02 
 7.292800000000e-09  1.067585767601e-01 
 7.302800000000e-09  2.611201712355e-01 
 7.312800000000e-09  3.794888393675e-01 
 7.322800000000e-09  4.422328951451e-01 
 7.332800000000e-09  4.409182781442e-01 
 7.342800000000e-09  3.784971067162e-01 
 7.352800000000e-09  2.657472773885e-01 
 7.362800000000e-09  1.181630566813e-01 
 7.372800000000e-09 -4.663479512532e-02 
 7.382800000000e-09 -2.080390773318e-01 
 7.392800000000e-09 -3.421335592226e-01 
 7.402800000000e-09 -4.266764114277e-01 
 7.412800000000e-09 -4.487919326458e-01 
 7.422800000000e-09 -4.076105211738e-01 
 7.432800000000e-09 -3.114309362583e-01 
 7.442800000000e-09 -1.744894557137e-01 
 7.452800000000e-09 -1.379031760565e-02 
 7.462800000000e-09  1.514533424853e-01 
 7.472800000000e-09  2.982250230547e-01 
 7.482800000000e-09  4.027929640858e-01 
 7.492800000000e-09  4.482611877136e-01 
 7.502800000000e-09  4.295078894820e-01 
 7.512800000000e-09  3.519590910769e-01 
 7.522800000000e-09  2.280097454589e-01 
 7.532800000000e-09  7.381341748552e-02 
 7.542800000000e-09 -9.236530939179e-02 
 7.552800000000e-09 -2.487771104484e-01 
 7.562800000000e-09 -3.712433247768e-01 
 7.572800000000e-09 -4.393966714356e-01 
 7.582800000000e-09 -4.437161914939e-01 
 7.592800000000e-09 -3.862736881713e-01 
 7.602800000000e-09 -2.773005529403e-01 
 7.612800000000e-09 -1.320388646813e-01 
 7.622800000000e-09  3.205141215793e-02 
 7.632800000000e-09  1.947139696166e-01 
 7.642800000000e-09  3.321912370312e-01 
 7.652800000000e-09  4.217708399680e-01 
 7.662800000000e-09  4.495490504305e-01 
 7.672800000000e-09  4.136699775342e-01 
 7.682800000000e-09  3.217574990843e-01 
 7.692800000000e-09  1.876785465062e-01 
 7.702800000000e-09  2.830450451433e-02 
 7.712800000000e-09 -1.374438979360e-01 
 7.722800000000e-09 -2.868336372752e-01 
 7.732800000000e-09 -3.959321786962e-01 
 7.742800000000e-09 -4.468637942243e-01 
 7.752800000000e-09 -4.335169042375e-01 
 7.762800000000e-09 -3.606593426985e-01 
 7.772800000000e-09 -2.401575225203e-01 
 7.782800000000e-09 -8.795385173903e-02 
 7.792800000000e-09  7.791520047494e-02 
 7.802800000000e-09  2.360647570613e-01 
 7.812800000000e-09  3.623602136073e-01 
 7.822800000000e-09  4.357789262101e-01 
 7.832800000000e-09  4.457253980393e-01 
 7.842800000000e-09  3.933648899747e-01 
 7.852800000000e-09  2.883461488416e-01 
 7.862800000000e-09  1.456179288499e-01 
 7.872800000000e-09 -1.751609952902e-02 
 7.882800000000e-09 -1.811492147749e-01 
 7.892800000000e-09 -3.217316709865e-01 
 7.902800000000e-09 -4.161653896258e-01 
 7.912800000000e-09 -4.495606550575e-01 
 7.922800000000e-09 -4.190513660985e-01 
 7.932800000000e-09 -3.315492345088e-01 
 7.942800000000e-09 -2.005195492662e-01 
 7.952800000000e-09 -4.268664280924e-02 
 7.962800000000e-09  1.233074420120e-01 
 7.972800000000e-09  2.750434787193e-01 
 7.982800000000e-09  3.884628692774e-01 
 7.992800000000e-09  4.448580656588e-01 
 8.002800000000e-09  4.370497656629e-01 
 8.012800000000e-09  3.689797372072e-01 
 8.022800000000e-09  2.520213435025e-01 
 8.032800000000e-09  1.019222979157e-01 
 8.042800000000e-09 -6.349040111585e-02 
 8.052800000000e-09 -2.231961312657e-01 
 8.062800000000e-09 -3.531463256660e-01 
 8.072800000000e-09 -4.317264857418e-01 
 8.082800000000e-09 -4.472823024656e-01 
 8.092800000000e-09 -4.000524711842e-01 
 8.102800000000e-09 -2.990771945486e-01 
 8.112800000000e-09 -1.589863109911e-01 
 8.122800000000e-09  3.061793337157e-03 
 8.132800000000e-09  1.674942599247e-01 
 8.142800000000e-09  3.109972194714e-01 
 8.152800000000e-09  4.101516792692e-01 
 8.162800000000e-09  4.491221302000e-01 
 8.172800000000e-09  4.240138048846e-01 
 8.182800000000e-09  3.411872077560e-01 
 8.192800000000e-09  2.135214207873e-01 
 8.202800000000e-09  5.730270098233e-02 
 8.212800000000e-09 -1.089110951516e-01 
 8.222800000000e-09 -2.629734433393e-01 
 8.232800000000e-09 -3.807347031294e-01 
 8.242800000000e-09 -4.426743979263e-01 
 8.252800000000e-09 -4.405202843472e-01 
 8.262800000000e-09 -3.773547240298e-01 
 8.272800000000e-09 -2.640368637364e-01 
 8.282800000000e-09 -1.160983600906e-01 
 8.292800000000e-09  4.881254400749e-02 
 8.302800000000e-09  2.100337565752e-01 
 8.312800000000e-09  3.436252659948e-01 
 8.322800000000e-09  4.274178258796e-01 
 8.332800000000e-09  4.486899919231e-01 
 8.342800000000e-09  4.067178622962e-01 
 8.352800000000e-09  3.098995609954e-01 
 8.362800000000e-09  1.725264288720e-01 
 8.372800000000e-09  1.162422849850e-02 
 8.382800000000e-09 -1.535469885947e-01 
 8.392800000000e-09 -2.999281146422e-01 
 8.402800000000e-09 -4.038194611751e-01 
 8.412800000000e-09 -4.484566153991e-01 
 8.422800000000e-09 -4.288774262114e-01 
 8.432800000000e-09 -3.506320883522e-01 
 8.442800000000e-09 -2.261812598694e-01 
 8.452800000000e-09 -7.169933784974e-02 
 8.462800000000e-09  9.451192915016e-02 
 8.472800000000e-09  2.506493763659e-01 
 8.482800000000e-09  3.725318574998e-01 
 8.492800000000e-09  4.398946964514e-01 
 8.502800000000e-09  4.433775900888e-01 
 8.512800000000e-09  3.851851216589e-01 
 8.522800000000e-09  2.756330841453e-01 
 8.532800000000e-09  1.300046709378e-01 
 8.542800000000e-09 -3.421570585789e-02 
 8.552800000000e-09 -1.967188115942e-01 
 8.562800000000e-09 -3.337188045496e-01 
 8.572800000000e-09 -4.225663747474e-01 
 8.582800000000e-09 -4.495072849960e-01 
 8.592800000000e-09 -4.128340169474e-01 
 8.602800000000e-09 -3.202736221259e-01 
 8.612800000000e-09 -1.857509319557e-01 
 8.622800000000e-09 -2.615863094430e-02 
 8.632800000000e-09  1.395392053609e-01 
 8.642800000000e-09  2.885644572690e-01 
 8.652800000000e-09  3.970081596510e-01 
 8.662800000000e-09  4.471225453836e-01 
 8.672800000000e-09  4.329540346458e-01 
 8.682800000000e-09  3.593914638038e-01 
 8.692800000000e-09  2.383724679452e-01 
 8.702800000000e-09  8.586602800528e-02 
 8.712800000000e-09 -8.005828900559e-02 
 8.722800000000e-09 -2.379614063318e-01 
 8.732800000000e-09 -3.636995118625e-01 
 8.742800000000e-09 -4.363431929793e-01 
 8.752800000000e-09 -4.454556194583e-01 
 8.762800000000e-09 -3.923377885627e-01 
 8.772800000000e-09 -2.867265669989e-01 
 8.782800000000e-09 -1.436158398101e-01 
 8.792800000000e-09  1.966829455197e-02 
 8.802800000000e-09  1.831682171908e-01 
 8.812800000000e-09  3.233014565492e-01 
 8.822800000000e-09  4.170230906144e-01 
 8.832800000000e-09  4.495872676931e-01 
 8.842800000000e-09  4.182790444990e-01 
 8.852800000000e-09  3.301176107260e-01 
 8.862800000000e-09  1.986291469541e-01 
 8.872800000000e-09  4.056017308745e-02 
 8.882800000000e-09 -1.254073441347e-01 
 8.892800000000e-09 -2.768067133627e-01 
 8.902800000000e-09 -3.895945306218e-01 
 8.912800000000e-09 -4.451834431598e-01 
 8.922800000000e-09 -4.365528361286e-01 
 8.932800000000e-09 -3.677683184220e-01 
 8.942800000000e-09 -2.502778022877e-01 
 8.952800000000e-09 -9.985964957910e-02 
 8.962800000000e-09  6.562957435977e-02 
 8.972800000000e-09  2.251153486004e-01 
 8.982800000000e-09  3.545338856505e-01 
 8.992800000000e-09  4.323545279326e-01 
 9.002800000000e-09  4.470789430398e-01 
 9.012800000000e-09  3.990846321925e-01 
 9.022800000000e-09  2.975037886059e-01 
 9.032800000000e-09  1.570151119391e-01 
 9.042800000000e-09 -5.201986434564e-03 
 9.052800000000e-09 -1.695262083984e-01 
 9.062800000000e-09 -3.126070553210e-01 
 9.072800000000e-09 -4.110692042419e-01 
 9.082800000000e-09 -4.492148498726e-01 
 9.092800000000e-09 -4.233030176315e-01 
 9.102800000000e-09 -3.398106867885e-01 
 9.112800000000e-09 -2.116770668135e-01 
 9.122800000000e-09 -5.520459140937e-02 
 9.132800000000e-09  1.110084948822e-01 
 9.142800000000e-09  2.647649761887e-01 
 9.152800000000e-09  3.819221039526e-01 
 9.162800000000e-09  4.430706848387e-01 
 9.172800000000e-09  4.400967748537e-01 
 9.182800000000e-09  3.762090838885e-01 
 9.192800000000e-09  2.623447638946e-01 
 9.202800000000e-09  1.140703584345e-01 
 9.212800000000e-09 -5.093943533596e-02 
 9.222800000000e-09 -2.119695633810e-01 
 9.232800000000e-09 -3.450588866800e-01 
 9.242800000000e-09 -4.281118676163e-01 
 9.252800000000e-09 -4.485588700367e-01 
 9.262800000000e-09 -4.058175714085e-01 
 9.272800000000e-09 -3.083819255077e-01 
 9.282800000000e-09 -1.705957178281e-01 
 9.292800000000e-09 -9.504999644733e-03 
 9.302800000000e-09  1.555845649926e-01 
 9.312800000000e-09  3.015736854535e-01 
 9.322800000000e-09  4.047966029531e-01 
 9.332800000000e-09  4.486192260463e-01 
 9.342800000000e-09  4.282349832927e-01 
 9.352800000000e-09  3.493142898045e-01 
 9.362800000000e-09  2.243808907788e-01 
 9.372800000000e-09  6.962831480591e-02 
 9.382800000000e-09 -9.660535267183e-02 
 9.392800000000e-09 -2.524651740795e-01 
 9.402800000000e-09 -3.737695886620e-01 
 9.412800000000e-09 -4.403562769605e-01 
 9.422800000000e-09 -4.430221409230e-01 
 9.432800000000e-09 -3.841007154086e-01 
 9.442800000000e-09 -2.739891789329e-01 
 9.452800000000e-09 -1.280096598682e-01 
 9.462800000000e-09  3.632971793678e-02 
 9.472800000000e-09  1.986682860477e-01 
 9.482800000000e-09  3.351940616201e-01 
 9.492800000000e-09  4.233215827125e-01 
 9.502800000000e-09  4.494436529637e-01 
 9.512800000000e-09  4.119970364134e-01 
 9.522800000000e-09  3.188085330659e-01 
 9.532800000000e-09  1.838585535970e-01 
 9.542800000000e-09  2.406002756691e-02 
 9.552800000000e-09 -1.415805592388e-01 
 9.562800000000e-09 -2.902420131848e-01 
 9.572800000000e-09 -3.980403894176e-01 
 9.582800000000e-09 -4.473543957282e-01 
 9.592800000000e-09 -4.323845275294e-01 
 9.602800000000e-09 -3.581370795982e-01 
 9.612800000000e-09 -2.366183567824e-01 
 9.622800000000e-09 -8.382224607799e-02 
 9.632800000000e-09  8.214916712493e-02 
 9.642800000000e-09  2.398043189160e-01 
 9.652800000000e-09  3.649919261859e-01 
 9.662800000000e-09  4.368754653614e-01 
 9.672800000000e-09  4.451734177492e-01 
 9.682800000000e-09  3.913186817111e-01 
 9.692800000000e-09  2.851332948544e-01 
 9.702800000000e-09  1.416542625354e-01 
 9.712800000000e-09 -2.177048750387e-02 
 9.722800000000e-09 -1.851336340127e-01 
 9.732800000000e-09 -3.248218268971e-01 
 9.742800000000e-09 -4.178439473093e-01 
 9.752800000000e-09 -4.495956404956e-01 
 9.762800000000e-09 -4.175090231182e-01 
 9.772800000000e-09 -3.287073428570e-01 
 9.782800000000e-09 -1.967754968906e-01 
 9.792800000000e-09 -3.848119611319e-02 
 9.802800000000e-09  1.274543630013e-01 
 9.812800000000e-09  2.785188017350e-01 
 9.822800000000e-09  3.906851616967e-01 
 9.832800000000e-09  4.454848416753e-01 
 9.842800000000e-09  4.360520424713e-01 
 9.852800000000e-09  3.665726797267e-01 
 9.862800000000e-09  2.485667136611e-01 
 9.872800000000e-09  9.784154835836e-02 
 9.882800000000e-09 -6.771711283516e-02 
 9.892800000000e-09 -2.269823103469e-01 
 9.902800000000e-09 -3.558765870444e-01 
 9.912800000000e-09 -4.329528034002e-01 
 9.922800000000e-09 -4.468653709892e-01 
 9.932800000000e-09 -3.981267200026e-01 
 9.942800000000e-09 -2.959580756457e-01 
 9.952800000000e-09 -1.550850776015e-01 
 9.962800000000e-09  7.292383527618e-03 
 9.972800000000e-09  1.715055399982e-01 
 9.982800000000e-09  3.141689486076e-01 
 9.992800000000e-09  4.119515657149e-01 
 1.000000000000e-08  4.453651972323e-01 
