 1.628000000000e-10  2.200336101889e-02 
 1.728000000000e-10  1.218365384001e-02 
 1.828000000000e-10  6.399305200322e-04 
 1.928000000000e-10 -1.131800586569e-02 
 2.028000000000e-10 -2.228854937193e-02 
 2.128000000000e-10 -3.094404973725e-02 
 2.228000000000e-10 -3.619330103135e-02 
 2.328000000000e-10 -3.731743218742e-02 
 2.428000000000e-10 -3.406862778345e-02 
 2.528000000000e-10 -2.670790499869e-02 
 2.628000000000e-10 -1.598974888264e-02 
 2.728000000000e-10 -3.081161597574e-03 
 2.828000000000e-10  1.056031092811e-02 
 2.928000000000e-10  2.334806126915e-02 
 3.028000000000e-10  3.374722146295e-02 
 3.128000000000e-10  4.046132857287e-02 
 3.228000000000e-10  4.259254719586e-02 
 3.328000000000e-10  3.976203078495e-02 
 3.428000000000e-10  3.216522516573e-02 
 3.528000000000e-10  2.056052944994e-02 
 3.628000000000e-10  6.196193319992e-03 
 3.728000000000e-10 -9.315287965730e-03 
 3.828000000000e-10 -2.417762323130e-02 
 3.928000000000e-10 -3.661314354901e-02 
 4.028000000000e-10 -4.507864040157e-02 
 4.128000000000e-10 -4.845897388072e-02 
 4.228000000000e-10 -4.621427874183e-02 
 4.328000000000e-10 -3.845606019872e-02 
 4.428000000000e-10 -2.594786941000e-02 
 4.528000000000e-10 -1.002730514636e-02 
 4.628000000000e-10  7.530678567337e-03 
 4.728000000000e-10  2.470547590343e-02 
 4.828000000000e-10  3.945682121937e-02 
 4.928000000000e-10  4.996905964224e-02 
 5.028000000000e-10  5.487796008681e-02 
 5.128000000000e-10  5.344942467587e-02 
 5.228000000000e-10  4.567965928676e-02 
 5.328000000000e-10  3.231001326940e-02 
 5.428000000000e-10  1.475402225341e-02 
 5.528000000000e-10 -5.045797829492e-03 
 5.628000000000e-10 -2.482295609869e-02 
 5.728000000000e-10 -4.223758597157e-02 
 5.828000000000e-10 -5.515530442105e-02 
 5.928000000000e-10 -6.191575409472e-02 
 6.028000000000e-10 -6.155168799108e-02 
 6.128000000000e-10 -5.391898923667e-02 
 6.228000000000e-10 -3.972493383284e-02 
 6.328000000000e-10 -2.045702512890e-02 
 6.428000000000e-10  1.767853068571e-03 
 6.528000000000e-10  2.442278054421e-02 
 6.628000000000e-10  4.484442897269e-02 
 6.728000000000e-10  6.054567556921e-02 
 6.828000000000e-10  6.952799895151e-02 
 6.928000000000e-10  7.054565972514e-02 
 7.028000000000e-10  6.327229714502e-02 
 7.128000000000e-10  4.834986993565e-02 
 7.228000000000e-10  2.732318139028e-02 
 7.328000000000e-10  2.483513788309e-03 
 7.428000000000e-10 -2.336329761611e-02 
 7.528000000000e-10 -4.719370840904e-02 
 7.628000000000e-10 -6.611702233832e-02 
 7.728000000000e-10 -7.774025237806e-02 
 7.828000000000e-10 -8.048841344121e-02 
 7.928000000000e-10 -7.381468406744e-02 
 8.028000000000e-10 -5.827307112778e-02 
 8.128000000000e-10 -3.545705530922e-02 
 8.228000000000e-10 -7.833624204402e-03 
 8.328000000000e-10  2.150114827842e-02 
 8.428000000000e-10  4.913892226489e-02 
 8.528000000000e-10  7.174517686056e-02 
 8.628000000000e-10  8.647895975113e-02 
 8.728000000000e-10  9.137678301761e-02 
 8.828000000000e-10  8.561919470426e-02 
 8.928000000000e-10  6.963404411371e-02 
 9.028000000000e-10  4.504048716268e-02 
 9.128000000000e-10  1.447572820367e-02 
 9.228000000000e-10 -1.866157279172e-02 
 9.328000000000e-10 -5.054588472428e-02 
 9.428000000000e-10 -7.734653815404e-02 
 9.528000000000e-10 -9.570929627022e-02 
 9.628000000000e-10 -1.032173147501e-01 
 9.728000000000e-10 -9.872575871053e-02 
 9.828000000000e-10 -8.250250280800e-02 
 9.928000000000e-10 -5.617629752658e-02 
 1.002800000000e-09 -2.254948191345e-02 
 1.012800000000e-09  1.467227449831e-02 
 1.022800000000e-09  5.122695034783e-02 
 1.032800000000e-09  8.274678292325e-02 
 1.042800000000e-09  1.053019791588e-01 
 1.052800000000e-09  1.159495945843e-01 
 1.062800000000e-09  1.131523236628e-01 
 1.072800000000e-09  9.696935876618e-02 
 1.082800000000e-09  6.901150467289e-02 
 1.092800000000e-09  3.223557552928e-02 
 1.102800000000e-09 -9.342522718710e-03 
 1.112800000000e-09 -5.100296541751e-02 
 1.122800000000e-09 -8.779454467142e-02 
 1.132800000000e-09 -1.151420405867e-01 
 1.142800000000e-09 -1.294972564216e-01 
 1.152800000000e-09 -1.288614758883e-01 
 1.162800000000e-09 -1.130393189319e-01 
 1.172800000000e-09 -8.360093922766e-02 
 1.182800000000e-09 -4.364772456728e-02 
 1.192800000000e-09  2.499053992913e-03 
 1.202800000000e-09  4.965582698002e-02 
 1.212800000000e-09  9.225696416976e-02 
 1.222800000000e-09  1.250187422021e-01 
 1.232800000000e-09  1.437032860427e-01 
 1.242800000000e-09  1.457681658485e-01 
 1.252800000000e-09  1.307023655131e-01 
 1.262800000000e-09  1.000027164393e-01 
 1.272800000000e-09  5.690280497116e-02 
 1.282800000000e-09  6.023184292801e-03 
 1.292800000000e-09 -4.698649594502e-02 
 1.302800000000e-09 -9.591897368703e-02 
 1.312800000000e-09 -1.347195092773e-01 
 1.322800000000e-09 -1.583736273029e-01 
 1.332800000000e-09 -1.637088008859e-01 
 1.342800000000e-09 -1.498386648131e-01 
 1.352800000000e-09 -1.181589251212e-01 
 1.362800000000e-09 -7.202394276586e-02 
 1.372800000000e-09 -1.634163396392e-02 
 1.382800000000e-09  4.278651789374e-02 
 1.392800000000e-09  9.850620020655e-02 
 1.402800000000e-09  1.439445602455e-01 
 1.412800000000e-09  1.732252900651e-01 
 1.422800000000e-09  1.824503859186e-01 
 1.432800000000e-09  1.702823208243e-01 
 1.442800000000e-09  1.379761209473e-01 
 1.452800000000e-09  8.899614591931e-02 
 1.462800000000e-09  2.852810559036e-02 
 1.472800000000e-09 -3.689458036439e-02 
 1.482800000000e-09 -9.977837772485e-02 
 1.492800000000e-09 -1.523978159932e-01 
 1.502800000000e-09 -1.879364661470e-01 
 1.512800000000e-09 -2.016766850711e-01 
 1.522800000000e-09 -1.917521771823e-01 
 1.532800000000e-09 -1.592360072797e-01 
 1.542800000000e-09 -1.076924320646e-01 
 1.552800000000e-09 -4.257529282994e-02 
 1.562800000000e-09  2.918207008146e-02 
 1.572800000000e-09  9.948029819208e-02 
 1.582800000000e-09  1.597334126561e-01 
 1.592800000000e-09  2.021208551210e-01 
 1.602800000000e-09  2.210092288745e-01 
 1.612800000000e-09  2.139133396320e-01 
 1.622800000000e-09  1.816689563227e-01 
 1.632800000000e-09  1.279259039877e-01 
 1.642800000000e-09  5.840272419658e-02 
 1.652800000000e-09 -1.959900062168e-02 
 1.662800000000e-09 -9.742374680799e-02 
 1.672800000000e-09 -1.656415715210e-01 
 1.682800000000e-09 -2.153841210496e-01 
 1.692800000000e-09 -2.400168132443e-01 
 1.702800000000e-09 -2.363456826922e-01 
 1.712800000000e-09 -2.049063839067e-01 
 1.722800000000e-09 -1.494120372894e-01 
 1.732800000000e-09 -7.584415452288e-02 
 1.742800000000e-09  8.159817278464e-03 
 1.752800000000e-09  9.345760175533e-02 
 1.762800000000e-09  1.698243549041e-01 
 1.772800000000e-09  2.273266542661e-01 
 1.782800000000e-09  2.582545647881e-01 
 1.792800000000e-09  2.586111147643e-01 
 1.802800000000e-09  2.285549457058e-01 
 1.812800000000e-09  1.718261299351e-01 
 1.822800000000e-09  9.466872487997e-02 
 1.832800000000e-09  5.034112473883e-03 
 1.842800000000e-09 -8.752414021156e-02 
 1.852800000000e-09 -1.720622649240e-01 
 1.862800000000e-09 -2.375960186464e-01 
 1.872800000000e-09 -2.752860933386e-01 
 1.882800000000e-09 -2.802444013171e-01 
 1.892800000000e-09 -2.521739484806e-01 
 1.902800000000e-09 -1.947900416213e-01 
 1.912800000000e-09 -1.145893929758e-01 
 1.922800000000e-09 -1.982201726079e-02 
 1.932800000000e-09  7.962542313269e-02 
 1.942800000000e-09  1.721925708855e-01 
 1.952800000000e-09  2.458914041195e-01 
 1.962800000000e-09  2.907200841051e-01 
 1.972800000000e-09  3.008143030860e-01 
 1.982800000000e-09  2.753388925672e-01 
 1.992800000000e-09  2.179208013114e-01 
 2.002800000000e-09  1.352869230226e-01 
 2.012800000000e-09  3.597884433968e-02 
 2.022800000000e-09 -6.985195885951e-02 
 2.032800000000e-09 -1.701462111141e-01 
 2.042800000000e-09 -2.519913662247e-01 
 2.052800000000e-09 -3.042185815707e-01 
 2.062800000000e-09 -3.199160295965e-01 
 2.072800000000e-09 -2.976296621293e-01 
 2.082800000000e-09 -2.408278910371e-01 
 2.092800000000e-09 -1.564263460891e-01 
 2.102800000000e-09 -5.324999439232e-02 
 2.112800000000e-09  5.834212494775e-02 
 2.122800000000e-09  1.659179493261e-01 
 2.132800000000e-09  2.557486429997e-01 
 2.142800000000e-09  3.155217984342e-01 
 2.152800000000e-09  3.372202953876e-01 
 2.162800000000e-09  3.186875637254e-01 
 2.172800000000e-09  2.631590924616e-01 
 2.182800000000e-09  1.776821637945e-01 
 2.192800000000e-09  7.135598570716e-02 
 2.202800000000e-09 -4.529437260339e-02 
 2.212800000000e-09 -1.595864437555e-01 
 2.222800000000e-09 -2.571060580380e-01 
 2.232800000000e-09 -3.244509539426e-01 
 2.242800000000e-09 -3.524654453400e-01 
 2.252800000000e-09 -3.382111717531e-01 
 2.262800000000e-09 -2.846078184689e-01 
 2.272800000000e-09 -1.987606261410e-01 
 2.282800000000e-09 -9.002857112373e-02 
 2.292800000000e-09  3.092600640451e-02 
 2.302800000000e-09  1.512824680876e-01 
 2.312800000000e-09  2.560856564874e-01 
 2.322800000000e-09  3.309264051010e-01 
 2.332800000000e-09  3.654960194582e-01 
 2.342800000000e-09  3.559963401770e-01 
 2.352800000000e-09  3.049436592714e-01 
 2.362800000000e-09  2.194176645990e-01 
 2.372800000000e-09  1.090148913436e-01 
 2.382800000000e-09 -1.547774419288e-02 
 2.392800000000e-09 -1.411955941250e-01 
 2.402800000000e-09 -2.527918950736e-01 
 2.412800000000e-09 -3.349563084461e-01 
 2.422800000000e-09 -3.762377934533e-01 
 2.432800000000e-09 -3.719104363538e-01 
 2.442800000000e-09 -3.239982635953e-01 
 2.452800000000e-09 -2.394652570829e-01 
 2.462800000000e-09 -1.281030642449e-01 
 2.472800000000e-09 -8.251696533228e-04 
 2.482800000000e-09  1.295337451771e-01 
 2.492800000000e-09  2.473807351948e-01 
 2.502800000000e-09  3.366250872614e-01 
 2.512800000000e-09  3.847036957621e-01 
 2.522800000000e-09  3.859090640720e-01 
 2.532800000000e-09  3.416751588372e-01 
 2.542800000000e-09  2.587647233867e-01 
 2.552800000000e-09  1.471128819831e-01 
 2.562800000000e-09  1.776575738020e-02 
 2.572800000000e-09 -1.165220632872e-01 
 2.582800000000e-09 -2.400467748244e-01 
 2.592800000000e-09 -3.360677341765e-01 
 2.602800000000e-09 -3.909605678052e-01 
 2.612800000000e-09 -3.979892331475e-01 
 2.622800000000e-09 -3.579205986126e-01 
 2.632800000000e-09 -2.772275777233e-01 
 2.642800000000e-09 -1.659090585323e-01 
 2.652800000000e-09 -3.516046083855e-02 
 2.662800000000e-09  1.023726009509e-01 
 2.672800000000e-09  2.309958508315e-01 
 2.682800000000e-09  3.334515555110e-01 
 2.692800000000e-09  3.951205007261e-01 
 2.702800000000e-09  4.082031625972e-01 
 2.712800000000e-09  3.727284441132e-01 
 2.722800000000e-09  2.947951781821e-01 
 2.732800000000e-09  1.843822837525e-01 
 2.742800000000e-09  5.284493847189e-02 
 2.752800000000e-09 -8.728865558533e-02 
 2.762800000000e-09 -2.204362757386e-01 
 2.772800000000e-09 -3.289550651049e-01 
 2.782800000000e-09 -3.973097957181e-01 
 2.792800000000e-09 -4.166179877755e-01 
 2.802800000000e-09 -3.861111344025e-01 
 2.812800000000e-09 -3.114301575963e-01 
 2.822800000000e-09 -2.024501434851e-01 
 2.832800000000e-09 -7.068371881739e-02 
 2.842800000000e-09  7.144987663829e-02 
 2.852800000000e-09  2.085631373792e-01 
 2.862800000000e-09  3.227550604967e-01 
 2.872800000000e-09  3.976675088205e-01 
 2.882800000000e-09  4.233244095895e-01 
 2.892800000000e-09  3.981028128407e-01 
 2.902800000000e-09  3.271138048796e-01 
 2.912800000000e-09  2.200497157492e-01 
 2.922800000000e-09  8.856110955841e-02 
 2.932800000000e-09 -5.501968351965e-02 
 2.942800000000e-09 -1.955614884530e-01 
 2.952800000000e-09 -3.150257148636e-01 
 2.962800000000e-09 -3.963303384868e-01 
 2.972800000000e-09 -4.284124096766e-01 
 2.982800000000e-09 -4.087441519817e-01 
 2.992800000000e-09 -3.418404332265e-01 
 3.002800000000e-09 -2.371381199073e-01 
 3.012800000000e-09 -1.063875160604e-01 
 3.022800000000e-09  3.813478690865e-02 
 3.032800000000e-09  1.815946317949e-01 
 3.042800000000e-09  3.059279440805e-01 
 3.052800000000e-09  3.934314265081e-01 
 3.062800000000e-09  4.319767853033e-01 
 3.072800000000e-09  4.180843880295e-01 
 3.082800000000e-09  3.556157139674e-01 
 3.092800000000e-09  2.536852943049e-01 
 3.102800000000e-09  1.240910182354e-01 
 3.112800000000e-09 -2.091164091681e-02 
 3.122800000000e-09 -1.668072280821e-01 
 3.132800000000e-09 -2.956085268725e-01 
 3.142800000000e-09 -3.890950464029e-01 
 3.152800000000e-09 -4.341094211318e-01 
 3.162800000000e-09 -4.261762540486e-01 
 3.172800000000e-09 -3.684542742628e-01 
 3.182800000000e-09 -2.696735275049e-01 
 3.192800000000e-09 -1.416154525712e-01 
 3.202800000000e-09  3.449849316072e-03 
 3.212800000000e-09  1.513288112505e-01 
 3.222800000000e-09  2.842037113517e-01 
 3.232800000000e-09  3.834397961615e-01 
 3.242800000000e-09  4.348998469602e-01 
 3.252800000000e-09  4.330729761420e-01 
 3.262800000000e-09  3.803727948741e-01 
 3.272800000000e-09  2.850860372770e-01 
 3.282800000000e-09  1.589115828556e-01 
 3.292800000000e-09  1.416364525383e-02 
 3.302800000000e-09 -1.352752549300e-01 
 3.312800000000e-09 -2.718373423077e-01 
 3.322800000000e-09 -3.765743325467e-01 
 3.332800000000e-09 -4.344300329138e-01 
 3.342800000000e-09 -4.388243914946e-01 
 3.352800000000e-09 -3.913881270012e-01 
 3.362800000000e-09 -2.999087909058e-01 
 3.372800000000e-09 -1.759375190476e-01 
 3.382800000000e-09 -3.185277475123e-02 
 3.392800000000e-09  1.187510002127e-01 
 3.402800000000e-09  2.586232626741e-01 
 3.412800000000e-09  3.685996567415e-01 
 3.422800000000e-09  4.327753131259e-01 
 3.432800000000e-09  4.434758275906e-01 
 3.442800000000e-09  4.015142124415e-01 
 3.452800000000e-09  3.141267920883e-01 
 3.462800000000e-09  1.926554092296e-01 
 3.472800000000e-09  4.955019358992e-02 
 3.482800000000e-09 -1.018498446897e-01 
 3.492800000000e-09 -2.446644231003e-01 
 3.502800000000e-09 -3.596073309083e-01 
 3.512800000000e-09 -4.300000899813e-01 
 3.522800000000e-09 -4.470628245722e-01 
 3.532800000000e-09 -4.107597188333e-01 
 3.542800000000e-09 -3.277246032189e-01 
 3.552800000000e-09 -2.090332073116e-01 
 3.562800000000e-09 -6.719995206482e-02 
 3.572800000000e-09  8.465176952296e-02 
 3.582800000000e-09  2.300498494048e-01 
 3.592800000000e-09  3.496759855689e-01 
 3.602800000000e-09  4.261642762883e-01 
 3.612800000000e-09  4.496254743497e-01 
 3.622800000000e-09  4.191377334842e-01 
 3.632800000000e-09  3.406923268825e-01 
 3.642800000000e-09  2.250456396142e-01 
 3.652800000000e-09  8.475453151251e-02 
 3.662800000000e-09 -6.722882842014e-02 
 3.672800000000e-09 -2.148629439889e-01 
 3.682800000000e-09 -3.388828660126e-01 
 3.692800000000e-09 -4.213224462368e-01 
 3.702800000000e-09 -4.511958022262e-01 
 3.712800000000e-09 -4.266587674425e-01 
 3.722800000000e-09 -3.530219776828e-01 
 3.732800000000e-09 -2.406731632437e-01 
 3.742800000000e-09 -1.021768999753e-01 
 3.752800000000e-09  4.963982899661e-02 
 3.762800000000e-09  1.991738543203e-01 
 3.772800000000e-09  3.272939263232e-01 
 3.782800000000e-09  4.155224743185e-01 
 3.792800000000e-09  4.518038524729e-01 
 3.802800000000e-09  4.333336557950e-01 
 3.812800000000e-09  3.647082298221e-01 
 3.822800000000e-09  2.558997105639e-01 
 3.832800000000e-09  1.194371534325e-01 
 3.842800000000e-09 -3.193377666741e-02 
 3.852800000000e-09 -1.830432676222e-01 
 3.862800000000e-09 -3.149680176896e-01 
 3.872800000000e-09 -4.088079210054e-01 
 3.882800000000e-09 -4.514776190988e-01 
 3.892800000000e-09 -4.391736951404e-01 
 3.902800000000e-09 -3.757480287488e-01 
 3.912800000000e-09 -2.707126733003e-01 
 3.922800000000e-09 -1.365093610403e-01 
 3.932800000000e-09  1.415559457488e-02 
 3.942800000000e-09  1.665280205809e-01 
 3.952800000000e-09  3.019615101668e-01 
 3.962800000000e-09  4.012212201732e-01 
 3.972800000000e-09  4.502436461616e-01 
 3.982800000000e-09  4.441887575425e-01 
 3.992800000000e-09  3.861366323973e-01 
 4.002800000000e-09  2.850956297070e-01 
 4.012800000000e-09  1.533675132501e-01 
 4.022800000000e-09  3.653463891249e-03 
 4.032800000000e-09 -1.496813361102e-01 
 4.042800000000e-09 -2.883283289151e-01 
 4.052800000000e-09 -3.928037249755e-01 
 4.062800000000e-09 -4.481270444869e-01 
 4.072800000000e-09 -4.483876754148e-01 
 4.082800000000e-09 -3.958682076164e-01 
 4.092800000000e-09 -2.990310651707e-01 
 4.102800000000e-09 -1.699856837422e-01 
 4.112800000000e-09 -2.145318354910e-02 
 4.122800000000e-09  1.325556309543e-01 
 4.132800000000e-09  2.741220807015e-01 
 4.142800000000e-09  3.835969427187e-01 
 4.152800000000e-09  4.451515952140e-01 
 4.162800000000e-09  4.517774760194e-01 
 4.172800000000e-09  4.049345212178e-01 
 4.182800000000e-09  3.124989652283e-01 
 4.192800000000e-09  1.863374433114e-01 
 4.202800000000e-09  3.920457072355e-02 
 4.212800000000e-09 -1.152021735737e-01 
 4.222800000000e-09 -2.593954881679e-01 
 4.232800000000e-09 -3.736418627440e-01 
 4.242800000000e-09 -4.413394106556e-01 
 4.252800000000e-09 -4.543636521113e-01 
 4.262800000000e-09 -4.133258313507e-01 
 4.272800000000e-09 -3.254784500555e-01 
 4.282800000000e-09 -2.023974700296e-01 
 4.292800000000e-09 -5.687145651199e-02 
 4.302800000000e-09  9.766953888258e-02 
 4.312800000000e-09  2.441990979747e-01 
 4.322800000000e-09  3.629783108653e-01 
 4.332800000000e-09  4.367081852813e-01 
 4.342800000000e-09  4.561456966407e-01 
 4.352800000000e-09  4.210285884610e-01 
 4.362800000000e-09  3.379474021162e-01 
 4.372800000000e-09  2.181425631468e-01 
 4.382800000000e-09  7.442329766245e-02 
 4.392800000000e-09 -7.999901699956e-02 
 4.402800000000e-09 -2.285757254019e-01 
 4.412800000000e-09 -3.516381250558e-01 
 4.422800000000e-09 -4.312759268331e-01 
 4.432800000000e-09 -4.571320214082e-01 
 4.442800000000e-09 -4.280365466279e-01 
 4.452800000000e-09 -3.498901381653e-01 
 4.462800000000e-09 -2.335542534382e-01 
 4.472800000000e-09 -9.183328299755e-02 
 4.482800000000e-09  6.223036656551e-02 
 4.492800000000e-09  2.125697856168e-01 
 4.502800000000e-09  3.396589306088e-01 
 4.512800000000e-09  4.250607629052e-01 
 4.522800000000e-09  4.573255755695e-01 
 4.532800000000e-09  4.343416142154e-01 
 4.542800000000e-09  3.612914651078e-01 
 4.552800000000e-09  2.486159896198e-01 
 4.562800000000e-09  1.090803181609e-01 
 4.572800000000e-09 -4.439479522051e-02 
 4.582800000000e-09 -1.962169756969e-01 
 4.592800000000e-09 -3.270708270834e-01 
 4.602800000000e-09 -4.180775277243e-01 
 4.612800000000e-09 -4.567298692456e-01 
 4.622800000000e-09 -4.399373579599e-01 
 4.632800000000e-09 -3.721387257109e-01 
 4.642800000000e-09 -2.633145607459e-01 
 4.652800000000e-09 -1.261459280759e-01 
 4.662800000000e-09  2.652191090899e-02 
 4.672800000000e-09  1.795519947252e-01 
 4.682800000000e-09  3.139042062260e-01 
 4.692800000000e-09  4.103424138646e-01 
 4.702800000000e-09  4.553491915224e-01 
 4.712800000000e-09  4.448176024906e-01 
 4.722800000000e-09  3.824186521687e-01 
 4.732800000000e-09  2.776330899271e-01 
 4.742800000000e-09  1.430107971393e-01 
 4.752800000000e-09 -8.639242184426e-03 
 4.762800000000e-09 -1.626082229343e-01 
 4.772800000000e-09 -3.001898785384e-01 
 4.782800000000e-09 -4.018735715335e-01 
 4.792800000000e-09 -4.531891587155e-01 
 4.802800000000e-09 -4.489744893576e-01 
 4.812800000000e-09 -3.921168713219e-01 
 4.822800000000e-09 -2.915562458892e-01 
 4.832800000000e-09 -1.596568161369e-01 
 4.842800000000e-09 -9.226741974082e-03 
 4.852800000000e-09  1.454191328113e-01 
 4.862800000000e-09  2.859601523787e-01 
 4.872800000000e-09  3.926919964559e-01 
 4.882800000000e-09  4.502572113986e-01 
 4.892800000000e-09  4.524118135620e-01 
 4.902800000000e-09  4.012235590101e-01 
 4.912800000000e-09  3.050576693084e-01 
 4.922800000000e-09  1.760567236644e-01 
 4.932800000000e-09  2.704126633212e-02 
 4.942800000000e-09 -1.280261844870e-01 
 4.952800000000e-09 -2.712540279456e-01 
 4.962800000000e-09 -3.828231088192e-01 
 4.972800000000e-09 -4.465606802070e-01 
 4.982800000000e-09 -4.551142430349e-01 
 4.992800000000e-09 -4.097158446566e-01 
 5.002800000000e-09 -3.181179141363e-01 
 5.012800000000e-09 -1.921891572947e-01 
 5.022800000000e-09 -4.477582594898e-02 
 5.032800000000e-09  1.104666353691e-01 
 5.042800000000e-09  2.561087918080e-01 
 5.052800000000e-09  3.722933604921e-01 
 5.062800000000e-09  4.421090028888e-01 
 5.072800000000e-09  4.570808127081e-01 
 5.082800000000e-09  4.175802768675e-01 
 5.092800000000e-09  3.307135109152e-01 
 5.102800000000e-09  2.080311701359e-01 
 5.112800000000e-09  6.240142972462e-02 
 5.122800000000e-09 -9.277830124653e-02 
 5.132800000000e-09 -2.405623004505e-01 
 5.142800000000e-09 -3.611299033368e-01 
 5.152800000000e-09 -4.369080363795e-01 
 5.162800000000e-09 -4.583017127217e-01 
 5.172800000000e-09 -4.247975773102e-01 
 5.182800000000e-09 -3.428206093195e-01 
 5.192800000000e-09 -2.235616749100e-01 
 5.202800000000e-09 -7.989388229394e-02 
 5.212800000000e-09  7.499283621165e-02 
 5.222800000000e-09  2.246459643508e-01 
 5.232800000000e-09  3.493531784189e-01 
 5.242800000000e-09  4.309657255125e-01 
 5.252800000000e-09  4.587778558595e-01 
 5.262800000000e-09  4.313569030714e-01 
 5.272800000000e-09  3.544221545993e-01 
 5.282800000000e-09  2.387637120888e-01 
 5.292800000000e-09  9.723138054506e-02 
 5.302800000000e-09 -5.714207784015e-02 
 5.312800000000e-09 -2.083947443772e-01 
 5.322800000000e-09 -3.369913832556e-01 
 5.332800000000e-09 -4.242915473435e-01 
 5.342800000000e-09 -4.585052498962e-01 
 5.352800000000e-09 -4.372458377304e-01 
 5.362800000000e-09 -3.655013384373e-01 
 5.372800000000e-09 -2.536214481383e-01 
 5.382800000000e-09 -1.143965323714e-01 
 5.392800000000e-09  3.925084839481e-02 
 5.402800000000e-09  1.918364588080e-01 
 5.412800000000e-09  3.240666060982e-01 
 5.422800000000e-09  4.168930745689e-01 
 5.432800000000e-09  4.574813757045e-01 
 5.442800000000e-09  4.424538280847e-01 
 5.452800000000e-09  3.760434270326e-01 
 5.462800000000e-09  2.681212642440e-01 
 5.472800000000e-09  1.313730653126e-01 
 5.482800000000e-09 -2.134400390786e-02 
 5.492800000000e-09 -1.749996390304e-01 
 5.502800000000e-09 -3.106028331901e-01 
 5.512800000000e-09 -4.087806723430e-01 
 5.522800000000e-09 -4.557053957812e-01 
 5.532800000000e-09 -4.469709108549e-01 
 5.542800000000e-09 -3.860328215510e-01 
 5.552800000000e-09 -2.822452970153e-01 
 5.562800000000e-09 -1.481427314641e-01 
 5.572800000000e-09  3.445946944289e-03 
 5.582800000000e-09  1.579133335564e-01 
 5.592800000000e-09  2.966261543657e-01 
 5.602800000000e-09  3.999680561255e-01 
 5.612800000000e-09  4.531786368746e-01 
 5.622800000000e-09  4.507883201195e-01 
 5.632800000000e-09  3.954536773985e-01 
 5.642800000000e-09  2.959741935739e-01 
 5.652800000000e-09  1.646854546695e-01 
 5.662800000000e-09  1.441674816084e-02 
 5.672800000000e-09 -1.406097437683e-01 
 5.682800000000e-09 -2.821665621778e-01 
 5.692800000000e-09 -3.904732126719e-01 
 5.702800000000e-09 -4.499045795998e-01 
 5.712800000000e-09 -4.538978832967e-01 
 5.722800000000e-09 -4.042889123549e-01 
 5.732800000000e-09 -3.092858616077e-01 
 5.742800000000e-09 -1.809788801352e-01 
 5.752800000000e-09 -3.221551765772e-02 
 5.762800000000e-09  1.231241061735e-01 
 5.772800000000e-09  2.672576808217e-01 
 5.782800000000e-09  3.803178655693e-01 
 5.792800000000e-09  4.458883948364e-01 
 5.802800000000e-09  4.562919464496e-01 
 5.812800000000e-09  4.125205973533e-01 
 5.822800000000e-09  3.221566239500e-01 
 5.832800000000e-09  1.969998160586e-01 
 5.842800000000e-09  4.992151371709e-02 
 5.852800000000e-09 -1.054928389861e-01 
 5.862800000000e-09 -2.519349285851e-01 
 5.872800000000e-09 -3.695261879119e-01 
 5.882800000000e-09 -4.411338443375e-01 
 5.892800000000e-09 -4.579589636222e-01 
 5.902800000000e-09 -4.201278604749e-01 
 5.912800000000e-09 -3.345611532154e-01 
 5.922800000000e-09 -2.127256914628e-01 
 5.932800000000e-09 -6.750881068411e-02 
 5.942800000000e-09  8.774870628005e-02 
 5.952800000000e-09  2.362298330112e-01 
 5.962800000000e-09  3.581175471742e-01 
 5.972800000000e-09  4.356466958718e-01 
 5.982800000000e-09  4.588967739555e-01 
 5.992800000000e-09  4.270969251840e-01 
 6.002800000000e-09  3.464797614466e-01 
 6.012800000000e-09  2.281376410678e-01 
 6.022800000000e-09  8.495375405564e-02 
 6.032800000000e-09 -6.992476204924e-02 
 6.042800000000e-09 -2.201772364334e-01 
 6.052800000000e-09 -3.461185782032e-01 
 6.062800000000e-09 -4.294343591420e-01 
 6.072800000000e-09 -4.590992029717e-01 
 6.082800000000e-09 -4.334129241060e-01 
 6.092800000000e-09 -3.578933991512e-01 
 6.102800000000e-09 -2.432188199693e-01 
 6.112800000000e-09 -1.022371935413e-01 
 6.122800000000e-09  5.204800413752e-02 
 6.132800000000e-09  2.038059564596e-01 
 6.142800000000e-09  3.335506650083e-01 
 6.152800000000e-09  4.225023250485e-01 
 6.162800000000e-09  4.585613479741e-01 
 6.172800000000e-09  4.390628158421e-01 
 6.182800000000e-09  3.687852710761e-01 
 6.192800000000e-09  2.579537072457e-01 
 6.202800000000e-09  1.193428485474e-01 
 6.212800000000e-09 -3.414144056816e-02 
 6.222800000000e-09 -1.871418499711e-01 
 6.232800000000e-09 -3.204342627132e-01 
 6.242800000000e-09 -4.148570173503e-01 
 6.252800000000e-09 -4.572797408256e-01 
 6.262800000000e-09 -4.440354462241e-01 
 6.272800000000e-09 -3.791403034987e-01 
 6.282800000000e-09 -2.723282635028e-01 
 6.292800000000e-09 -1.362547200498e-01 
 6.302800000000e-09  1.622893297794e-02 
 6.312800000000e-09  1.702123487981e-01 
 6.322800000000e-09  3.067925290894e-01 
 6.332800000000e-09  4.065083475442e-01 
 6.342800000000e-09  4.552529362667e-01 
 6.352800000000e-09  4.483202526554e-01 
 6.362800000000e-09  3.889422399263e-01 
 6.372800000000e-09  2.863238429909e-01 
 6.382800000000e-09  1.529542414263e-01 
 6.392800000000e-09  1.665282279975e-03 
 6.402800000000e-09 -1.530462866465e-01 
 6.412800000000e-09 -2.926514413560e-01 
 6.422800000000e-09 -3.974700804603e-01 
 6.432800000000e-09 -4.524818693911e-01 
 6.442800000000e-09 -4.519078762142e-01 
 6.452800000000e-09 -3.981744124143e-01 
 6.462800000000e-09 -2.999201163411e-01 
 6.472800000000e-09 -1.694208096819e-01 
 6.482800000000e-09 -1.951452148181e-02 
 6.492800000000e-09  1.356760048922e-01 
 6.502800000000e-09  2.780411780310e-01 
 6.512800000000e-09  3.877604305806e-01 
 6.522800000000e-09  4.489697212891e-01 
 6.532800000000e-09  4.547896311553e-01 
 6.542800000000e-09  4.068190030933e-01 
 6.552800000000e-09  3.130942336480e-01 
 6.562800000000e-09  1.856317814754e-01 
 6.572800000000e-09  3.729034527952e-02 
 6.582800000000e-09 -1.181366616034e-01 
 6.592800000000e-09 -2.629953167649e-01 
 6.602800000000e-09 -3.774011130256e-01 
 6.612800000000e-09 -4.447212612197e-01 
 6.622800000000e-09 -4.569574442893e-01 
 6.632800000000e-09 -4.148576545341e-01 
 6.642800000000e-09 -3.258222748524e-01 
 6.652800000000e-09 -2.015642007190e-01 
 6.662800000000e-09 -5.496459879420e-02 
 6.672800000000e-09  1.004639945813e-01 
 6.682800000000e-09  2.475486965098e-01 
 6.692800000000e-09  3.664158617272e-01 
 6.702800000000e-09  4.397395196563e-01 
 6.712800000000e-09  4.583991616431e-01 
 6.722800000000e-09  4.222692165982e-01 
 6.732800000000e-09  3.380790670764e-01 
 6.742800000000e-09  2.171961669545e-01 
 6.752800000000e-09  7.251264588160e-02 
 6.762800000000e-09 -8.268929238864e-02 
 6.772800000000e-09 -2.317314604302e-01 
 6.782800000000e-09 -3.548230201847e-01 
 6.792800000000e-09 -4.340297229699e-01 
 6.802800000000e-09 -4.591126987976e-01 
 6.812800000000e-09 -4.290403000007e-01 
 6.822800000000e-09 -3.498456249238e-01 
 6.832800000000e-09 -2.325096766775e-01 
 6.842800000000e-09 -8.991212097804e-02 
 6.852800000000e-09  6.484419845287e-02 
 6.862800000000e-09  2.155773077568e-01 
 6.872800000000e-09  3.426485615361e-01 
 6.882800000000e-09  4.275988471234e-01 
 6.892800000000e-09  4.590917169118e-01 
 6.902800000000e-09  4.351563130222e-01 
 6.912800000000e-09  3.611034815233e-01 
 6.922800000000e-09  2.474885054062e-01 
 6.932800000000e-09  1.071449554790e-01 
 6.942800000000e-09 -4.695433408989e-02 
 6.952800000000e-09 -1.991138618973e-01 
 6.962800000000e-09 -3.299131777996e-01 
 6.972800000000e-09 -4.204521693495e-01 
 6.982800000000e-09 -4.583313251171e-01 
 6.992800000000e-09 -4.406044694706e-01 
 7.002800000000e-09 -3.718361916591e-01 
 7.012800000000e-09 -2.621173046953e-01 
 7.022800000000e-09 -1.241953321462e-01 
 7.032800000000e-09  2.904199737326e-02 
 7.042800000000e-09  1.823664443712e-01 
 7.052800000000e-09  3.166372298485e-01 
 7.062800000000e-09  4.125964414526e-01 
 7.072800000000e-09  4.568282866275e-01 
 7.082800000000e-09  4.453737767367e-01 
 7.092800000000e-09  3.820286435502e-01 
 7.102800000000e-09  2.763814961156e-01 
 7.112800000000e-09  1.410469758374e-01 
 7.122800000000e-09 -1.113100545697e-02 
 7.132800000000e-09 -1.653626162210e-01 
 7.142800000000e-09 -3.028443487696e-01 
 7.152800000000e-09 -4.040423419012e-01 
 7.162800000000e-09 -4.545815419403e-01 
 7.172800000000e-09 -4.494510735797e-01 
 7.182800000000e-09 -3.916629946703e-01 
 7.192800000000e-09 -2.902640651822e-01 
 7.202800000000e-09 -1.576828779340e-01 
 7.212800000000e-09 -6.756072221241e-03 
 7.222800000000e-09  1.481300562509e-01 
 7.232800000000e-09  2.885600856661e-01 
 7.242800000000e-09  3.948040608694e-01 
 7.252800000000e-09  4.515926635305e-01 
 7.262800000000e-09  4.528360306863e-01 
 7.272800000000e-09  4.007274677352e-01 
 7.282800000000e-09  3.037386419982e-01 
 7.292800000000e-09  1.740773433008e-01 
 7.302800000000e-09  2.458765459774e-02 
 7.312800000000e-09 -1.307056065088e-01 
 7.322800000000e-09 -2.738181335174e-01 
 7.332800000000e-09 -3.849018116077e-01 
 7.342800000000e-09 -4.478646251534e-01 
 7.352800000000e-09 -4.555098715623e-01 
 7.362800000000e-09 -4.091968772798e-01 
 7.372800000000e-09 -3.167850044479e-01 
 7.382800000000e-09 -1.902097005191e-01 
 7.392800000000e-09 -4.233744218247e-02 
 7.402800000000e-09  1.131228881805e-01 
 7.412800000000e-09  2.586512976437e-01 
 7.422800000000e-09  3.743574182058e-01 
 7.432800000000e-09  4.434027379768e-01 
 7.442800000000e-09  4.574684124715e-01 
 7.452800000000e-09  4.170557757855e-01 
 7.462800000000e-09  3.293788956126e-01 
 7.472800000000e-09  2.060572700093e-01 
 7.482800000000e-09  5.997783071070e-02 
 7.492800000000e-09 -9.541720225911e-02 
 7.502800000000e-09 -2.430941555198e-01 
 7.512800000000e-09 -3.631945214317e-01 
 7.522800000000e-09 -4.382096901282e-01 
 7.532800000000e-09 -4.586992619945e-01 
 7.542800000000e-09 -4.242830756112e-01 
 7.552800000000e-09 -3.414955391558e-01 
 7.562800000000e-09 -2.215988932659e-01 
 7.572800000000e-09 -7.748538992469e-02 
 7.582800000000e-09  7.761856216195e-02 
 7.592800000000e-09  2.271757874131e-01 
 7.602800000000e-09  3.514308490080e-01 
 7.612800000000e-09  4.322906214934e-01 
 7.622800000000e-09  4.592007942058e-01 
 7.632800000000e-09  4.308660342551e-01 
 7.642800000000e-09  3.531167549351e-01 
 7.652800000000e-09  2.368173423922e-01 
 7.662800000000e-09  9.483881978985e-02 
 7.672800000000e-09 -5.975749854942e-02 
 7.682800000000e-09 -2.109291052746e-01 
 7.692800000000e-09 -3.390920910710e-01 
 7.702800000000e-09 -4.256524717134e-01 
 7.712800000000e-09 -4.589668191041e-01 
 7.722800000000e-09 -4.367905452957e-01 
 7.732800000000e-09 -3.642247265541e-01 
 7.742800000000e-09 -2.516965722500e-01 
 7.752800000000e-09 -1.120211695262e-01 
 7.762800000000e-09  4.185773715434e-02 
 7.772800000000e-09  1.943801864609e-01 
 7.782800000000e-09  3.261981370881e-01 
 7.792800000000e-09  4.183004575313e-01 
 7.802800000000e-09  4.579927775010e-01 
 7.812800000000e-09  4.420445311762e-01 
 7.822800000000e-09  3.748038754751e-01 
 7.832800000000e-09  2.662229795033e-01 
 7.842800000000e-09  1.290167363133e-01 
 7.852800000000e-09 -2.394304106570e-02 
 7.862800000000e-09 -1.775558673866e-01 
 7.872800000000e-09 -3.127708331319e-01 
 7.882800000000e-09 -4.102426476681e-01 
 7.892800000000e-09 -4.562759203132e-01 
 7.902800000000e-09 -4.466166738024e-01 
 7.912800000000e-09 -3.848379541323e-01 
 7.922800000000e-09 -2.803788449731e-01 
 7.932800000000e-09 -1.458079592602e-01 
 7.942800000000e-09  6.036606081195e-03 
 7.952800000000e-09  1.604834320946e-01 
 7.962800000000e-09  2.988341592153e-01 
 7.972800000000e-09  4.014905726578e-01 
 7.982800000000e-09  4.538158525388e-01 
 7.992800000000e-09  4.504970489336e-01 
 8.002800000000e-09  3.943106499773e-01 
 8.012800000000e-09  2.941450654767e-01 
 8.022800000000e-09  1.623754446470e-01 
 8.032800000000e-09  1.183611870606e-02 
 8.042800000000e-09 -1.431934347491e-01 
 8.052800000000e-09 -2.844161730352e-01 
 8.062800000000e-09 -3.920602652218e-01 
 8.072800000000e-09 -4.506145641293e-01 
 8.082800000000e-09 -4.536741789470e-01 
 8.092800000000e-09 -4.032042870850e-01 
 8.102800000000e-09 -3.075033124856e-01 
 8.112800000000e-09 -1.787003120373e-01 
 8.122800000000e-09 -2.964997000595e-02 
 8.132800000000e-09  1.257179777307e-01 
 8.142800000000e-09  2.695480830940e-01 
 8.152800000000e-09  3.819721289002e-01 
 8.162800000000e-09  4.466773302271e-01 
 8.172800000000e-09  4.561486495863e-01 
 8.182800000000e-09  4.115038333290e-01 
 8.192800000000e-09  3.204220436794e-01 
 8.202800000000e-09  1.947534197847e-01 
 8.212800000000e-09  4.737131944932e-02 
 8.222800000000e-09 -1.080962680572e-01 
 8.232800000000e-09 -2.542657726937e-01 
 8.242800000000e-09 -3.712484035790e-01 
 8.252800000000e-09 -4.420041142267e-01 
 8.262800000000e-09 -4.578966677678e-01 
 8.272800000000e-09 -4.191816284189e-01 
 8.282800000000e-09 -3.328803002735e-01 
 8.292800000000e-09 -2.105151296299e-01 
 8.302800000000e-09 -6.497673778044e-02 
 8.312800000000e-09  9.035923749548e-02 
 8.322800000000e-09  2.385998263528e-01 
 8.332800000000e-09  3.599085364247e-01 
 8.342800000000e-09  4.366017176632e-01 
 8.352800000000e-09  4.589201560232e-01 
 8.362800000000e-09  4.262264638283e-01 
 8.372800000000e-09  3.448574449141e-01 
 8.382800000000e-09  2.259662143377e-01 
 8.392800000000e-09  8.244229041014e-02 
 8.402800000000e-09 -7.253996664032e-02 
 8.412800000000e-09 -2.225847718091e-01 
 8.422800000000e-09 -3.479785484071e-01 
 8.432800000000e-09 -4.304768948321e-01 
 8.442800000000e-09 -4.592123082940e-01 
 8.452800000000e-09 -4.326228646180e-01 
 8.462800000000e-09 -3.563339203220e-01 
 8.472800000000e-09 -2.410895306986e-01 
 8.482800000000e-09 -9.974854756489e-02 
 8.492800000000e-09  5.466563878792e-02 
 8.502800000000e-09  2.062493599410e-01 
 8.512800000000e-09  3.354794509445e-01 
 8.522800000000e-09  4.236345519126e-01 
 8.532800000000e-09  4.587676083917e-01 
 8.542800000000e-09  4.383571964018e-01 
 8.552800000000e-09  3.672924727245e-01 
 8.562800000000e-09  2.558693774693e-01 
 8.572800000000e-09  1.168791286664e-01 
 8.582800000000e-09 -3.675925527983e-02 
 8.592800000000e-09 -1.896191760589e-01 
 8.602800000000e-09 -3.224311161060e-01 
 8.612800000000e-09 -4.160803246971e-01 
 8.622800000000e-09 -4.575819189628e-01 
 8.632800000000e-09 -4.434178123519e-01 
 8.642800000000e-09 -3.777177987734e-01 
 8.652800000000e-09 -2.702919123885e-01 
 8.662800000000e-09 -1.338182807786e-01 
 8.672800000000e-09  1.884441381093e-02 
 8.682800000000e-09  1.727211653735e-01 
 8.692800000000e-09  3.088559634721e-01 
 8.702800000000e-09  4.078232231459e-01 
 8.712800000000e-09  4.556531225032e-01 
 8.722800000000e-09  4.477937218011e-01 
 8.732800000000e-09  3.875935487804e-01 
 8.742800000000e-09  2.843387811767e-01 
 8.752800000000e-09  1.505478444956e-01 
 8.762800000000e-09 -9.448361724347e-04 
 8.772800000000e-09 -1.555833977031e-01 
 8.782800000000e-09 -2.947790229604e-01 
 8.792800000000e-09 -3.988759988483e-01 
 8.802800000000e-09 -4.529814923368e-01 
 8.812800000000e-09 -4.514752308915e-01 
 8.822800000000e-09 -3.969031025174e-01 
 8.832800000000e-09 -2.979900567660e-01 
 8.842800000000e-09 -1.670476711888e-01 
 8.852800000000e-09 -1.691331643416e-02 
 8.862800000000e-09  1.382374603018e-01 
 8.872800000000e-09  2.802295905809e-01 
 8.882800000000e-09  3.892559683589e-01 
 8.892800000000e-09  4.495696566601e-01 
 8.902800000000e-09  4.544533572428e-01 
 8.912800000000e-09  4.056286544998e-01 
 8.922800000000e-09  3.112231370097e-01 
 8.932800000000e-09  1.832953651986e-01 
 8.942800000000e-09  3.470188668179e-02 
 8.952800000000e-09 -1.207180068835e-01 
 8.962800000000e-09 -2.652406129036e-01 
 8.972800000000e-09 -3.789841907891e-01 
 8.982800000000e-09 -4.454219894446e-01 
 8.992800000000e-09 -4.567197727072e-01 
 9.002800000000e-09 -4.137517639446e-01 
 9.012800000000e-09 -3.240141119344e-01 
 9.022800000000e-09 -1.992679244435e-01 
 9.032800000000e-09 -5.239263079287e-02 
 9.042800000000e-09  1.030607038132e-01 
 9.052800000000e-09  2.498467135874e-01 
 9.062800000000e-09  3.680840978208e-01 
 9.072800000000e-09  4.405413984805e-01 
 9.082800000000e-09  4.582622254556e-01 
 9.092800000000e-09  4.212511422115e-01 
 9.102800000000e-09  3.363376042865e-01 
 9.112800000000e-09  2.149431432295e-01 
 9.122800000000e-09  6.996045893108e-02 
 9.132800000000e-09 -8.529724703443e-02 
 9.142800000000e-09 -2.340783040127e-01 
 9.152800000000e-09 -3.565740907761e-01 
 9.162800000000e-09 -4.349329467590e-01 
 9.172800000000e-09 -4.590782403764e-01 
 9.182800000000e-09 -4.281129685520e-01 
 9.192800000000e-09 -3.481741715757e-01 
 9.202800000000e-09 -2.303026129400e-01 
 9.212800000000e-09 -8.738251918548e-02 
 9.222800000000e-09  6.745971204332e-02 
 9.232800000000e-09  2.179692989817e-01 
 9.242800000000e-09  3.444800862527e-01 
 9.252800000000e-09  4.286034497342e-01 
 9.262800000000e-09  4.591612448409e-01 
 9.272800000000e-09  4.343222917513e-01 
 9.282800000000e-09  3.595049478868e-01 
 9.292800000000e-09  2.453298106329e-01 
 9.302800000000e-09  1.046403338765e-01 
 9.312800000000e-09 -4.957416858414e-02 
 9.322800000000e-09 -2.015475989648e-01 
 9.332800000000e-09 -3.318227682143e-01 
 9.342800000000e-09 -4.215579453580e-01 
 9.352800000000e-09 -4.585060588795e-01 
 9.362800000000e-09 -4.398660056922e-01 
 9.372800000000e-09 -3.703132240904e-01 
 9.382800000000e-09 -2.600093155880e-01 
 9.392800000000e-09 -1.217179693668e-01 
 9.402800000000e-09  3.166306086243e-02 
 9.412800000000e-09  1.848385128990e-01 
 9.422800000000e-09  3.186222315233e-01 
 9.432800000000e-09  4.138027118508e-01 
 9.442800000000e-09  4.571090714504e-01 
 9.452800000000e-09  4.447328562142e-01 
 9.462800000000e-09  3.805838185644e-01 
 9.472800000000e-09  2.743268247675e-01 
 9.482800000000e-09  1.385993839647e-01 
 9.492800000000e-09 -1.375004666407e-02 
 9.502800000000e-09 -1.678692869100e-01 
 9.512800000000e-09 -3.049015911977e-01 
 9.522800000000e-09 -4.053477726735e-01 
 9.532800000000e-09 -4.549688070688e-01 
 9.542800000000e-09 -4.489121682339e-01 
 9.552800000000e-09 -3.903002380792e-01 
 9.562800000000e-09 -2.882633126252e-01 
 9.572800000000e-09 -1.552657615388e-01 
 9.582800000000e-09 -4.140522179516e-03 
 9.592800000000e-09  1.506689227194e-01 
 9.602800000000e-09  2.906870658354e-01 
 9.612800000000e-09  3.962071931007e-01 
 9.622800000000e-09  4.520862381824e-01 
 9.632800000000e-09  4.523944569851e-01 
 9.642800000000e-09  3.994455037209e-01 
 9.652800000000e-09  3.017980051624e-01 
 9.662800000000e-09  1.716962033938e-01 
 9.672800000000e-09  2.198179644151e-02 
 9.682800000000e-09 -1.332699981119e-01 
 9.692800000000e-09 -2.760091134904e-01 
 9.702800000000e-09 -3.863994798743e-01 
 9.712800000000e-09 -4.484645700729e-01 
 9.722800000000e-09 -4.551709342927e-01 
 9.732800000000e-09 -4.080015545641e-01 
 9.742800000000e-09 -3.149077617726e-01 
 9.752800000000e-09 -1.878679454719e-01 
 9.762800000000e-09 -3.974535726295e-02 
 9.772800000000e-09  1.157077219537e-01 
 9.782800000000e-09  2.609014099935e-01 
 9.792800000000e-09  3.759464742122e-01 
 9.802800000000e-09  4.441085125471e-01 
 9.812800000000e-09  4.572334478912e-01 
 9.822800000000e-09  4.159499310397e-01 
 9.832800000000e-09  3.275686217557e-01 
 9.842800000000e-09  2.037581740439e-01 
 9.852800000000e-09  5.740337400481e-02 
 9.862800000000e-09 -9.801754236565e-02 
 9.872800000000e-09 -2.453985817190e-01 
 9.882800000000e-09 -3.648717840923e-01 
 9.892800000000e-09 -4.390208493073e-01 
 9.902800000000e-09 -4.585696558036e-01 
 9.912800000000e-09 -4.232694464779e-01 
 9.922800000000e-09 -3.397555574073e-01 
 9.932800000000e-09 -2.193453326001e-01 
 9.942800000000e-09 -7.493181610220e-02 
 9.952800000000e-09  8.023007569803e-02 
 9.962800000000e-09  2.295301708907e-01 
 9.972800000000e-09  3.531933480635e-01 
 9.982800000000e-09  4.332066542940e-01 
 9.992800000000e-09  4.591776066147e-01 
 1.000000000000e-08  4.432515408489e-01 
