% time-domain current integration by openEMS v0.0.36-93-g7b9cd51 @Tue Jan 20 10:01:58 2026
% start-coordinates: (-5.62176e-05,-3.622e-05,0.000159198) m -> [54,24,27]
% stop-coordinates: (-5.302e-05,-3.552e-05,0.000159198) m -> [65,27,27]
% t/s	current
1.64432003993e-16	0
3.56981880668e-13	1.56399216494e-11
7.13799329332e-13	2.16488441757e-11
1.070616778e-12	1.29497385037e-11
1.42743422666e-12	-4.07869293895e-11
1.78425167532e-12	-1.92197507909e-10
2.14106912399e-12	-5.11552633586e-10
2.49788657265e-12	-1.05460851163e-09
2.85470402131e-12	-1.78617975966e-09
3.21152146998e-12	-2.47237941231e-09
3.56833891864e-12	-2.56807841659e-09
3.92515636731e-12	-1.19529885989e-09
4.28197381597e-12	2.68156985506e-09
4.63879126463e-12	9.80738867895e-09
4.9956087133e-12	1.99792484779e-08
5.35242616196e-12	3.1421841129e-08
5.70924361063e-12	4.06156743793e-08
6.06606105929e-12	4.29322923878e-08
6.42287850795e-12	3.41690551409e-08
6.77969595662e-12	1.25438628373e-08
7.13651340528e-12	-1.97114733425e-08
7.49333085394e-12	-5.61154642753e-08
7.85014830261e-12	-8.75220038665e-08
8.20696575127e-12	-1.05138163065e-07
8.56378319994e-12	-1.03771043314e-07
8.9206006486e-12	-8.38408524828e-08
9.27741809726e-12	-5.12137248165e-08
9.63423554593e-12	-1.49312278097e-08
9.99105299459e-12	1.60927164927e-08
1.03478704433e-11	3.5936704279e-08
1.07046878919e-11	4.2992507332e-08
1.10615053406e-11	3.94897838873e-08
1.14183227892e-11	2.97896605161e-08
1.17751402379e-11	1.84179853591e-08
1.21319576866e-11	8.6533100685e-09
1.24887751352e-11	2.01933936239e-09
1.28455925839e-11	-1.45104850358e-09
1.32024100326e-11	-2.57161447692e-09
1.35592274812e-11	-2.36625097294e-09
1.39160449299e-11	-1.66531333168e-09
1.42728623786e-11	-9.62649293612e-10
1.46296798272e-11	-4.57357179906e-10
1.49864972759e-11	-1.66669428259e-10
1.53433147245e-11	-3.21947225823e-11
1.57001321732e-11	1.31544228635e-11
1.60569496219e-11	1.88941518681e-11
1.64137670705e-11	1.25673863677e-11
1.67705845192e-11	9.83545449945e-12
1.71274019679e-11	1.00077940726e-11
1.74842194165e-11	1.06964975072e-11
1.78410368652e-11	1.10491676572e-11
1.81978543139e-11	1.12715366554e-11
1.85546717625e-11	1.08762001141e-11
1.89114892112e-11	1.03752709549e-11
1.92683066599e-11	1.01094670829e-11
1.96251241085e-11	1.04854354366e-11
1.99819415572e-11	1.11774088249e-11
2.03387590058e-11	1.15779044338e-11
2.06955764545e-11	1.14262210804e-11
2.10523939032e-11	1.09998520709e-11
2.14092113518e-11	1.05005813072e-11
2.17660288005e-11	1.05479670137e-11
2.21228462492e-11	1.09447954172e-11
2.24796636978e-11	1.15135618053e-11
2.28364811465e-11	1.19237068136e-11
2.31932985952e-11	1.17400629149e-11
2.35501160438e-11	1.11340702283e-11
2.39069334925e-11	1.08797025208e-11
2.42637509411e-11	1.0866270557e-11
2.46205683898e-11	1.13724663367e-11
2.49773858385e-11	1.18299484791e-11
2.53342032871e-11	1.19866529896e-11
