 1.628000000000e-10  2.051429502291e-02 
 1.728000000000e-10  1.100793026156e-02 
 1.828000000000e-10 -1.629929669367e-05 
 1.928000000000e-10 -1.129007130418e-02 
 2.028000000000e-10 -2.148474396875e-02 
 2.128000000000e-10 -2.936480764589e-02 
 2.228000000000e-10 -3.394271067611e-02 
 2.328000000000e-10 -3.460161477580e-02 
 2.428000000000e-10 -3.117972900252e-02 
 2.528000000000e-10 -2.399639009186e-02 
 2.628000000000e-10 -1.382317989194e-02 
 2.728000000000e-10 -1.796274883382e-03 
 2.828000000000e-10  1.070471210837e-02 
 2.928000000000e-10  2.221566689065e-02 
 3.028000000000e-10  3.135522579588e-02 
 3.128000000000e-10  3.699233655837e-02 
 3.228000000000e-10  3.838383892460e-02 
 3.328000000000e-10  3.527375581906e-02 
 3.428000000000e-10  2.792920519147e-02 
 3.528000000000e-10  1.712189601307e-02 
 3.628000000000e-10  4.048333909293e-03 
 3.728000000000e-10 -9.798843632764e-03 
 3.828000000000e-10 -2.279925309405e-02 
 3.928000000000e-10 -3.339160521837e-02 
 4.028000000000e-10 -4.026490981098e-02 
 4.128000000000e-10 -4.252212520421e-02 
 4.228000000000e-10 -3.979774728638e-02 
 4.328000000000e-10 -3.231007737928e-02 
 4.428000000000e-10 -2.084483384120e-02 
 4.528000000000e-10 -6.668785622948e-03 
 4.628000000000e-10  8.605412513748e-03 
 4.728000000000e-10  2.320016260323e-02 
 4.828000000000e-10  3.537537775177e-02 
 4.928000000000e-10  4.363718996784e-02 
 5.028000000000e-10  4.692167675625e-02 
 5.128000000000e-10  4.473363250202e-02 
 5.228000000000e-10  3.721370311602e-02 
 5.328000000000e-10  2.513344293608e-02 
 5.428000000000e-10  9.816429870502e-03 
 5.528000000000e-10 -7.002980140062e-03 
 5.628000000000e-10 -2.337123911671e-02 
 5.728000000000e-10 -3.733830395443e-02 
 5.828000000000e-10 -4.719258416324e-02 
 5.928000000000e-10 -5.167433665186e-02 
 6.028000000000e-10 -5.013942378065e-02 
 6.128000000000e-10 -4.264607512010e-02 
 6.228000000000e-10 -2.995671756876e-02 
 6.328000000000e-10 -1.345660027831e-02 
 6.428000000000e-10  4.993801593776e-03 
 6.528000000000e-10  2.326252217739e-02 
 6.628000000000e-10  3.918573479839e-02 
 6.728000000000e-10  5.082443055792e-02 
 6.828000000000e-10  5.670429617309e-02 
 6.928000000000e-10  5.600631269437e-02 
 7.028000000000e-10  4.867592185519e-02 
 7.128000000000e-10  3.543984846225e-02 
 7.228000000000e-10  1.773089866683e-02 
 7.328000000000e-10 -2.463731050770e-03 
 7.428000000000e-10 -2.281731391345e-02 
 7.528000000000e-10 -4.092359389890e-02 
 7.628000000000e-10 -5.458197355216e-02 
 7.728000000000e-10 -6.207172157532e-02 
 7.828000000000e-10 -6.237547004330e-02 
 7.928000000000e-10 -5.531339278643e-02 
 8.028000000000e-10 -4.157255442565e-02 
 8.128000000000e-10 -2.263323616741e-02 
 8.228000000000e-10 -6.107664612856e-04 
 8.328000000000e-10  2.197059356569e-02 
 8.428000000000e-10  4.245496512226e-02 
 8.528000000000e-10  5.836498241462e-02 
 8.628000000000e-10  6.770883101798e-02 
 8.728000000000e-10  6.923901207298e-02 
 8.828000000000e-10  6.261743136333e-02 
 8.928000000000e-10  4.846420254041e-02 
 9.028000000000e-10  2.829105376799e-02 
 9.128000000000e-10  4.339961562959e-03 
 9.228000000000e-10 -2.065404763409e-02 
 9.328000000000e-10 -4.375966443880e-02 
 9.428000000000e-10 -6.218913331859e-02 
 9.528000000000e-10 -7.364473573951e-02 
 9.628000000000e-10 -7.661939351307e-02 
 9.728000000000e-10 -7.059615934713e-02 
 9.828000000000e-10 -5.611646210381e-02 
 9.928000000000e-10 -3.471790614250e-02 
 1.002800000000e-09 -8.766967780698e-03 
 1.012800000000e-09  1.878889444788e-02 
 1.022800000000e-09  4.473436876669e-02 
 1.032800000000e-09  6.595236340132e-02 
 1.042800000000e-09  7.980921523979e-02 
 1.052800000000e-09  8.450089207363e-02 
 1.062800000000e-09  7.929399491265e-02 
 1.072800000000e-09  6.462087076487e-02 
 1.082800000000e-09  4.202669372063e-02 
 1.092800000000e-09  1.399803915397e-02 
 1.102800000000e-09 -1.629598691232e-02 
 1.112800000000e-09 -4.533413727197e-02 
 1.122800000000e-09 -6.963772867160e-02 
 1.132800000000e-09 -8.619956348490e-02 
 1.142800000000e-09 -9.288257505039e-02 
 1.152800000000e-09 -8.870808602306e-02 
 1.162800000000e-09 -7.397997990227e-02 
 1.172800000000e-09 -5.023958304565e-02 
 1.182800000000e-09 -2.008757883727e-02 
 1.192800000000e-09  1.308614633230e-02 
 1.202800000000e-09  4.544689028512e-02 
 1.212800000000e-09  7.313415073032e-02 
 1.222800000000e-09  9.273318608098e-02 
 1.232800000000e-09  1.017307808312e-01 
 1.242800000000e-09  9.885960715485e-02 
 1.252800000000e-09  8.426028478202e-02 
 1.262800000000e-09  5.944890466640e-02 
 1.272800000000e-09  2.713249297342e-02 
 1.282800000000e-09 -9.073954807649e-03 
 1.292800000000e-09 -4.500597383222e-02 
 1.302800000000e-09 -7.639246346591e-02 
 1.312800000000e-09 -9.937227228162e-02 
 1.322800000000e-09 -1.110137837455e-01 
 1.332800000000e-09 -1.097234290229e-01 
 1.342800000000e-09 -9.545120048923e-02 
 1.352800000000e-09 -6.967091719660e-02 
 1.362800000000e-09 -3.518605660725e-02 
 1.372800000000e-09  4.167729087418e-03 
 1.382800000000e-09  4.389252406606e-02 
 1.392800000000e-09  7.928873565371e-02 
 1.402800000000e-09  1.060136215854e-01 
 1.412800000000e-09  1.206692533608e-01 
 1.422800000000e-09  1.212862405756e-01 
 1.432800000000e-09  1.075832222100e-01 
 1.442800000000e-09  8.096635769417e-02 
 1.452800000000e-09  4.432485428968e-02 
 1.462800000000e-09  1.714142623953e-03 
 1.472800000000e-09 -4.202577500158e-02 
 1.482800000000e-09 -8.174498627789e-02 
 1.492800000000e-09 -1.125823329343e-01 
 1.502800000000e-09 -1.306270167721e-01 
 1.512800000000e-09 -1.334876604120e-01 
 1.522800000000e-09 -1.206157481081e-01 
 1.532800000000e-09 -9.332715716246e-02 
 1.542800000000e-09 -5.458356889107e-02 
 1.552800000000e-09 -8.651956441056e-03 
 1.562800000000e-09  3.928824320784e-02 
 1.572800000000e-09  8.362593151883e-02 
 1.582800000000e-09  1.189499420700e-01 
 1.592800000000e-09  1.407867587134e-01 
 1.602800000000e-09  1.462672612186e-01 
 1.612800000000e-09  1.345285644049e-01 
 1.622800000000e-09  1.067664357601e-01 
 1.632800000000e-09  6.600143969529e-02 
 1.642800000000e-09  1.670682222443e-02 
 1.652800000000e-09 -3.559903472425e-02 
 1.662800000000e-09 -8.483343812436e-02 
 1.672800000000e-09 -1.250060083801e-01 
 1.682800000000e-09 -1.510338914127e-01 
 1.692800000000e-09 -1.595177135354e-01 
 1.702800000000e-09 -1.492353679507e-01 
 1.712800000000e-09 -1.212330833816e-01 
 1.722800000000e-09 -7.857452554263e-02 
 1.732800000000e-09 -2.592847088424e-02 
 1.742800000000e-09  3.085783452738e-02 
 1.752800000000e-09  8.523111637254e-02 
 1.762800000000e-09  1.306005769646e-01 
 1.772800000000e-09  1.612278787361e-01 
 1.782800000000e-09  1.731241185536e-01 
 1.792800000000e-09  1.646538644218e-01 
 1.802800000000e-09  1.366779904117e-01 
 1.812800000000e-09  9.228687377592e-02 
 1.822800000000e-09  3.633709023038e-02 
 1.832800000000e-09 -2.500424678898e-02 
 1.842800000000e-09 -8.471819344646e-02 
 1.852800000000e-09 -1.355990492308e-01 
 1.862800000000e-09 -1.712133413181e-01 
 1.872800000000e-09 -1.869280584213e-01 
 1.882800000000e-09 -1.806417184012e-01 
 1.892800000000e-09 -1.529924622411e-01 
 1.902800000000e-09 -1.070780368388e-01 
 1.912800000000e-09 -4.793147307160e-02 
 1.922800000000e-09  1.797603302527e-02 
 1.932800000000e-09  8.317580108648e-02 
 1.942800000000e-09  1.398440221755e-01 
 1.952800000000e-09  1.808178920515e-01 
 1.962800000000e-09  2.007632521231e-01 
 1.972800000000e-09  1.970532232030e-01 
 1.982800000000e-09  1.700595362351e-01 
 1.992800000000e-09  1.228661031217e-01 
 2.002800000000e-09  6.067393894368e-02 
 2.012800000000e-09 -9.755554425062e-03 
 2.022800000000e-09 -8.052481581387e-02 
 2.032800000000e-09 -1.431990162843e-01 
 2.042800000000e-09 -1.898625922491e-01 
 2.052800000000e-09 -2.144308767135e-01 
 2.062800000000e-09 -2.136943745320e-01 
 2.072800000000e-09 -1.877124010273e-01 
 2.082800000000e-09 -1.395288379602e-01 
 2.092800000000e-09 -7.450083123451e-02 
 2.102800000000e-09  3.368699124249e-04 
 2.112800000000e-09  7.668725685871e-02 
 2.122800000000e-09  1.455244176232e-01 
 2.132800000000e-09  1.981668451594e-01 
 2.142800000000e-09  2.277331533003e-01 
 2.152800000000e-09  2.303713279008e-01 
 2.162800000000e-09  2.057762082424e-01 
 2.172800000000e-09  1.569220429801e-01 
 2.182800000000e-09  8.931191605158e-02 
 2.192800000000e-09  1.023996720822e-02 
 2.202800000000e-09 -7.162938825930e-02 
 2.212800000000e-09 -1.467106278059e-01 
 2.222800000000e-09 -2.055576506925e-01 
 2.232800000000e-09 -2.404573804974e-01 
 2.242800000000e-09 -2.468597367970e-01 
 2.252800000000e-09 -2.240421310549e-01 
 2.262800000000e-09 -1.748729007891e-01 
 2.272800000000e-09 -1.049851363394e-01 
 2.282800000000e-09 -2.191829692343e-02 
 2.292800000000e-09  6.533149371407e-02 
 2.302800000000e-09  1.466617084840e-01 
 2.312800000000e-09  2.118768526600e-01 
 2.322800000000e-09  2.524059679077e-01 
 2.332800000000e-09  2.629462439868e-01 
 2.342800000000e-09  2.423019633492e-01 
 2.352800000000e-09  1.931952743115e-01 
 2.362800000000e-09  1.213709685316e-01 
 2.372800000000e-09  3.460254309804e-02 
 2.382800000000e-09 -5.781650084876e-02 
 2.392800000000e-09 -1.453185296932e-01 
 2.402800000000e-09 -2.169888778485e-01 
 2.412800000000e-09 -2.633863543858e-01 
 2.422800000000e-09 -2.784091583186e-01 
 2.432800000000e-09 -2.603329798277e-01 
 2.442800000000e-09 -2.116886440965e-01 
 2.452800000000e-09 -1.383069324331e-01 
 2.462800000000e-09 -4.818257996805e-02 
 2.472800000000e-09  4.912641763388e-02 
 2.482800000000e-09  1.426455514865e-01 
 2.492800000000e-09  2.207850782049e-01 
 2.502800000000e-09  2.732337242364e-01 
 2.512800000000e-09  2.930496133642e-01 
 2.522800000000e-09  2.779246178654e-01 
 2.532800000000e-09  2.301512223128e-01 
 2.542800000000e-09  1.556159074824e-01 
 2.552800000000e-09  6.252146635379e-02 
 2.562800000000e-09 -3.933819333508e-02 
 2.572800000000e-09 -1.386430184121e-01 
 2.582800000000e-09 -2.231859184133e-01 
 2.592800000000e-09 -2.818017926586e-01 
 2.602800000000e-09 -3.066782351134e-01 
 2.612800000000e-09 -2.948703828420e-01 
 2.622800000000e-09 -2.483829328177e-01 
 2.632800000000e-09 -1.731207766583e-01 
 2.642800000000e-09 -7.747727939444e-02 
 2.652800000000e-09  2.854293143579e-02 
 2.662800000000e-09  1.333356605079e-01 
 2.672800000000e-09  2.241442332158e-01 
 2.682800000000e-09  2.889798142376e-01 
 2.692800000000e-09  3.191384848084e-01 
 2.702800000000e-09  3.109881902548e-01 
 2.712800000000e-09  2.661958272671e-01 
 2.722800000000e-09  1.906439323665e-01 
 2.732800000000e-09  9.289564552295e-02 
 2.742800000000e-09 -1.685501279302e-02 
 2.752800000000e-09 -1.267779759467e-01 
 2.762800000000e-09 -2.236423847199e-01 
 2.772800000000e-09 -2.946819063292e-01 
 2.782800000000e-09 -3.302951002003e-01 
 2.792800000000e-09 -3.261149603531e-01 
 2.802800000000e-09 -2.834188792097e-01 
 2.812800000000e-09 -2.080215004391e-01 
 2.822800000000e-09 -1.086294769294e-01 
 2.832800000000e-09  4.392725707050e-03 
 2.842800000000e-09  1.190423800006e-01 
 2.852800000000e-09  2.216957881900e-01 
 2.862800000000e-09  2.988650195458e-01 
 2.872800000000e-09  3.400543556061e-01 
 2.882800000000e-09  3.401229834010e-01 
 2.892800000000e-09  2.999056161160e-01 
 2.902800000000e-09  2.251017968981e-01 
 2.912800000000e-09  1.245314968096e-01 
 2.922800000000e-09  8.712832374354e-03 
 2.932800000000e-09 -1.102251216137e-01 
 2.942800000000e-09 -2.183477162365e-01 
 2.952800000000e-09 -3.015136716707e-01 
 2.962800000000e-09 -3.483511891378e-01 
 2.972800000000e-09 -3.529128264945e-01 
 2.982800000000e-09 -3.155366488766e-01 
 2.992800000000e-09 -2.417567844976e-01 
 3.002800000000e-09 -1.404712918283e-01 
 3.012800000000e-09 -2.233629037855e-02 
 3.022800000000e-09  1.004313957505e-01 
 3.032800000000e-09  2.136656400346e-01 
 3.042800000000e-09  3.026473864813e-01 
 3.052800000000e-09  3.551586333492e-01 
 3.062800000000e-09  3.644205657679e-01 
 3.072800000000e-09  3.302218034691e-01 
 3.082800000000e-09  2.578795135564e-01 
 3.092800000000e-09  1.563307523417e-01 
 3.102800000000e-09  3.635476035406e-02 
 3.112800000000e-09 -8.977474483793e-02 
 3.122800000000e-09 -2.077350368334e-01 
 3.132800000000e-09 -3.023102691659e-01 
 3.142800000000e-09 -3.604776059237e-01 
 3.152800000000e-09 -3.746110906676e-01 
 3.162800000000e-09 -3.438991803801e-01 
 3.172800000000e-09 -2.733884837881e-01 
 3.182800000000e-09 -1.720119590500e-01 
 3.192800000000e-09 -5.065690307534e-02 
 3.202800000000e-09  7.836931529495e-02 
 3.212800000000e-09  2.006550925534e-01 
 3.222800000000e-09  3.005705500508e-01 
 3.232800000000e-09  3.643383162993e-01 
 3.242800000000e-09  3.834783076445e-01 
 3.252800000000e-09  3.565323438047e-01 
 3.262800000000e-09  2.882225454874e-01 
 3.272800000000e-09  1.874323319132e-01 
 3.282800000000e-09  6.514081578351e-02 
 3.292800000000e-09 -6.632747733181e-02 
 3.302800000000e-09 -1.925317564919e-01 
 3.312800000000e-09 -2.975081934424e-01 
 3.322800000000e-09 -3.667854032241e-01 
 3.332800000000e-09 -3.910344643024e-01 
 3.342800000000e-09 -3.681049099880e-01 
 3.352800000000e-09 -3.023407810200e-01 
 3.362800000000e-09 -2.025286679953e-01 
 3.372800000000e-09 -7.972071459096e-02 
 3.382800000000e-09  5.375194929460e-02 
 3.392800000000e-09  1.834694560142e-01 
 3.402800000000e-09  2.932164445278e-01 
 3.412800000000e-09  3.678887451751e-01 
 3.422800000000e-09  3.973155249025e-01 
 3.432800000000e-09  3.786211125648e-01 
 3.442800000000e-09  3.157182647158e-01 
 3.452800000000e-09  2.172496678728e-01 
 3.462800000000e-09  9.431848885141e-02 
 3.472800000000e-09 -4.074338673317e-02 
 3.482800000000e-09 -1.735777377463e-01 
 3.492800000000e-09 -2.877938201137e-01 
 3.502800000000e-09 -3.677216978960e-01 
 3.512800000000e-09 -4.023666312276e-01 
 3.522800000000e-09 -3.880969048960e-01 
 3.532800000000e-09 -3.283436771485e-01 
 3.542800000000e-09 -2.315588730771e-01 
 3.552800000000e-09 -1.088708660221e-01 
 3.562800000000e-09  2.738997245432e-02 
 3.572800000000e-09  1.629583241222e-01 
 3.582800000000e-09  2.813388371767e-01 
 3.592800000000e-09  3.663644991448e-01 
 3.602800000000e-09  4.062418000452e-01 
 3.612800000000e-09  3.965577719087e-01 
 3.622800000000e-09  3.402152557995e-01 
 3.632800000000e-09  2.454296017884e-01 
 3.642800000000e-09  1.233248405039e-01 
 3.652800000000e-09 -1.377030069151e-02 
 3.662800000000e-09 -1.517059138238e-01 
 3.672800000000e-09 -2.739468760429e-01 
 3.682800000000e-09 -3.638982361746e-01 
 3.692800000000e-09 -4.089993147474e-01 
 3.702800000000e-09 -4.040359709905e-01 
 3.712800000000e-09 -3.513397232081e-01 
 3.722800000000e-09 -2.588445592248e-01 
 3.732800000000e-09 -1.376375564543e-01 
 3.742800000000e-09 -4.707005616988e-05 
 3.752800000000e-09  1.399074892490e-01 
 3.762800000000e-09  2.657092389912e-01 
 3.772800000000e-09  3.604036161423e-01 
 3.782800000000e-09  4.106996445918e-01 
 3.792800000000e-09  4.105676091139e-01 
 3.802800000000e-09  3.617289193369e-01 
 3.812800000000e-09  2.717926480114e-01 
 3.822800000000e-09  1.517742378250e-01 
 3.832800000000e-09  1.400177239377e-02 
 3.842800000000e-09 -1.276427308334e-01 
 3.852800000000e-09 -2.567122493527e-01 
 3.862800000000e-09 -3.559586196124e-01 
 3.872800000000e-09 -4.114028519849e-01 
 3.882800000000e-09 -4.161904797615e-01 
 3.892800000000e-09 -3.713978761789e-01 
 3.902800000000e-09 -2.842669615596e-01 
 3.912800000000e-09 -1.657057834849e-01 
 3.922800000000e-09 -2.804119709080e-02 
 3.932800000000e-09  1.149837485140e-01 
 3.942800000000e-09  2.470359754327e-01 
 3.952800000000e-09  3.506375360835e-01 
 3.962800000000e-09  4.111672181542e-01 
 3.972800000000e-09  4.209423592065e-01 
 3.982800000000e-09  3.803631271310e-01 
 3.992800000000e-09  2.962635767146e-01 
 4.002800000000e-09  1.794084055953e-01 
 4.012800000000e-09  4.211983391936e-02 
 4.022800000000e-09 -1.019949155066e-01 
 4.032800000000e-09 -2.367536417948e-01 
 4.042800000000e-09 -3.445094723847e-01 
 4.052800000000e-09 -4.100478328110e-01 
 4.062800000000e-09 -4.248600181022e-01 
 4.072800000000e-09 -3.886420260489e-01 
 4.082800000000e-09 -3.077809807217e-01 
 4.092800000000e-09 -1.928627426346e-01 
 4.102800000000e-09 -5.619841637308e-02 
 4.112800000000e-09  8.873376372638e-02 
 4.122800000000e-09  2.259322275074e-01 
 4.132800000000e-09  3.376386900265e-01 
 4.142800000000e-09  4.080963405005e-01 
 4.152800000000e-09  4.279782933566e-01 
 4.162800000000e-09  3.962514248459e-01 
 4.172800000000e-09  3.188188036152e-01 
 4.182800000000e-09  2.060527685826e-01 
 4.192800000000e-09  7.024324656085e-02 
 4.202800000000e-09 -7.525106143949e-02 
 4.212800000000e-09 -2.146324691646e-01 
 4.222800000000e-09 -3.300811189116e-01 
 4.232800000000e-09 -4.053542591094e-01 
 4.242800000000e-09 -4.303258335006e-01 
 4.252800000000e-09 -4.032052613762e-01 
 4.262800000000e-09 -3.293773493053e-01 
 4.272800000000e-09 -2.189668735333e-01 
 4.282800000000e-09 -8.422862645203e-02 
 4.292800000000e-09  6.158709276011e-02 
 4.302800000000e-09  2.029023746715e-01 
 4.312800000000e-09  3.218904029951e-01 
 4.322800000000e-09  4.018727876226e-01 
 4.332800000000e-09  4.319374660757e-01 
 4.342800000000e-09  4.095220544028e-01 
 4.352800000000e-09  3.394592432325e-01 
 4.362800000000e-09  2.315935948391e-01 
 4.372800000000e-09  9.812750077909e-02 
 4.382800000000e-09 -4.778520180646e-02 
 4.392800000000e-09 -1.907962740985e-01 
 4.402800000000e-09 -3.131186690203e-01 
 4.412800000000e-09 -3.976919813297e-01 
 4.422800000000e-09 -4.328418524498e-01 
 4.432800000000e-09 -4.152167759052e-01 
 4.442800000000e-09 -3.490668459690e-01 
 4.452800000000e-09 -2.439243801480e-01 
 4.462800000000e-09 -1.119190352273e-01 
 4.472800000000e-09  3.387988781361e-02 
 4.482800000000e-09  1.783580542723e-01 
 4.492800000000e-09  3.038110661516e-01 
 4.502800000000e-09  3.928497137971e-01 
 4.512800000000e-09  4.330656075704e-01 
 4.522800000000e-09  4.203034956441e-01 
 4.532800000000e-09  3.582026839941e-01 
 4.542800000000e-09  2.559518707307e-01 
 4.552800000000e-09  1.255850984729e-01 
 4.562800000000e-09 -1.990171665107e-02 
 4.572800000000e-09 -1.656273850441e-01 
 4.582800000000e-09 -2.940090974839e-01 
 4.592800000000e-09 -3.873811747903e-01 
 4.602800000000e-09 -4.326334986758e-01 
 4.612800000000e-09 -4.247953840193e-01 
 4.622800000000e-09 -3.668692941318e-01 
 4.632800000000e-09 -2.676694633521e-01 
 4.642800000000e-09 -1.391095658622e-01 
 4.652800000000e-09  5.878154859558e-03 
 4.662800000000e-09  1.526405791505e-01 
 4.672800000000e-09  2.837513208637e-01 
 4.682800000000e-09  3.813192985926e-01 
 4.692800000000e-09  4.315684851094e-01 
 4.702800000000e-09  4.287027285412e-01 
 4.712800000000e-09  3.750681569290e-01 
 4.722800000000e-09  2.790726074864e-01 
 4.732800000000e-09  1.524792534880e-01 
 4.742800000000e-09  8.167812017476e-03 
 4.752800000000e-09 -1.394291549463e-01 
 4.762800000000e-09 -2.730721468478e-01 
 4.772800000000e-09 -3.746942968259e-01 
 4.782800000000e-09 -4.298920321691e-01 
 4.792800000000e-09 -4.320418207997e-01 
 4.802800000000e-09 -3.828057923207e-01 
 4.812800000000e-09 -2.901552940193e-01 
 4.822800000000e-09 -1.656809298835e-01 
 4.832800000000e-09 -2.221224870579e-02 
 4.842800000000e-09  1.260260423345e-01 
 4.852800000000e-09  2.620076792933e-01 
 4.862800000000e-09  3.675373063072e-01 
 4.872800000000e-09  4.276254788762e-01 
 4.882800000000e-09  4.348203926841e-01 
 4.892800000000e-09  3.900761341254e-01 
 4.902800000000e-09  3.009032346444e-01 
 4.912800000000e-09  1.786956735577e-01 
 4.922800000000e-09  3.623060379095e-02 
 4.932800000000e-09 -1.124609340874e-01 
 4.942800000000e-09 -2.505875281388e-01 
 4.952800000000e-09 -3.598714264254e-01 
 4.962800000000e-09 -4.247809969534e-01 
 4.972800000000e-09 -4.370397291303e-01 
 4.982800000000e-09 -3.968781659794e-01 
 4.992800000000e-09 -3.113140996353e-01 
 5.002800000000e-09 -1.915143847778e-01 
 5.012800000000e-09 -5.020565355667e-02 
 5.022800000000e-09  9.875967135684e-02 
 5.032800000000e-09  2.388416873495e-01 
 5.042800000000e-09  3.517241446215e-01 
 5.052800000000e-09  4.213782950615e-01 
 5.062800000000e-09  4.387117975294e-01 
 5.072800000000e-09  4.032133117179e-01 
 5.082800000000e-09  3.213801596702e-01 
 5.092800000000e-09  2.041252716799e-01 
 5.102800000000e-09  6.411958009436e-02 
 5.112800000000e-09 -8.494675884787e-02 
 5.122800000000e-09 -2.267978418830e-01 
 5.132800000000e-09 -3.431160403571e-01 
 5.142800000000e-09 -4.174256584354e-01 
 5.152800000000e-09 -4.398383605126e-01 
 5.162800000000e-09 -4.090772617261e-01 
 5.172800000000e-09 -3.310933313761e-01 
 5.182800000000e-09 -2.165186856773e-01 
 5.192800000000e-09 -7.795942231743e-02 
 5.202800000000e-09  7.103986196789e-02 
 5.212800000000e-09  2.144740798634e-01 
 5.222800000000e-09  3.340686280935e-01 
 5.232800000000e-09  4.129445761792e-01 
 5.242800000000e-09  4.404297222445e-01 
 5.252800000000e-09  4.144714725227e-01 
 5.262800000000e-09  3.404477181154e-01 
 5.272800000000e-09  2.286835682732e-01 
 5.282800000000e-09  9.170786778914e-02 
 5.292800000000e-09 -5.706379402843e-02 
 5.302800000000e-09 -2.018997692529e-01 
 5.312800000000e-09 -3.246059002170e-01 
 5.322800000000e-09 -4.079475071333e-01 
 5.332800000000e-09 -4.404912920844e-01 
 5.342800000000e-09 -4.193942019333e-01 
 5.352800000000e-09 -3.494366671965e-01 
 5.362800000000e-09 -2.406105305188e-01 
 5.372800000000e-09 -1.053517735253e-01 
 5.382800000000e-09  4.303718602205e-02 
 5.392800000000e-09  1.890965680997e-01 
 5.402800000000e-09  3.147476558734e-01 
 5.412800000000e-09  4.024474439337e-01 
 5.422800000000e-09  4.400284123853e-01 
 5.432800000000e-09  4.238439327201e-01 
 5.442800000000e-09  3.580538712850e-01 
 5.452800000000e-09  2.522905924399e-01 
 5.462800000000e-09  1.188788657806e-01 
 5.472800000000e-09 -2.897744855660e-02 
 5.482800000000e-09 -1.760850741216e-01 
 5.492800000000e-09 -3.045131383521e-01 
 5.502800000000e-09 -3.964573220900e-01 
 5.512800000000e-09 -4.390464572670e-01 
 5.522800000000e-09 -4.278192881990e-01 
 5.532800000000e-09 -3.662932474442e-01 
 5.542800000000e-09 -2.637149730622e-01 
 5.552800000000e-09 -1.322774571141e-01 
 5.562800000000e-09  1.490108632773e-02 
 5.572800000000e-09  1.628851877107e-01 
 5.582800000000e-09  2.939213982923e-01 
 5.592800000000e-09  3.899903386904e-01 
 5.602800000000e-09  4.375510045780e-01 
 5.612800000000e-09  4.313190188080e-01 
 5.622800000000e-09  3.741487090290e-01 
 5.632800000000e-09  2.748746994484e-01 
 5.642800000000e-09  1.455359836874e-01 
 5.652800000000e-09 -8.241309215318e-04 
 5.662800000000e-09 -1.495164529535e-01 
 5.672800000000e-09 -2.829914548892e-01 
 5.682800000000e-09 -3.830599417616e-01 
 5.692800000000e-09 -4.355477027689e-01 
 5.702800000000e-09 -4.343404786268e-01 
 5.712800000000e-09 -3.816142944459e-01 
 5.722800000000e-09 -2.857632538849e-01 
 5.732800000000e-09 -1.586450016474e-01 
 5.742800000000e-09 -1.323996034973e-02 
 5.752800000000e-09  1.359963211744e-01 
 5.762800000000e-09  2.717412816322e-01 
 5.772800000000e-09  3.756799244127e-01 
 5.782800000000e-09  4.330433787278e-01 
 5.792800000000e-09  4.368883727029e-01 
 5.802800000000e-09  3.886851127362e-01 
 5.812800000000e-09  2.963653145120e-01 
 5.822800000000e-09  1.715889921093e-01 
 5.832800000000e-09  2.727194525726e-02 
 5.842800000000e-09 -1.223467244758e-01 
 5.852800000000e-09 -2.601912271204e-01 
 5.862800000000e-09 -3.678632202205e-01 
 5.872800000000e-09 -4.300408714454e-01 
 5.882800000000e-09 -4.389527632979e-01 
 5.892800000000e-09 -3.953499743700e-01 
 5.902800000000e-09 -3.066736168199e-01 
 5.912800000000e-09 -1.843577291775e-01 
 5.922800000000e-09 -4.125824328582e-02 
 5.932800000000e-09  1.085855119980e-01 
 5.942800000000e-09  2.483599575563e-01 
 5.952800000000e-09  3.596245910110e-01 
 5.962800000000e-09  4.265474057173e-01 
 5.972800000000e-09  4.405355413051e-01 
 5.982800000000e-09  4.016038901605e-01 
 5.992800000000e-09  3.166774052432e-01 
 6.002800000000e-09  1.969394977512e-01 
 6.012800000000e-09  5.518433413622e-02 
 6.022800000000e-09 -9.473076386247e-02 
 6.032800000000e-09 -2.362664632137e-01 
 6.042800000000e-09 -3.509749218698e-01 
 6.052800000000e-09 -4.225619066549e-01 
 6.062800000000e-09 -4.416305752712e-01 
 6.072800000000e-09 -4.074369166305e-01 
 6.082800000000e-09 -3.263655490529e-01 
 6.092800000000e-09 -2.093242451783e-01 
 6.102800000000e-09 -6.903954684804e-02 
 6.112800000000e-09  8.079517582068e-02 
 6.122800000000e-09  2.239215543133e-01 
 6.132800000000e-09  3.419271272384e-01 
 6.142800000000e-09  4.180972693903e-01 
 6.152800000000e-09  4.422408407257e-01 
 6.162800000000e-09  4.128451327378e-01 
 6.172800000000e-09  3.357291018246e-01 
 6.182800000000e-09  2.215003291397e-01 
 6.192800000000e-09  8.280843797202e-02 
 6.202800000000e-09 -6.679923658682e-02 
 6.212800000000e-09 -2.113482583414e-01 
 6.222800000000e-09 -3.324976941276e-01 
 6.232800000000e-09 -4.131583656306e-01 
 6.242800000000e-09 -4.423651362564e-01 
 6.252800000000e-09 -4.178218767771e-01 
 6.262800000000e-09 -3.447584992912e-01 
 6.272800000000e-09 -2.334576120619e-01 
 6.282800000000e-09 -9.647921160075e-02 
 6.292800000000e-09  5.275812097797e-02 
 6.302800000000e-09  1.985628847901e-01 
 6.312800000000e-09  3.226998498448e-01 
 6.322800000000e-09  4.077513631472e-01 
 6.332800000000e-09  4.420027910327e-01 
 6.342800000000e-09  4.223610666938e-01 
 6.352800000000e-09  3.534446620923e-01 
 6.362800000000e-09  2.451863364206e-01 
 6.372800000000e-09  1.100406845090e-01 
 6.382800000000e-09 -3.868628107506e-02 
 6.392800000000e-09 -1.855813286293e-01 
 6.402800000000e-09 -3.125469733408e-01 
 6.412800000000e-09 -4.018830596731e-01 
 6.422800000000e-09 -4.411537958990e-01 
 6.432800000000e-09 -4.264572448503e-01 
 6.442800000000e-09 -3.617790406745e-01 
 6.452800000000e-09 -2.566770503355e-01 
 6.462800000000e-09 -1.234821073778e-01 
 6.472800000000e-09  2.459768876095e-02 
 6.482800000000e-09  1.724193979905e-01 
 6.492800000000e-09  3.020529507206e-01 
 6.502800000000e-09  3.955611959409e-01 
 6.512800000000e-09  4.398189314760e-01 
 6.522800000000e-09  4.301055098151e-01 
 6.532800000000e-09  3.697533539741e-01 
 6.542800000000e-09  2.679202163563e-01 
 6.552800000000e-09  1.367927519615e-01 
 6.562800000000e-09 -1.050616949500e-02 
 6.572800000000e-09 -1.590930428611e-01 
 6.582800000000e-09 -2.912322546183e-01 
 6.592800000000e-09 -3.887944207056e-01 
 6.602800000000e-09 -4.379996636713e-01 
 6.612800000000e-09 -4.333014122262e-01 
 6.622800000000e-09 -3.773594598788e-01 
 6.632800000000e-09 -2.789060516075e-01 
 6.642800000000e-09 -1.499616270243e-01 
 6.652800000000e-09 -3.574816650848e-03 
 6.662800000000e-09  1.456179054750e-01 
 6.672800000000e-09  2.800993590878e-01 
 6.682800000000e-09  3.815918951770e-01 
 6.692800000000e-09  4.356978940918e-01 
 6.702800000000e-09  4.360397931199e-01 
 6.712800000000e-09  3.845904430826e-01 
 6.722800000000e-09  2.896283331774e-01 
 6.732800000000e-09  1.629810654637e-01 
 6.742800000000e-09  1.763322559364e-02 
 6.752800000000e-09 -1.320099274659e-01 
 6.762800000000e-09 -2.686707493979e-01 
 6.772800000000e-09 -3.739653753051e-01 
 6.782800000000e-09 -4.329182624384e-01 
 6.792800000000e-09 -4.383224556513e-01 
 6.802800000000e-09 -3.914375766996e-01 
 6.812800000000e-09 -3.000683180790e-01 
 6.822800000000e-09 -1.758331976142e-01 
 6.832800000000e-09 -3.165053377740e-02 
 6.842800000000e-09  1.182882583164e-01 
 6.852800000000e-09  2.569624341283e-01 
 6.862800000000e-09  3.659233740581e-01 
 6.872800000000e-09  4.296592426687e-01 
 6.882800000000e-09  4.401365445719e-01 
 6.892800000000e-09  3.978888979524e-01 
 6.902800000000e-09  3.102192224868e-01 
 6.912800000000e-09  1.885091904716e-01 
 6.922800000000e-09  4.561488601850e-02 
 6.932800000000e-09 -1.044686878427e-01 
 6.942800000000e-09 -2.449910189247e-01 
 6.952800000000e-09 -3.574786302402e-01 
 6.962800000000e-09 -4.259263702071e-01 
 6.972800000000e-09 -4.414824997931e-01 
 6.982800000000e-09 -4.039381502342e-01 
 6.992800000000e-09 -3.200696242538e-01 
 7.002800000000e-09 -2.009975273108e-01 
 7.012800000000e-09 -5.951285677834e-02 
 7.022800000000e-09  9.056751294191e-02 
 7.032800000000e-09  2.327732977673e-01 
 7.042800000000e-09  3.486396954680e-01 
 7.052800000000e-09  4.217163334180e-01 
 7.062800000000e-09  4.423523632193e-01 
 7.072800000000e-09  4.095741005622e-01 
 7.082800000000e-09  3.296077773114e-01 
 7.092800000000e-09  2.132883189847e-01 
 7.102800000000e-09  7.333479368722e-02 
 7.112800000000e-09 -7.659571094884e-02 
 7.122800000000e-09 -2.203179843652e-01 
 7.132800000000e-09 -3.394175130981e-01 
 7.142800000000e-09 -4.170403985027e-01 
 7.152800000000e-09 -4.427477491423e-01 
 7.162800000000e-09 -4.147918972489e-01 
 7.172800000000e-09 -3.388243113347e-01 
 7.182800000000e-09 -2.253700284865e-01 
 7.192800000000e-09 -8.706598285678e-02 
 7.202800000000e-09  6.257253528679e-02 
 7.212800000000e-09  2.076466033905e-01 
 7.222800000000e-09  3.298269986266e-01 
 7.232800000000e-09  4.119019530606e-01 
 7.242800000000e-09  4.426662438859e-01 
 7.252800000000e-09  4.195840146015e-01 
 7.262800000000e-09  3.477092348498e-01 
 7.272800000000e-09  2.372325575275e-01 
 7.282800000000e-09  1.006952537839e-01 
 7.292800000000e-09 -4.851202138382e-02 
 7.302800000000e-09 -1.947740560347e-01 
 7.312800000000e-09 -3.198799780850e-01 
 7.322800000000e-09 -4.063059407393e-01 
 7.332800000000e-09 -4.421061687057e-01 
 7.342800000000e-09 -4.239436673436e-01 
 7.352800000000e-09 -3.562531210743e-01 
 7.362800000000e-09 -2.488661421235e-01 
 7.372800000000e-09 -1.142118880892e-01 
 7.382800000000e-09  3.442772904535e-02 
 7.392800000000e-09  1.817151390900e-01 
 7.402800000000e-09  3.095887463348e-01 
 7.412800000000e-09  4.002582150023e-01 
 7.422800000000e-09  4.410666773618e-01 
 7.432800000000e-09  4.278647598457e-01 
 7.442800000000e-09  3.644470293686e-01 
 7.452800000000e-09  2.602611932571e-01 
 7.462800000000e-09  1.276054076384e-01 
 7.472800000000e-09 -2.033295818687e-02 
 7.482800000000e-09 -1.684847912712e-01 
 7.492800000000e-09 -2.989663124848e-01 
 7.502800000000e-09 -3.937657450194e-01 
 7.512800000000e-09 -4.395478417734e-01 
 7.522800000000e-09 -4.313418295766e-01 
 7.532800000000e-09 -3.722822953988e-01 
 7.542800000000e-09 -2.714079653466e-01 
 7.552800000000e-09 -1.408652113715e-01 
 7.562800000000e-09  6.241062000276e-03 
 7.572800000000e-09  1.550983250387e-01 
 7.582800000000e-09  2.880264860327e-01 
 7.592800000000e-09  3.868365716170e-01 
 7.602800000000e-09  4.375505056491e-01 
 7.612800000000e-09  4.343680160016e-01 
 7.622800000000e-09  3.797495647895e-01 
 7.632800000000e-09  2.822981901980e-01 
 7.642800000000e-09  1.539819434396e-01 
 7.652800000000e-09  7.836424353312e-03 
 7.662800000000e-09 -1.415695228090e-01 
 7.672800000000e-09 -2.767822680476e-01 
 7.682800000000e-09 -3.794789738278e-01 
 7.692800000000e-09 -4.350762587916e-01 
 7.702800000000e-09 -4.369442732993e-01 
 7.712800000000e-09 -3.868455998344e-01 
 7.722800000000e-09 -2.929219976521e-01 
 7.732800000000e-09 -1.669450251393e-01 
 7.742800000000e-09 -2.188474855487e-02 
 7.752800000000e-09  1.279165946596e-01 
 7.762800000000e-09  2.652516496892e-01 
 7.772800000000e-09  3.717052428224e-01 
 7.782800000000e-09  4.321291506613e-01 
 7.792800000000e-09  4.390645776590e-01 
 7.802800000000e-09  3.935553713401e-01 
 7.812800000000e-09  3.032614881562e-01 
 7.822800000000e-09  1.797374022258e-01 
 7.832800000000e-09  3.588687254821e-02 
 7.842800000000e-09 -1.141568821560e-01 
 7.852800000000e-09 -2.534488120709e-01 
 7.862800000000e-09 -3.635223013323e-01 
 7.872800000000e-09 -4.287063956606e-01 
 7.882800000000e-09 -4.407177986869e-01 
 7.892800000000e-09 -3.998690327055e-01 
 7.902800000000e-09 -3.133101000461e-01 
 7.912800000000e-09 -1.923506933826e-01 
 7.922800000000e-09 -4.983142964398e-02 
 7.932800000000e-09  1.003057839975e-01 
 7.942800000000e-09  2.413901684810e-01 
 7.952800000000e-09  3.549429516025e-01 
 7.962800000000e-09  4.248137802237e-01 
 7.972800000000e-09  4.419045566720e-01 
 7.982800000000e-09  4.057802459973e-01 
 7.992800000000e-09  3.230563068434e-01 
 8.002800000000e-09  2.047734927650e-01 
 8.012800000000e-09  6.370533713969e-02 
 8.022800000000e-09 -8.637913718167e-02 
 8.032800000000e-09 -2.290920164453e-01 
 8.042800000000e-09 -3.459752611349e-01 
 8.052800000000e-09 -4.204475340924e-01 
 8.062800000000e-09 -4.426165607125e-01 
 8.072800000000e-09 -4.112775623548e-01 
 8.082800000000e-09 -3.324883256473e-01 
 8.092800000000e-09 -2.169960958527e-01 
 8.102800000000e-09 -7.749939853696e-02 
 8.112800000000e-09  7.238730126636e-02 
 8.122800000000e-09  2.165624868008e-01 
 8.132800000000e-09  3.366298582584e-01 
 8.142800000000e-09  4.156188635842e-01 
 8.152800000000e-09  4.428553823339e-01 
 8.162800000000e-09  4.163561388991e-01 
 8.172800000000e-09  3.415968447238e-01 
 8.182800000000e-09  2.290070784220e-01 
 8.192800000000e-09  9.119914664900e-02 
 8.202800000000e-09 -5.834921481924e-02 
 8.212800000000e-09 -2.038228293576e-01 
 8.222800000000e-09 -3.269214637208e-01 
 8.232800000000e-09 -4.103310274410e-01 
 8.242800000000e-09 -4.426185523646e-01 
 8.252800000000e-09 -4.210084349430e-01 
 8.262800000000e-09 -3.503719238684e-01 
 8.272800000000e-09 -2.407964476991e-01 
 8.282800000000e-09 -1.047936688244e-01 
 8.292800000000e-09  4.427855173021e-02 
 8.302800000000e-09  1.908876287454e-01 
 8.312800000000e-09  3.168617408171e-01 
 8.322800000000e-09  4.045889627228e-01 
 8.332800000000e-09  4.419044189108e-01 
 8.342800000000e-09  4.252277147732e-01 
 8.352800000000e-09  3.588041978522e-01 
 8.362800000000e-09  2.523544859550e-01 
 8.372800000000e-09  1.182723942019e-01 
 8.382800000000e-09 -3.018864012547e-02 
 8.392800000000e-09 -1.777715042032e-01 
 8.402800000000e-09 -3.064629428443e-01 
 8.412800000000e-09 -3.983985996264e-01 
 8.422800000000e-09 -4.407121868075e-01 
 8.432800000000e-09 -4.290079102100e-01 
 8.442800000000e-09 -3.668847279941e-01 
 8.452800000000e-09 -2.636715599229e-01 
 8.462800000000e-09 -1.316248903674e-01 
 8.472800000000e-09  1.609264428553e-02 
 8.482800000000e-09  1.644893070232e-01 
 8.492800000000e-09  2.957381074883e-01 
 8.502800000000e-09  3.917670357814e-01 
 8.512800000000e-09  4.390420017972e-01 
 8.522800000000e-09  4.323435844988e-01 
 8.532800000000e-09  3.746048103252e-01 
 8.542800000000e-09  2.747378067880e-01 
 8.552800000000e-09  1.448405074399e-01 
 8.562800000000e-09 -2.003879449244e-03 
 8.572800000000e-09 -1.510563516370e-01 
 8.582800000000e-09 -2.847011281364e-01 
 8.592800000000e-09 -3.847024518385e-01 
 8.602800000000e-09 -4.368947563255e-01 
 8.612800000000e-09 -4.352282406323e-01 
 8.622800000000e-09 -3.819558325528e-01 
 8.632800000000e-09 -2.855455711566e-01 
 8.642800000000e-09 -1.579102896673e-01 
 8.652800000000e-09 -1.206633505349e-02 
 8.662800000000e-09  1.374865184903e-01 
 8.672800000000e-09  2.733654808743e-01 
 8.682800000000e-09  3.772138934798e-01 
 8.692800000000e-09  4.342728805665e-01 
 8.702800000000e-09  4.376633865748e-01 
 8.712800000000e-09  3.889312358682e-01 
 8.722800000000e-09  2.960790953103e-01 
 8.732800000000e-09  1.708194225439e-01 
 8.742800000000e-09  2.610061173953e-02 
 8.752800000000e-09 -1.237988908314e-01 
 8.762800000000e-09 -2.617480966205e-01 
 8.772800000000e-09 -3.693108066753e-01 
 8.782800000000e-09 -4.311761018488e-01 
 8.792800000000e-09 -4.396363298836e-01 
 8.802800000000e-09 -3.955176036298e-01 
 8.812800000000e-09 -3.063299640585e-01 
 8.822800000000e-09 -1.835577552047e-01 
 8.832800000000e-09 -4.008669831171e-02 
 8.842800000000e-09  1.100088498490e-01 
 8.852800000000e-09  2.498643622242e-01 
 8.862800000000e-09  3.610043611857e-01 
 8.872800000000e-09  4.276082086867e-01 
 8.882800000000e-09  4.411461998038e-01 
 8.892800000000e-09  4.017081340062e-01 
 8.902800000000e-09  3.162865523311e-01 
 8.912800000000e-09  1.961136490073e-01 
 8.922800000000e-09  5.401113321009e-02 
 8.932800000000e-09 -9.613250459118e-02 
 8.942800000000e-09 -2.377299682958e-01 
 8.952800000000e-09 -3.523053052055e-01 
 8.962800000000e-09 -4.235718629999e-01 
 8.972800000000e-09 -4.421889506654e-01 
 8.982800000000e-09 -4.074940126532e-01 
 8.992800000000e-09 -3.259376696728e-01 
 9.002800000000e-09 -2.084758049339e-01 
 9.012800000000e-09 -6.786105797676e-02 
 9.022800000000e-09  8.218547641517e-02 
 9.032800000000e-09  2.253610500031e-01 
 9.042800000000e-09  3.432216026536e-01 
 9.052800000000e-09  4.190632151021e-01 
 9.062800000000e-09  4.427562753221e-01 
 9.072800000000e-09  4.128637986291e-01 
 9.082800000000e-09  3.352716168888e-01 
 9.092800000000e-09  2.206347069831e-01 
 9.102800000000e-09  8.162762332995e-02 
 9.112800000000e-09 -6.817771358741e-02 
 9.122800000000e-09 -2.127654466326e-01 
 9.132800000000e-09 -3.337638927379e-01 
 9.142800000000e-09 -4.140937281462e-01 
 9.152800000000e-09 -4.428499786168e-01 
 9.162800000000e-09 -4.178128671398e-01 
 9.172800000000e-09 -3.442792580681e-01 
 9.182800000000e-09 -2.325790537147e-01 
 9.192800000000e-09 -9.529650978565e-02 
 9.202800000000e-09  5.412803325708e-02 
 9.212800000000e-09  1.999643939116e-01 
 9.222800000000e-09  3.239469967948e-01 
 9.232800000000e-09  4.086668253615e-01 
 9.242800000000e-09  4.424677778195e-01 
 9.252800000000e-09  4.223338310011e-01 
 9.262800000000e-09  3.529507894476e-01 
 9.272800000000e-09  2.442989525662e-01 
 9.282800000000e-09  1.088569710162e-01 
 9.292800000000e-09 -4.004991472103e-02 
 9.302800000000e-09 -1.869723848959e-01 
 9.312800000000e-09 -3.137826663683e-01 
 9.322800000000e-09 -4.027876849119e-01 
 9.332800000000e-09 -4.416082584037e-01 
 9.342800000000e-09 -4.264201591213e-01 
 9.352800000000e-09 -3.612769885975e-01 
 9.362800000000e-09 -2.557847328124e-01 
 9.372800000000e-09 -1.222985035236e-01 
 9.382800000000e-09  2.595660594508e-02 
 9.392800000000e-09  1.738040667373e-01 
 9.402800000000e-09  3.032833393023e-01 
 9.412800000000e-09  3.964625271805e-01 
 9.422800000000e-09  4.402708505452e-01 
 9.432800000000e-09  4.300659306167e-01 
 9.442800000000e-09  3.692489772280e-01 
 9.452800000000e-09  2.670267135073e-01 
 9.462800000000e-09  1.356106568397e-01 
 9.472800000000e-09 -1.186125475795e-02 
 9.482800000000e-09 -1.604743650744e-01 
 9.492800000000e-09 -2.924622604408e-01 
 9.502800000000e-09 -3.896987508629e-01 
 9.512800000000e-09 -4.384559218000e-01 
 9.522800000000e-09 -4.332658449715e-01 
 9.532800000000e-09 -3.768580723101e-01 
 9.542800000000e-09 -2.780149246854e-01 
 9.552800000000e-09 -1.487826012020e-01 
 9.562800000000e-09 -2.223188892072e-03 
 9.572800000000e-09  1.469980822149e-01 
 9.582800000000e-09  2.813328295413e-01 
 9.592800000000e-09  3.825043785107e-01 
 9.602800000000e-09  4.361643556941e-01 
 9.612800000000e-09  4.360150478793e-01 
 9.622800000000e-09  3.840959175646e-01 
 9.632800000000e-09  2.887395271621e-01 
 9.642800000000e-09  1.618040765712e-01 
 9.652800000000e-09  1.628306050492e-02 
 9.662800000000e-09 -1.333915580611e-01 
 9.672800000000e-09 -2.699106896662e-01 
 9.682800000000e-09 -3.748891727163e-01 
 9.692800000000e-09 -4.333979538901e-01 
 9.702800000000e-09 -4.383087582849e-01 
 9.712800000000e-09 -3.909532985558e-01 
 9.722800000000e-09 -2.991891080634e-01 
 9.732800000000e-09 -1.746629136013e-01 
 9.742800000000e-09 -3.030430452172e-02 
 9.752800000000e-09  1.196712499606e-01 
 9.762800000000e-09  2.582112612336e-01 
 9.772800000000e-09  3.668633071773e-01 
 9.782800000000e-09  4.301588406708e-01 
 9.792800000000e-09  4.401424994552e-01 
 9.802800000000e-09  3.974212261165e-01 
 9.812800000000e-09  3.093524163799e-01 
 9.822800000000e-09  1.873474572404e-01 
 9.832800000000e-09  4.427324552559e-02 
 9.842800000000e-09 -1.058534485387e-01 
 9.852800000000e-09 -2.462502663617e-01 
 9.862800000000e-09 -3.584373597407e-01 
 9.872800000000e-09 -4.264494623339e-01 
 9.882800000000e-09 -4.415120109474e-01 
 9.892800000000e-09 -4.034907338189e-01 
 9.902800000000e-09 -3.192181298727e-01 
 9.912800000000e-09 -1.998461658420e-01 
 9.922800000000e-09 -5.817660000113e-02 
 9.932800000000e-09  9.195414427686e-02 
 9.942800000000e-09  2.340440564705e-01 
 9.952800000000e-09  3.496193629507e-01 
 9.962800000000e-09  4.222659758411e-01 
 9.972800000000e-09  4.424088519218e-01 
 9.982800000000e-09  4.091502192439e-01 
 9.992800000000e-09  3.287742828138e-01 
 1.000000000000e-08  2.473540020413e-01 
