 1.628000000000e-10  8.118333005955e-03 
 1.728000000000e-10 -6.329880271270e-03 
 1.828000000000e-10 -2.038793061627e-02 
 1.928000000000e-10 -3.207435969353e-02 
 2.028000000000e-10 -3.966808535291e-02 
 2.128000000000e-10 -4.196532160792e-02 
 2.228000000000e-10 -3.846876422299e-02 
 2.328000000000e-10 -2.947722594943e-02 
 2.428000000000e-10 -1.606265046603e-02 
 2.528000000000e-10  5.522904027910e-05 
 2.628000000000e-10  1.672059043591e-02 
 2.728000000000e-10  3.161888270440e-02 
 2.828000000000e-10  4.259548590474e-02 
 2.928000000000e-10  4.797276837222e-02 
 3.028000000000e-10  4.681150218828e-02 
 3.128000000000e-10  3.906521489663e-02 
 3.228000000000e-10  2.560427702967e-02 
 3.328000000000e-10  8.114579029678e-03 
 3.428000000000e-10 -1.110628324049e-02 
 3.528000000000e-10 -2.943495583141e-02 
 3.628000000000e-10 -4.426910391257e-02 
 3.728000000000e-10 -5.340070983875e-02 
 3.828000000000e-10 -5.535530635378e-02 
 3.928000000000e-10 -4.962959251593e-02 
 4.028000000000e-10 -3.678155941195e-02 
 4.128000000000e-10 -1.836978634521e-02 
 4.228000000000e-10  3.233782099971e-03 
 4.328000000000e-10  2.512979027240e-02 
 4.428000000000e-10  4.425963327837e-02 
 4.528000000000e-10  5.783059480212e-02 
 4.628000000000e-10  6.374067358040e-02 
 4.728000000000e-10  6.091597006594e-02 
 4.828000000000e-10  4.948696029089e-02 
 4.928000000000e-10  3.078044718523e-02 
 5.028000000000e-10  7.155216309594e-03 
 5.128000000000e-10 -1.827820711620e-02 
 5.228000000000e-10 -4.203240559004e-02 
 5.328000000000e-10 -6.070358440645e-02 
 5.428000000000e-10 -7.147598556130e-02 
 5.528000000000e-10 -7.257483784714e-02 
 5.628000000000e-10 -6.355725224728e-02 
 5.728000000000e-10 -4.537788407462e-02 
 5.828000000000e-10 -2.027778185752e-02 
 5.928000000000e-10  8.494443242236e-03 
 6.028000000000e-10  3.707400795750e-02 
 6.128000000000e-10  6.143925487204e-02 
 6.228000000000e-10  7.798712910472e-02 
 6.328000000000e-10  8.411385708425e-02 
 6.428000000000e-10  7.864904810453e-02 
 6.528000000000e-10  6.203775906642e-02 
 6.628000000000e-10  3.626320181588e-02 
 6.728000000000e-10  4.587555623620e-03 
 6.828000000000e-10 -2.881734415468e-02 
 6.928000000000e-10 -5.934532541792e-02 
 7.028000000000e-10 -8.256603485242e-02 
 7.128000000000e-10 -9.492002759678e-02 
 7.228000000000e-10 -9.432918828054e-02 
 7.328000000000e-10 -8.053689449027e-02 
 7.428000000000e-10 -5.511567400610e-02 
 7.528000000000e-10 -2.122337543119e-02 
 7.628000000000e-10  1.676947232187e-02 
 7.728000000000e-10  5.374110311830e-02 
 7.828000000000e-10  8.442972146169e-02 
 7.928000000000e-10  1.042185922200e-01 
 8.028000000000e-10  1.099392756037e-01 
 8.128000000000e-10  1.004252735899e-01 
 8.228000000000e-10  7.665382758375e-02 
 8.328000000000e-10  4.153080573207e-02 
 8.428000000000e-10 -5.207644708367e-04 
 8.528000000000e-10 -4.394067067582e-02 
 8.628000000000e-10 -8.266995517041e-02 
 8.728000000000e-10 -1.110371642160e-01 
 8.828000000000e-10 -1.246112649493e-01 
 8.928000000000e-10 -1.210506685821e-01 
 9.028000000000e-10 -1.005063953106e-01 
 9.128000000000e-10 -6.545430905080e-02 
 9.228000000000e-10 -2.023209667094e-02 
 9.328000000000e-10  2.933038285658e-02 
 9.428000000000e-10  7.644528398162e-02 
 9.528000000000e-10  1.143487896000e-01 
 9.628000000000e-10  1.372814969980e-01 
 9.728000000000e-10  1.414916697473e-01 
 9.828000000000e-10  1.260001265544e-01 
 9.928000000000e-10  9.264193504608e-02 
 1.002800000000e-09  4.551151450332e-02 
 1.012800000000e-09 -9.454171143640e-03 
 1.022800000000e-09 -6.493078984340e-02 
 1.032800000000e-09 -1.130750746148e-01 
 1.042800000000e-09 -1.466692524490e-01 
 1.052800000000e-09 -1.604566541580e-01 
 1.062800000000e-09 -1.520775270952e-01 
 1.072800000000e-09 -1.223781796898e-01 
 1.082800000000e-09 -7.501648673652e-02 
 1.092800000000e-09 -1.587951274001e-02 
 1.102800000000e-09  4.738449615792e-02 
 1.112800000000e-09  1.060709895262e-01 
 1.122800000000e-09  1.515274341434e-01 
 1.132800000000e-09  1.767360927861e-01 
 1.142800000000e-09  1.776277364291e-01 
 1.152800000000e-09  1.537544730295e-01 
 1.162800000000e-09  1.081178560305e-01 
 1.172800000000e-09  4.640802695156e-02 
 1.182800000000e-09 -2.360630354625e-02 
 1.192800000000e-09 -9.260951786916e-02 
 1.202800000000e-09 -1.506591696702e-01 
 1.212800000000e-09 -1.888366381346e-01 
 1.222800000000e-09 -2.011069135942e-01 
 1.232800000000e-09 -1.854353982991e-01 
 1.242800000000e-09 -1.438751780242e-01 
 1.252800000000e-09 -8.167803118392e-02 
 1.262800000000e-09 -6.491649884312e-03 
 1.272800000000e-09  7.199645740364e-02 
 1.282800000000e-09  1.428210711862e-01 
 1.292800000000e-09  1.952503075147e-01 
 1.302800000000e-09  2.210383595214e-01 
 1.312800000000e-09  2.161053858909e-01 
 1.322800000000e-09  1.810824516080e-01 
 1.332800000000e-09  1.206357208243e-01 
 1.342800000000e-09  4.228189184937e-02 
 1.352800000000e-09 -4.422696299168e-02 
 1.362800000000e-09 -1.272941147150e-01 
 1.372800000000e-09 -1.946206417445e-01 
 1.382800000000e-09 -2.355959183852e-01 
 1.392800000000e-09 -2.437640792824e-01 
 1.402800000000e-09 -2.179758034525e-01 
 1.412800000000e-09 -1.619214100572e-01 
 1.422800000000e-09 -8.282152312699e-02 
 1.432800000000e-09  9.643942798566e-03 
 1.442800000000e-09  1.036448163916e-01 
 1.452800000000e-09  1.857503978609e-01 
 1.462800000000e-09  2.431331285306e-01 
 1.472800000000e-09  2.666701251318e-01 
 1.482800000000e-09  2.528898811513e-01 
 1.492800000000e-09  2.040446966764e-01 
 1.502800000000e-09  1.268548951817e-01 
 1.512800000000e-09  3.087522064991e-02 
 1.522800000000e-09 -7.212167334612e-02 
 1.532800000000e-09 -1.681151557158e-01 
 1.542800000000e-09 -2.424134311807e-01 
 1.552800000000e-09 -2.831334745931e-01 
 1.562800000000e-09 -2.840196710157e-01 
 1.572800000000e-09 -2.453535483655e-01 
 1.582800000000e-09 -1.729640274483e-01 
 1.592800000000e-09 -7.616996788673e-02 
 1.602800000000e-09  3.340643460460e-02 
 1.612800000000e-09  1.416532421842e-01 
 1.622800000000e-09  2.325923339414e-01 
 1.632800000000e-09  2.916005400776e-01 
 1.642800000000e-09  3.093450355522e-01 
 1.652800000000e-09  2.837361650850e-01 
 1.662800000000e-09  2.191668817460e-01 
 1.672800000000e-09  1.245343143874e-01 
 1.682800000000e-09  1.131167517008e-02 
 1.692800000000e-09 -1.066963191621e-01 
 1.702800000000e-09 -2.129640510591e-01 
 1.712800000000e-09 -2.906582648602e-01 
 1.722800000000e-09 -3.272075429474e-01 
 1.732800000000e-09 -3.174494506736e-01 
 1.742800000000e-09 -2.637647807595e-01 
 1.752800000000e-09 -1.743055229138e-01 
 1.762800000000e-09 -6.042760183194e-02 
 1.772800000000e-09  6.446565847056e-02 
 1.782800000000e-09  1.839894292824e-01 
 1.792800000000e-09  2.798215520236e-01 
 1.802800000000e-09  3.361844422875e-01 
 1.812800000000e-09  3.444671254137e-01 
 1.822800000000e-09  3.047172973680e-01 
 1.832800000000e-09  2.236890598661e-01 
 1.842800000000e-09  1.123069896848e-01 
 1.852800000000e-09 -1.627009089701e-02 
 1.862800000000e-09 -1.462445939336e-01 
 1.872800000000e-09 -2.587062422617e-01 
 1.882800000000e-09 -3.352579316249e-01 
 1.892800000000e-09 -3.635848858531e-01 
 1.902800000000e-09 -3.405221518826e-01 
 1.912800000000e-09 -2.709016068193e-01 
 1.922800000000e-09 -1.650600687381e-01 
 1.932800000000e-09 -3.600540170553e-02 
 1.942800000000e-09  1.012073546503e-01 
 1.952800000000e-09  2.279408688849e-01 
 1.962800000000e-09  3.240089759525e-01 
 1.972800000000e-09  3.734060821786e-01 
 1.982800000000e-09  3.692692245640e-01 
 1.992800000000e-09  3.141744713752e-01 
 2.002800000000e-09  2.171376532362e-01 
 2.012800000000e-09  9.078127412816e-02 
 2.022800000000e-09 -5.030383371796e-02 
 2.032800000000e-09 -1.883417275788e-01 
 2.042800000000e-09 -3.023702227489e-01 
 2.052800000000e-09 -3.732533275236e-01 
 2.062800000000e-09 -3.900332845954e-01 
 2.072800000000e-09 -3.521123015802e-01 
 2.082800000000e-09 -2.667206767137e-01 
 2.092800000000e-09 -1.460681660310e-01 
 2.102800000000e-09 -4.458800702390e-03 
 2.112800000000e-09  1.414577242553e-01 
 2.122800000000e-09  2.709546021700e-01 
 2.132800000000e-09  3.626618316096e-01 
 2.142800000000e-09  4.015454766998e-01 
 2.152800000000e-09  3.831990835801e-01 
 2.162800000000e-09  3.124252398457e-01 
 2.172800000000e-09  2.004121298456e-01 
 2.182800000000e-09  6.137174876405e-02 
 2.192800000000e-09 -8.896242996987e-02 
 2.202800000000e-09 -2.308893542528e-01 
 2.212800000000e-09 -3.419026664924e-01 
 2.222800000000e-09 -4.031714383637e-01 
 2.232800000000e-09 -4.060771006617e-01 
 2.242800000000e-09 -3.526975220065e-01 
 2.252800000000e-09 -2.524091603848e-01 
 2.262800000000e-09 -1.189305130477e-01 
 2.272800000000e-09  3.241396924143e-02 
 2.282800000000e-09  1.833248639472e-01 
 2.292800000000e-09  3.112947179451e-01 
 2.302800000000e-09  3.946250142431e-01 
 2.312800000000e-09  4.202054691503e-01 
 2.322800000000e-09  3.864827648431e-01 
 2.332800000000e-09  3.006167598629e-01 
 2.342800000000e-09  1.754959780674e-01 
 2.352800000000e-09  2.629365655023e-02 
 2.362800000000e-09 -1.300248511346e-01 
 2.372800000000e-09 -2.719001712868e-01 
 2.382800000000e-09 -3.759402542311e-01 
 2.392800000000e-09 -4.247015150990e-01 
 2.402800000000e-09 -4.124585420739e-01 
 2.412800000000e-09 -3.438144159975e-01 
 2.422800000000e-09 -2.299997956263e-01 
 2.432800000000e-09 -8.582903546765e-02 
 2.442800000000e-09  7.247111686636e-02 
 2.452800000000e-09  2.248780059947e-01 
 2.462800000000e-09  3.475453289390e-01 
 2.472800000000e-09  4.194241687528e-01 
 2.482800000000e-09  4.301288542963e-01 
 2.492800000000e-09  3.808824160693e-01 
 2.502800000000e-09  2.809130689237e-01 
 2.512800000000e-09  1.444881107368e-01 
 2.522800000000e-09 -1.253107601081e-02 
 2.532800000000e-09 -1.718136390610e-01 
 2.542800000000e-09 -3.101711445245e-01 
 2.552800000000e-09 -4.040995964815e-01 
 2.562800000000e-09 -4.385091424540e-01 
 2.572800000000e-09 -4.106414137802e-01 
 2.582800000000e-09 -3.273628229427e-01 
 2.592800000000e-09 -2.015201482807e-01 
 2.602800000000e-09 -4.862981491602e-02 
 2.612800000000e-09  1.141055807017e-01 
 2.622800000000e-09  2.649300217175e-01 
 2.632800000000e-09  3.792064797581e-01 
 2.642800000000e-09  4.374865544606e-01 
 2.652800000000e-09  4.325059926578e-01 
 2.662800000000e-09  3.680573149665e-01 
 2.672800000000e-09  2.551745734609e-01 
 2.682800000000e-09  1.091526106520e-01 
 2.692800000000e-09 -5.355547029103e-02 
 2.702800000000e-09 -2.130861144891e-01 
 2.712800000000e-09 -3.449651610376e-01 
 2.722800000000e-09 -4.264347536247e-01 
 2.732800000000e-09 -4.453246872477e-01 
 2.742800000000e-09 -4.017703873296e-01 
 2.752800000000e-09 -3.045133459746e-01 
 2.762800000000e-09 -1.679324601299e-01 
 2.772800000000e-09 -8.285471922544e-03 
 2.782800000000e-09  1.562980235221e-01 
 2.792800000000e-09  3.025223375590e-01 
 2.802800000000e-09  4.056694297807e-01 
 2.812800000000e-09  4.488189594752e-01 
 2.822800000000e-09  4.278238291979e-01 
 2.832800000000e-09  3.487548975292e-01 
 2.842800000000e-09  2.242725858188e-01 
 2.852800000000e-09  7.032176632751e-02 
 2.862800000000e-09 -9.596326724625e-02 
 2.872800000000e-09 -2.530861504951e-01 
 2.882800000000e-09 -3.757689009679e-01 
 2.892800000000e-09 -4.430851630294e-01 
 2.902800000000e-09 -4.459871232584e-01 
 2.912800000000e-09 -3.869977099035e-01 
 2.922800000000e-09 -2.768445347109e-01 
 2.932800000000e-09 -1.310371473432e-01 
 2.942800000000e-09  3.380326465723e-02 
 2.952800000000e-09  1.981731266070e-01 
 2.962800000000e-09  3.374436626463e-01 
 2.972800000000e-09  4.275702975785e-01 
 2.982800000000e-09  4.546398656197e-01 
 2.992800000000e-09  4.175656351012e-01 
 3.002800000000e-09  3.246498257985e-01 
 3.012800000000e-09  1.898601835284e-01 
 3.022800000000e-09  2.941777333834e-02 
 3.032800000000e-09 -1.385872579958e-01 
 3.042800000000e-09 -2.910543850934e-01 
 3.052800000000e-09 -4.024756402918e-01 
 3.062800000000e-09 -4.541407830463e-01 
 3.072800000000e-09 -4.404859788014e-01 
 3.082800000000e-09 -3.667502411246e-01 
 3.092800000000e-09 -2.451126847823e-01 
 3.102800000000e-09 -9.169112646545e-02 
 3.112800000000e-09  7.644297020195e-02 
 3.122800000000e-09  2.382598471711e-01 
 3.132800000000e-09  3.682321408288e-01 
 3.142800000000e-09  4.438327132484e-01 
 3.152800000000e-09  4.544971553354e-01 
 3.162800000000e-09  4.019036803128e-01 
 3.172800000000e-09  2.959880122208e-01 
 3.182800000000e-09  1.520506007276e-01 
 3.192800000000e-09 -1.315520111938e-02 
 3.202800000000e-09 -1.806039948340e-01 
 3.212800000000e-09 -3.258740404548e-01 
 3.222800000000e-09 -4.240022204735e-01 
 3.232800000000e-09 -4.593665772411e-01 
 3.242800000000e-09 -4.295062521322e-01 
 3.252800000000e-09 -3.418340571500e-01 
 3.262800000000e-09 -2.099495203702e-01 
 3.272800000000e-09 -5.028016321662e-02 
 3.282800000000e-09  1.194061275750e-01 
 3.292800000000e-09  2.765062013812e-01 
 3.302800000000e-09  3.951294521833e-01 
 3.312800000000e-09  4.550423061288e-01 
 3.322800000000e-09  4.491100293416e-01 
 3.332800000000e-09  3.815336031617e-01 
 3.342800000000e-09  2.639074471454e-01 
 3.352800000000e-09  1.123085074485e-01 
 3.362800000000e-09 -5.625278236353e-02 
 3.372800000000e-09 -2.213316985308e-01 
 3.382800000000e-09 -3.574779337662e-01 
 3.392800000000e-09 -4.410358802692e-01 
 3.402800000000e-09 -4.597454535161e-01 
 3.412800000000e-09 -4.140555464035e-01 
 3.422800000000e-09 -3.131435731461e-01 
 3.432800000000e-09 -1.719981286206e-01 
 3.442800000000e-09 -7.456345179320e-03 
 3.452800000000e-09  1.619384463562e-01 
 3.462800000000e-09  3.121755989249e-01 
 3.472800000000e-09  4.176715481054e-01 
 3.482800000000e-09  4.611913341419e-01 
 3.492800000000e-09  4.388165545856e-01 
 3.502800000000e-09  3.569807807062e-01 
 3.512800000000e-09  2.287947328430e-01 
 3.522800000000e-09  7.075549347480e-02 
 3.532800000000e-09 -9.963984066202e-02 
 3.542800000000e-09 -2.603981010636e-01 
 3.552800000000e-09 -3.855076758638e-01 
 3.562800000000e-09 -4.535695752401e-01 
 3.572800000000e-09 -4.556556126393e-01 
 3.582800000000e-09 -3.946059909979e-01 
 3.592800000000e-09 -2.815021037448e-01 
 3.602800000000e-09 -1.322991841429e-01 
 3.612800000000e-09  3.601808842739e-02 
 3.622800000000e-09  2.035990738201e-01 
 3.632800000000e-09  3.452455036678e-01 
 3.642800000000e-09  4.363867757421e-01 
 3.652800000000e-09  4.630914133687e-01 
 3.662800000000e-09  4.245140300425e-01 
 3.672800000000e-09  3.292511375056e-01 
 3.682800000000e-09  1.916257663728e-01 
 3.692800000000e-09  2.822945886858e-02 
 3.702800000000e-09 -1.425823581883e-01 
 3.712800000000e-09 -2.972905803856e-01 
 3.722800000000e-09 -4.098820002523e-01 
 3.732800000000e-09 -4.614890620445e-01 
 3.742800000000e-09 -4.467473731355e-01 
 3.752800000000e-09 -3.711476719612e-01 
 3.762800000000e-09 -2.471518162017e-01 
 3.772800000000e-09 -9.121597658775e-02 
 3.782800000000e-09  7.935581693302e-02 
 3.792800000000e-09  2.432276811164e-01 
 3.802800000000e-09  3.744398533318e-01 
 3.812800000000e-09  4.504460360807e-01 
 3.822800000000e-09  4.605978319980e-01 
 3.832800000000e-09  4.064517116501e-01 
 3.842800000000e-09  2.983854659029e-01 
 3.852800000000e-09  1.520974638804e-01 
 3.862800000000e-09 -1.542197363036e-02 
 3.872800000000e-09 -1.849058063978e-01 
 3.882800000000e-09 -3.315523337373e-01 
 3.892800000000e-09 -4.300668083393e-01 
 3.902800000000e-09 -4.648618750052e-01 
 3.912800000000e-09 -4.337042383359e-01 
 3.922800000000e-09 -3.442461454053e-01 
 3.932800000000e-09 -2.103375009384e-01 
 3.942800000000e-09 -4.865237300779e-02 
 3.952800000000e-09  1.228517425933e-01 
 3.962800000000e-09  2.812812459583e-01 
 3.972800000000e-09  4.004170090776e-01 
 3.982800000000e-09  4.599602471521e-01 
 3.992800000000e-09  4.529787397127e-01 
 4.002800000000e-09  3.838930708933e-01 
 4.012800000000e-09  2.645113140939e-01 
 4.022800000000e-09  1.111413914334e-01 
 4.032800000000e-09 -5.904369823983e-02 
 4.042800000000e-09 -2.253780883872e-01 
 4.052800000000e-09 -3.621204194170e-01 
 4.062800000000e-09 -4.454702877404e-01 
 4.072800000000e-09 -4.633211210677e-01 
 4.082800000000e-09 -4.163339345791e-01 
 4.092800000000e-09 -3.138828269251e-01 
 4.102800000000e-09 -1.711616993178e-01 
 4.112800000000e-09 -5.164964876686e-03 
 4.122800000000e-09  1.654039289428e-01 
 4.132800000000e-09  3.162875203067e-01 
 4.142800000000e-09  4.217131519351e-01 
 4.152800000000e-09  4.645221222262e-01 
 4.162800000000e-09  4.410092630029e-01 
 4.172800000000e-09  3.578068376132e-01 
 4.182800000000e-09  2.282013657899e-01 
 4.192800000000e-09  6.884224801619e-02 
 4.202800000000e-09 -1.026484514480e-01 
 4.212800000000e-09 -2.640768510676e-01 
 4.222800000000e-09 -3.892297285070e-01 
 4.232800000000e-09 -4.567030654972e-01 
 4.242800000000e-09 -4.577720676582e-01 
 4.252800000000e-09 -3.954853380644e-01 
 4.262800000000e-09 -2.810865235756e-01 
 4.272800000000e-09 -1.306757046467e-01 
 4.282800000000e-09  3.865986204693e-02 
 4.292800000000e-09  2.069139402152e-01 
 4.302800000000e-09  3.486967415091e-01 
 4.312800000000e-09  4.393744827953e-01 
 4.322800000000e-09  4.651800545153e-01 
 4.332800000000e-09  4.254666239495e-01 
 4.342800000000e-09  3.290005204574e-01 
 4.352800000000e-09  1.902451952843e-01 
 4.362800000000e-09  2.588436345717e-02 
 4.372800000000e-09 -1.456096767374e-01 
 4.382800000000e-09 -3.005432058344e-01 
 4.392800000000e-09 -4.127928526891e-01 
 4.402800000000e-09 -4.635971686151e-01 
 4.412800000000e-09 -4.477982204334e-01 
 4.422800000000e-09 -3.710575959123e-01 
 4.432800000000e-09 -2.459758792251e-01 
 4.442800000000e-09 -8.911228382524e-02 
 4.452800000000e-09  8.214805525352e-02 
 4.462800000000e-09  2.463187139437e-01 
 4.472800000000e-09  3.773055773358e-01 
 4.482800000000e-09  4.525934813155e-01 
 4.492800000000e-09  4.617396583725e-01 
 4.502800000000e-09  4.064985460071e-01 
 4.512800000000e-09  2.973843815720e-01 
 4.522800000000e-09  1.501994784890e-01 
 4.532800000000e-09 -1.800290371979e-02 
 4.542800000000e-09 -1.878395704769e-01 
 4.552800000000e-09 -3.343687588800e-01 
 4.562800000000e-09 -4.322741197422e-01 
 4.572800000000e-09 -4.661384606784e-01 
 4.582800000000e-09 -4.339235047952e-01 
 4.592800000000e-09 -3.434358036564e-01 
 4.602800000000e-09 -2.086371566935e-01 
 4.612800000000e-09 -4.625937025689e-02 
 4.622800000000e-09  1.256572159792e-01 
 4.632800000000e-09  2.840816931911e-01 
 4.642800000000e-09  4.027245916202e-01 
 4.652800000000e-09  4.614061784707e-01 
 4.662800000000e-09  4.534007516948e-01 
 4.672800000000e-09  3.832900226714e-01 
 4.682800000000e-09  2.630017197585e-01 
 4.692800000000e-09  1.089205501225e-01 
 4.702800000000e-09 -6.172936750840e-02 
 4.712800000000e-09 -2.281613235304e-01 
 4.722800000000e-09 -3.645330921694e-01 
 4.732800000000e-09 -4.471007145882e-01 
 4.742800000000e-09 -4.639599774873e-01 
 4.752800000000e-09 -4.159485871776e-01 
 4.762800000000e-09 -3.125696908514e-01 
 4.772800000000e-09 -1.691105221029e-01 
 4.782800000000e-09 -2.603682766197e-03 
 4.792800000000e-09  1.681565804116e-01 
 4.802800000000e-09  3.187972006852e-01 
 4.812800000000e-09  4.235398883913e-01 
 4.822800000000e-09  4.653959671062e-01 
 4.832800000000e-09  4.408578634706e-01 
 4.842800000000e-09  3.567071486644e-01 
 4.852800000000e-09  2.263293288876e-01 
 4.862800000000e-09  6.641573156694e-02 
 4.872800000000e-09 -1.053527272658e-01 
 4.882800000000e-09 -2.666644636298e-01 
 4.892800000000e-09 -3.912516371978e-01 
 4.902800000000e-09 -4.578243823592e-01 
 4.912800000000e-09 -4.578712034487e-01 
 4.922800000000e-09 -3.946115586764e-01 
 4.932800000000e-09 -2.793969208327e-01 
 4.942800000000e-09 -1.283886833716e-01 
 4.952800000000e-09  4.129469070709e-02 
 4.962800000000e-09  2.095455744929e-01 
 4.972800000000e-09  3.508880559299e-01 
 4.982800000000e-09  4.407474302129e-01 
 4.992800000000e-09  4.655580391793e-01 
 5.002800000000e-09  4.248516099969e-01 
 5.012800000000e-09  3.275258304700e-01 
 5.022800000000e-09  1.881241734440e-01 
 5.032800000000e-09  2.334640350662e-02 
 5.042800000000e-09 -1.482594588377e-01 
 5.052800000000e-09 -3.028947870565e-01 
 5.062800000000e-09 -4.144329515883e-01 
 5.072800000000e-09 -4.642807434637e-01 
 5.082800000000e-09 -4.474781779575e-01 
 5.092800000000e-09 -3.698298848573e-01 
 5.102800000000e-09 -2.440329640841e-01 
 5.112800000000e-09 -8.668465043954e-02 
 5.122800000000e-09  8.478990852852e-02 
 5.132800000000e-09  2.487989672058e-01 
 5.142800000000e-09  3.791969865003e-01 
 5.152800000000e-09  4.535749059883e-01 
 5.162800000000e-09  4.617046936388e-01 
 5.172800000000e-09  4.055158554517e-01 
 5.182800000000e-09  2.956275471961e-01 
 5.192800000000e-09  1.478994131400e-01 
 5.202800000000e-09 -2.059728754996e-02 
 5.212800000000e-09 -1.903929323397e-01 
 5.222800000000e-09 -3.364642038830e-01 
 5.232800000000e-09 -4.335463789635e-01 
 5.242800000000e-09 -4.664188322808e-01 
 5.252800000000e-09 -4.332259307947e-01 
 5.262800000000e-09 -3.419053952439e-01 
 5.272800000000e-09 -2.064968442205e-01 
 5.282800000000e-09 -4.374455224066e-02 
 5.292800000000e-09  1.282529243977e-01 
 5.302800000000e-09  2.863656512657e-01 
 5.312800000000e-09  4.042957306080e-01 
 5.322800000000e-09  4.620226671060e-01 
 5.332800000000e-09  4.530225051412e-01 
 5.342800000000e-09  3.820210111699e-01 
 5.352800000000e-09  2.610412730096e-01 
 5.362800000000e-09  1.065072370373e-01 
 5.372800000000e-09 -6.433154346639e-02 
 5.382800000000e-09 -2.305923585318e-01 
 5.392800000000e-09 -3.663790197313e-01 
 5.402800000000e-09 -4.480499664502e-01 
 5.412800000000e-09 -4.639096197876e-01 
 5.422800000000e-09 -4.149597496754e-01 
 5.432800000000e-09 -3.108141919624e-01 
 5.442800000000e-09 -1.668253106000e-01 
 5.452800000000e-09 -3.618319397702e-05 
 5.462800000000e-09  1.706848764113e-01 
 5.472800000000e-09  3.208821606450e-01 
 5.482800000000e-09  4.248155020193e-01 
 5.492800000000e-09  4.656842587524e-01 
 5.502800000000e-09  4.401698589413e-01 
 5.512800000000e-09  3.551882421247e-01 
 5.522800000000e-09  2.242040283140e-01 
 5.532800000000e-09  6.392364311904e-02 
 5.542800000000e-09 -1.079281202786e-01 
 5.552800000000e-09 -2.689434856561e-01 
 5.562800000000e-09 -3.928360626283e-01 
 5.572800000000e-09 -4.584561445367e-01 
 5.582800000000e-09 -4.575024636330e-01 
 5.592800000000e-09 -3.933524088995e-01 
 5.602800000000e-09 -2.774502725135e-01 
 5.612800000000e-09 -1.259978072076e-01 
 5.622800000000e-09  4.387146423464e-02 
 5.632800000000e-09  2.119623383214e-01 
 5.642800000000e-09  3.527396522966e-01 
 5.652800000000e-09  4.417159728523e-01 
 5.662800000000e-09  4.655312933670e-01 
 5.672800000000e-09  4.238868049871e-01 
 5.682800000000e-09  3.257997031958e-01 
 5.692800000000e-09  1.858774384128e-01 
 5.702800000000e-09  2.081792779624e-02 
 5.712800000000e-09 -1.507648619310e-01 
 5.722800000000e-09 -3.049859153242e-01 
 5.732800000000e-09 -4.157414214677e-01 
 5.742800000000e-09 -4.646177674535e-01 
 5.752800000000e-09 -4.468460556467e-01 
 5.762800000000e-09 -3.683641484459e-01 
 5.772800000000e-09 -2.419536514779e-01 
 5.782800000000e-09 -8.423338716296e-02 
 5.792800000000e-09  8.734051193914e-02 
 5.802800000000e-09  2.510833667386e-01 
 5.812800000000e-09  3.808194469689e-01 
 5.822800000000e-09  4.542622087363e-01 
 5.832800000000e-09  4.613954511624e-01 
 5.842800000000e-09  4.043139527465e-01 
 5.852800000000e-09  2.937320075947e-01 
 5.862800000000e-09  1.455542365031e-01 
 5.872800000000e-09 -2.314020602265e-02 
 5.882800000000e-09 -1.928030470608e-01 
 5.892800000000e-09 -3.383452702856e-01 
 5.902800000000e-09 -4.345710657649e-01 
 5.912800000000e-09 -4.664586764010e-01 
 5.922800000000e-09 -4.323276797964e-01 
 5.932800000000e-09 -3.402385083313e-01 
 5.942800000000e-09 -2.042987177268e-01 
 5.952800000000e-09 -4.125400437800e-02 
 5.962800000000e-09  1.307444843308e-01 
 5.972800000000e-09  2.884788402244e-01 
 5.982800000000e-09  4.056585405506e-01 
 5.992800000000e-09  4.624292112090e-01 
 6.002800000000e-09  4.524626905589e-01 
 6.012800000000e-09  3.806213937649e-01 
 6.022800000000e-09  2.590158508828e-01 
 6.032800000000e-09  1.040990475229e-01 
 6.042800000000e-09 -6.685943780791e-02 
 6.052800000000e-09 -2.328882336916e-01 
 6.062800000000e-09 -3.680501067487e-01 
 6.072800000000e-09 -4.488158127476e-01 
 6.082800000000e-09 -4.636953737939e-01 
 6.092800000000e-09 -4.138476546824e-01 
 6.102800000000e-09 -3.089902016939e-01 
 6.112800000000e-09 -1.645320940492e-01 
 6.122800000000e-09  2.479431898861e-03 
 6.132800000000e-09  1.731064467401e-01 
 6.142800000000e-09  3.228204976175e-01 
 6.152800000000e-09  4.259304241735e-01 
 6.162800000000e-09  4.658245538181e-01 
 6.172800000000e-09  4.393666143775e-01 
 6.182800000000e-09  3.536001673858e-01 
 6.192800000000e-09  2.220623309444e-01 
 6.202800000000e-09  6.146754685101e-02 
 6.212800000000e-09 -1.104187120746e-01 
 6.222800000000e-09 -2.710994769073e-01 
 6.232800000000e-09 -3.942798147351e-01 
 6.242800000000e-09 -4.589546085395e-01 
 6.252800000000e-09 -4.570271854443e-01 
 6.262800000000e-09 -3.920258107866e-01 
 6.272800000000e-09 -2.754818630877e-01 
 6.282800000000e-09 -1.236311761640e-01 
 6.292800000000e-09  4.638093490175e-02 
 6.302800000000e-09  2.142761441616e-01 
 6.312800000000e-09  3.544683431035e-01 
 6.322800000000e-09  4.425636587353e-01 
 6.332800000000e-09  4.654046034969e-01 
 6.342800000000e-09  4.228555103160e-01 
 6.352800000000e-09  3.240474569132e-01 
 6.362800000000e-09  1.836462865383e-01 
 6.372800000000e-09  1.834379075153e-02 
 6.382800000000e-09 -1.531826497909e-01 
 6.392800000000e-09 -3.069681201474e-01 
 6.402800000000e-09 -4.169386986900e-01 
 6.412800000000e-09 -4.648601387172e-01 
 6.422800000000e-09 -4.461483776144e-01 
 6.432800000000e-09 -3.668690225296e-01 
 6.442800000000e-09 -2.398832561228e-01 
 6.452800000000e-09 -8.182650854172e-02 
 6.462800000000e-09  8.981578905693e-02 
 6.472800000000e-09  2.532706974969e-01 
 6.482800000000e-09  3.823390054396e-01 
 6.492800000000e-09  4.548594700794e-01 
 6.502800000000e-09  4.610222987359e-01 
 6.512800000000e-09  4.030809571927e-01 
 6.522800000000e-09  2.918402464948e-01 
 6.532800000000e-09  1.432454553967e-01 
 6.542800000000e-09 -2.561838356188e-02 
 6.552800000000e-09 -1.951270732580e-01 
 6.562800000000e-09 -3.401316674772e-01 
 6.572800000000e-09 -4.355094664221e-01 
 6.582800000000e-09 -4.664344412145e-01 
 6.592800000000e-09 -4.313952800051e-01 
 6.602800000000e-09 -3.385701629148e-01 
 6.612800000000e-09 -2.021304145853e-01 
 6.622800000000e-09 -3.882013420060e-02 
 6.632800000000e-09  1.331582386920e-01 
 6.642800000000e-09  2.905034666106e-01 
 6.652800000000e-09  4.069373299910e-01 
 6.662800000000e-09  4.627707892540e-01 
 6.672800000000e-09  4.518654245976e-01 
 6.682800000000e-09  3.792152599456e-01 
 6.692800000000e-09  2.570142261659e-01 
 6.702800000000e-09  1.017406169182e-01 
 6.712800000000e-09 -6.931675184656e-02 
 6.722800000000e-09 -2.351010992807e-01 
 6.732800000000e-09 -3.696390303856e-01 
 6.742800000000e-09 -4.495151042865e-01 
 6.752800000000e-09 -4.634398999466e-01 
 6.762800000000e-09 -4.127238567036e-01 
 6.772800000000e-09 -3.071839877386e-01 
 6.782800000000e-09 -1.622823534444e-01 
 6.792800000000e-09  4.930994418930e-03 
 6.802800000000e-09  1.754501749144e-01 
 6.812800000000e-09  3.246784134614e-01 
 6.822800000000e-09  4.269766913507e-01 
 6.832800000000e-09  4.659193308560e-01 
 6.842800000000e-09  4.385462584675e-01 
 6.852800000000e-09  3.520239105761e-01 
 6.862800000000e-09  2.199584414828e-01 
 6.872800000000e-09  5.906989370495e-02 
 6.882800000000e-09 -1.128361313525e-01 
 6.892800000000e-09 -2.731770571595e-01 
 6.902800000000e-09 -3.956532296170e-01 
 6.912800000000e-09 -4.594035099492e-01 
 6.922800000000e-09 -4.565297341886e-01 
 6.932800000000e-09 -3.907054921989e-01 
 6.942800000000e-09 -2.735457398938e-01 
 6.952800000000e-09 -1.213176008294e-01 
 6.962800000000e-09  4.882214980058e-02 
 6.972800000000e-09  2.165143629783e-01 
 6.982800000000e-09  3.561258682866e-01 
 6.992800000000e-09  4.433574600776e-01 
 7.002800000000e-09  4.652494140368e-01 
 7.012800000000e-09  4.218236574519e-01 
 7.022800000000e-09  3.223210547203e-01 
 7.032800000000e-09  1.814627572684e-01 
 7.042800000000e-09  1.593335955060e-02 
 7.052800000000e-09 -1.555272755485e-01 
 7.062800000000e-09 -3.088779570014e-01 
 7.072800000000e-09 -4.180771927563e-01 
 7.082800000000e-09 -4.651388411176e-01 
 7.092800000000e-09 -4.455763664555e-01 
 7.102800000000e-09 -3.654951688159e-01 
 7.112800000000e-09 -2.379101026268e-01 
 7.122800000000e-09 -7.948288820890e-02 
 7.132800000000e-09  9.226782031964e-02 
 7.142800000000e-09  2.554775837956e-01 
 7.152800000000e-09  3.839176744382e-01 
 7.162800000000e-09  4.555458789816e-01 
 7.172800000000e-09  4.607545555712e-01 
 7.182800000000e-09  4.019543646658e-01 
 7.192800000000e-09  2.900415513916e-01 
 7.202800000000e-09  1.410052795647e-01 
 7.212800000000e-09 -2.805902234178e-02 
 7.222800000000e-09 -1.974484995559e-01 
 7.232800000000e-09 -3.419506153512e-01 
 7.242800000000e-09 -4.365102077032e-01 
 7.252800000000e-09 -4.664926036054e-01 
 7.262800000000e-09 -4.305530847111e-01 
 7.272800000000e-09 -3.369872708950e-01 
 7.282800000000e-09 -2.000318240045e-01 
 7.292800000000e-09 -3.643289496974e-02 
 7.302800000000e-09  1.355528671870e-01 
 7.312800000000e-09  2.925387798645e-01 
 7.322800000000e-09  4.082549620678e-01 
 7.332800000000e-09  4.631732043669e-01 
 7.342800000000e-09  4.513416092216e-01 
 7.352800000000e-09  3.778846228462e-01 
 7.362800000000e-09  2.550800632025e-01 
 7.372800000000e-09  9.943358263441e-02 
 7.382800000000e-09 -7.174354431854e-02 
 7.392800000000e-09 -2.373076738273e-01 
 7.402800000000e-09 -3.712467629753e-01 
 7.412800000000e-09 -4.502554942086e-01 
 7.422800000000e-09 -4.632413787265e-01 
 7.432800000000e-09 -4.116643417556e-01 
 7.442800000000e-09 -3.054403307635e-01 
 7.452800000000e-09 -1.600853959559e-01 
 7.462800000000e-09  7.344884671767e-03 
 7.472800000000e-09  1.777750016695e-01 
 7.482800000000e-09  3.265386369948e-01 
 7.492800000000e-09  4.280463649969e-01 
 7.502800000000e-09  4.660552092359e-01 
 7.512800000000e-09  4.377782497203e-01 
 7.522800000000e-09  3.505034938091e-01 
 7.532800000000e-09  2.179063182557e-01 
 7.542800000000e-09  5.671394070593e-02 
 7.552800000000e-09 -1.152257645026e-01 
 7.562800000000e-09 -2.752440255479e-01 
 7.572800000000e-09 -3.970350356185e-01 
 7.582800000000e-09 -4.597372955698e-01 
 7.592800000000e-09 -4.557940213128e-01 
 7.602800000000e-09 -3.892065097514e-01 
 7.612800000000e-09 -2.715340386387e-01 
 7.622800000000e-09 -1.190322673448e-01 
 7.632800000000e-09  5.113494479712e-02 
 7.642800000000e-09  2.185392071628e-01 
 7.652800000000e-09  3.575188423425e-01 
 7.662800000000e-09  4.438820320524e-01 
 7.672800000000e-09  4.648614801068e-01 
 7.682800000000e-09  4.206250705621e-01 
 7.692800000000e-09  3.205126416637e-01 
 7.702800000000e-09  1.792885452923e-01 
 7.712800000000e-09  1.362044862981e-02 
 7.722800000000e-09 -1.576971889834e-01 
 7.732800000000e-09 -3.105608586658e-01 
 7.742800000000e-09 -4.189762821367e-01 
 7.752800000000e-09 -4.651302151965e-01 
 7.762800000000e-09 -4.447074548188e-01 
 7.772800000000e-09 -3.639298540700e-01 
 7.782800000000e-09 -2.358756614302e-01 
 7.792800000000e-09 -7.720970310783e-02 
 7.802800000000e-09  9.452585666692e-02 
 7.812800000000e-09  2.573922506022e-01 
 7.822800000000e-09  3.851545148087e-01 
 7.832800000000e-09  4.559006942136e-01 
 7.842800000000e-09  4.602138821849e-01 
 7.852800000000e-09  4.006461137998e-01 
 7.862800000000e-09  2.881714230797e-01 
 7.872800000000e-09  1.388081562354e-01 
 7.882800000000e-09 -3.034850106429e-02 
 7.892800000000e-09 -1.995286522357e-01 
 7.902800000000e-09 -3.434754367500e-01 
 7.912800000000e-09 -4.372157709106e-01 
 7.922800000000e-09 -4.663003904403e-01 
 7.932800000000e-09 -4.295372299583e-01 
 7.942800000000e-09 -3.353263092692e-01 
 7.952800000000e-09 -1.979567367334e-01 
 7.962800000000e-09 -3.416546355727e-02 
 7.972800000000e-09  1.377449074614e-01 
 7.982800000000e-09  2.943173366399e-01 
 7.992800000000e-09  4.093061102614e-01 
 8.002800000000e-09  4.633437698199e-01 
 8.012800000000e-09  4.506516178583e-01 
 8.022800000000e-09  3.764720008855e-01 
 8.032800000000e-09  2.531552304143e-01 
 8.042800000000e-09  9.722278695905e-02 
 8.052800000000e-09 -7.399807379228e-02 
 8.062800000000e-09 -2.392882392728e-01 
 8.072800000000e-09 -3.726118640544e-01 
 8.082800000000e-09 -4.507789349706e-01 
 8.092800000000e-09 -4.628827358882e-01 
 8.102800000000e-09 -4.105200172010e-01 
 8.112800000000e-09 -3.036947811851e-01 
 8.122800000000e-09 -1.579663297664e-01 
 8.132800000000e-09  9.610804169464e-03 
 8.142800000000e-09  1.798991934327e-01 
 8.152800000000e-09  3.281760311862e-01 
 8.162800000000e-09  4.289102534744e-01 
 8.172800000000e-09  4.660347838745e-01 
 8.182800000000e-09  4.369225444385e-01 
 8.192800000000e-09  3.489717471018e-01 
 8.202800000000e-09  2.159175074720e-01 
 8.212800000000e-09  5.448684068395e-02 
 8.222800000000e-09 -1.174353202426e-01 
 8.232800000000e-09 -2.771047759421e-01 
 8.242800000000e-09 -3.982198834338e-01 
 8.252800000000e-09 -4.600636003573e-01 
 8.262800000000e-09 -4.552568244461e-01 
 8.272800000000e-09 -3.879242219927e-01 
 8.282800000000e-09 -2.697030577459e-01 
 8.292800000000e-09 -1.168758509729e-01 
 8.302800000000e-09  5.338367111282e-02 
 8.312800000000e-09  2.205732810593e-01 
 8.322800000000e-09  3.589933194837e-01 
 8.332800000000e-09  4.445464466128e-01 
 8.342800000000e-09  4.646488982649e-01 
 8.352800000000e-09  4.196117772935e-01 
 8.362800000000e-09  3.188740670116e-01 
 8.372800000000e-09  1.772479107040e-01 
 8.382800000000e-09  1.139172093978e-02 
 8.392800000000e-09 -1.598413978476e-01 
 8.402800000000e-09 -3.122809426828e-01 
 8.412800000000e-09 -4.199692440656e-01 
 8.422800000000e-09 -4.652565251929e-01 
 8.432800000000e-09 -4.439936847675e-01 
 8.442800000000e-09 -3.625180516540e-01 
 8.452800000000e-09 -2.339731709442e-01 
 8.462800000000e-09 -7.503276285623e-02 
 8.472800000000e-09  9.673315351447e-02 
 8.482800000000e-09  2.593086458456e-01 
 8.492800000000e-09  3.864457701242e-01 
 8.502800000000e-09  4.563534634106e-01 
 8.512800000000e-09  4.597989994356e-01 
 8.522800000000e-09  3.994727087456e-01 
 8.532800000000e-09  2.864269736518e-01 
 8.542800000000e-09  1.367125139113e-01 
 8.552800000000e-09 -3.257061266794e-02 
 8.562800000000e-09 -2.015837069507e-01 
 8.572800000000e-09 -3.450215948585e-01 
 8.582800000000e-09 -4.379856870279e-01 
 8.592800000000e-09 -4.662047667449e-01 
 8.602800000000e-09 -4.286353834986e-01 
 8.612800000000e-09 -3.337805190396e-01 
 8.622800000000e-09 -1.959831750481e-01 
 8.632800000000e-09 -3.197534976849e-02 
 8.642800000000e-09  1.398919628758e-01 
 8.652800000000e-09  2.960898929139e-01 
 8.662800000000e-09  4.103915660287e-01 
 8.672800000000e-09  4.635831046132e-01 
 8.682800000000e-09  4.500536228232e-01 
 8.692800000000e-09  3.751610570649e-01 
 8.702800000000e-09  2.513279987749e-01 
 8.712800000000e-09  9.509424659151e-02 
 8.722800000000e-09 -7.619394853905e-02 
 8.732800000000e-09 -2.412413026548e-01 
 8.742800000000e-09 -3.739853978153e-01 
 8.752800000000e-09 -4.515924570206e-01 
 8.762800000000e-09 -4.631105042862e-01 
 8.772800000000e-09 -4.099078649560e-01 
 8.782800000000e-09 -3.022881344506e-01 
 8.792800000000e-09 -1.559709642608e-01 
 8.802800000000e-09  1.197872046675e-02 
 8.812800000000e-09  1.823383817790e-01 
 8.822800000000e-09  3.302931909006e-01 
 8.832800000000e-09  4.303354820324e-01 
 8.842800000000e-09  4.665677645142e-01 
 8.852800000000e-09  4.365369119240e-01 
 8.862800000000e-09  3.477682597321e-01 
 8.872800000000e-09  2.140787902708e-01 
 8.882800000000e-09  5.221958961875e-02 
 8.892800000000e-09 -1.198684740452e-01 
 8.902800000000e-09 -2.793413547946e-01 
 8.912800000000e-09 -3.998684949883e-01 
 8.922800000000e-09 -4.608641622011e-01 
 8.932800000000e-09 -4.551366950748e-01 
 8.942800000000e-09 -3.869494443854e-01 
 8.952800000000e-09 -2.680339942707e-01 
 8.962800000000e-09 -1.147213954770e-01 
 8.972800000000e-09  5.578828727203e-02 
 8.982800000000e-09  2.229000105750e-01 
 8.992800000000e-09  3.608499344348e-01 
 9.002800000000e-09  4.456161881873e-01 
 9.012800000000e-09  4.648043192027e-01 
 9.022800000000e-09  4.188812093201e-01 
 9.032800000000e-09  3.173997598036e-01 
 9.042800000000e-09  1.752362933509e-01 
 9.052800000000e-09  9.056464078465e-03 
 9.062800000000e-09 -1.622137322429e-01 
 9.072800000000e-09 -3.143159324371e-01 
 9.082800000000e-09 -4.213093294443e-01 
 9.092800000000e-09 -4.657067245432e-01 
 9.102800000000e-09 -4.435369676290e-01 
 9.112800000000e-09 -3.612657456849e-01 
 9.122800000000e-09 -2.321158283123e-01 
 9.132800000000e-09 -7.278407906495e-02 
 9.142800000000e-09  9.911940806701e-02 
 9.152800000000e-09  2.614857478811e-01 
 9.162800000000e-09  3.880351408776e-01 
 9.172800000000e-09  4.570914796083e-01 
 9.182800000000e-09  4.596160096331e-01 
 9.192800000000e-09  3.984500780986e-01 
 9.202800000000e-09  2.847359332070e-01 
 9.212800000000e-09  1.345691505199e-01 
 9.222800000000e-09 -3.493477706793e-02 
 9.232800000000e-09 -2.038558689929e-01 
 9.242800000000e-09 -3.468247599101e-01 
 9.252800000000e-09 -4.390079877205e-01 
 9.262800000000e-09 -4.663194599556e-01 
 9.272800000000e-09 -4.278753646662e-01 
 9.282800000000e-09 -3.322927208941e-01 
 9.292800000000e-09 -1.939790499273e-01 
 9.302800000000e-09 -2.967083705484e-02 
 9.312800000000e-09  1.422226185612e-01 
 9.322800000000e-09  2.980872028992e-01 
 9.332800000000e-09  4.117039510854e-01 
 9.342800000000e-09  4.640154496955e-01 
 9.352800000000e-09  4.495896149349e-01 
 9.362800000000e-09  3.739102885438e-01 
 9.372800000000e-09  2.494820004387e-01 
 9.382800000000e-09  9.287157936621e-02 
 9.392800000000e-09 -7.854774879471e-02 
 9.402800000000e-09 -2.433934950055e-01 
 9.412800000000e-09 -3.755654272460e-01 
 9.422800000000e-09 -4.523306024121e-01 
 9.432800000000e-09 -4.629318118990e-01 
 9.442800000000e-09 -4.088944673453e-01 
 9.452800000000e-09 -3.006131387558e-01 
 9.462800000000e-09 -1.538538019227e-01 
 9.472800000000e-09  1.431016730014e-02 
 9.482800000000e-09  1.845853539481e-01 
 9.492800000000e-09  3.320901079897e-01 
 9.502800000000e-09  4.313682691873e-01 
 9.512800000000e-09  4.667007219310e-01 
 9.522800000000e-09  4.357990521781e-01 
 9.532800000000e-09  3.463047609291e-01 
 9.542800000000e-09  2.121011796509e-01 
 9.552800000000e-09  4.994573860325e-02 
 9.562800000000e-09 -1.221755266016e-01 
 9.572800000000e-09 -2.813345403186e-01 
 9.582800000000e-09 -4.011976948078e-01 
 9.592800000000e-09 -4.613241616288e-01 
 9.602800000000e-09 -4.547046955768e-01 
 9.612800000000e-09 -3.857312306574e-01 
 9.622800000000e-09 -2.662188434584e-01 
 9.632800000000e-09 -1.125308403561e-01 
 9.642800000000e-09  5.811613423753e-02 
 9.652800000000e-09  2.250456339211e-01 
 9.662800000000e-09  3.624489158945e-01 
 9.672800000000e-09  4.463975518512e-01 
 9.682800000000e-09  4.646852331032e-01 
 9.692800000000e-09  4.179266644054e-01 
 9.702800000000e-09  3.154839602133e-01 
 9.712800000000e-09  1.725777886023e-01 
 9.722800000000e-09  6.253627086042e-03 
 9.732800000000e-09 -1.647794179712e-01 
 9.742800000000e-09 -3.162350033350e-01 
 9.752800000000e-09 -4.222435261143e-01 
 9.762800000000e-09 -4.655351630450e-01 
 9.772800000000e-09 -4.423393846838e-01 
 9.782800000000e-09 -3.592595432890e-01 
 9.792800000000e-09 -2.295868857379e-01 
 9.802800000000e-09 -7.001555077407e-02 
 9.812800000000e-09  1.018172218015e-01 
 9.822800000000e-09  2.637151173134e-01 
 9.832800000000e-09  3.894058072419e-01 
 9.842800000000e-09  4.573804249803e-01 
 9.852800000000e-09  4.588302268402e-01 
 9.862800000000e-09  3.967598233040e-01 
 9.872800000000e-09  2.824022766210e-01 
 9.882800000000e-09  1.318801467546e-01 
 9.892800000000e-09 -3.769121306358e-02 
 9.902800000000e-09 -2.063128050653e-01 
 9.912800000000e-09 -3.485693534653e-01 
 9.922800000000e-09 -4.397407199054e-01 
 9.932800000000e-09 -4.659661992974e-01 
 9.942800000000e-09 -4.265430164645e-01 
 9.952800000000e-09 -3.302090276387e-01 
 9.962800000000e-09 -1.914306811457e-01 
 9.972800000000e-09 -2.692694498344e-02 
 9.982800000000e-09  1.448342408478e-01 
 9.992800000000e-09  3.001601128594e-01 
 1.000000000000e-08  3.874460045273e-01 
