 1.628000000000e-10  2.002883453806e-02 
 1.728000000000e-10  8.518225902482e-03 
 1.828000000000e-10 -4.487230580523e-03 
 1.928000000000e-10 -1.743554825228e-02 
 2.028000000000e-10 -2.870506059181e-02 
 2.128000000000e-10 -3.680656808790e-02 
 2.228000000000e-10 -4.059752924230e-02 
 2.328000000000e-10 -3.945348230165e-02 
 2.428000000000e-10 -3.337103002711e-02 
 2.528000000000e-10 -2.296825157454e-02 
 2.628000000000e-10 -9.407797798636e-03 
 2.728000000000e-10  5.744398796155e-03 
 2.828000000000e-10  2.069014497101e-02 
 2.928000000000e-10  3.360119263976e-02 
 3.028000000000e-10  4.282863866783e-02 
 3.128000000000e-10  4.711208372825e-02 
 3.228000000000e-10  4.574845560212e-02 
 3.328000000000e-10  3.870361393419e-02 
 3.428000000000e-10  2.663674563535e-02 
 3.528000000000e-10  1.084575471540e-02 
 3.628000000000e-10 -6.866630635828e-03 
 3.728000000000e-10 -2.438201637505e-02 
 3.828000000000e-10 -3.950914180316e-02 
 3.928000000000e-10 -5.025638237225e-02 
 4.028000000000e-10 -5.511269095967e-02 
 4.128000000000e-10 -5.327600120517e-02 
 4.228000000000e-10 -4.478119514850e-02 
 4.328000000000e-10 -3.049416736034e-02 
 4.428000000000e-10 -1.200073271101e-02 
 4.528000000000e-10  8.576789947349e-03 
 4.628000000000e-10  2.880226364692e-02 
 4.728000000000e-10  4.618903609124e-02 
 4.828000000000e-10  5.848988408358e-02 
 4.928000000000e-10  6.399425903860e-02 
 5.028000000000e-10  6.177776034033e-02 
 5.128000000000e-10  5.185522349374e-02 
 5.228000000000e-10  3.519707246758e-02 
 5.328000000000e-10  1.362290018704e-02 
 5.428000000000e-10 -1.039712354260e-02 
 5.528000000000e-10 -3.399785203947e-02 
 5.628000000000e-10 -5.423126421590e-02 
 5.728000000000e-10 -6.842721827205e-02 
 5.828000000000e-10 -7.457572935472e-02 
 5.928000000000e-10 -7.164724251120e-02 
 6.028000000000e-10 -5.976006758924e-02 
 6.128000000000e-10 -4.014960319141e-02 
 6.228000000000e-10 -1.499232622032e-02 
 6.328000000000e-10  1.284118564814e-02 
 6.428000000000e-10  4.006712447740e-02 
 6.528000000000e-10  6.332204882319e-02 
 6.628000000000e-10  7.955730680008e-02 
 6.728000000000e-10  8.646753173045e-02 
 6.828000000000e-10  8.286451317722e-02 
 6.928000000000e-10  6.888637984554e-02 
 7.028000000000e-10  4.597350517251e-02 
 7.128000000000e-10  1.666213978442e-02 
 7.228000000000e-10 -1.570337950907e-02 
 7.328000000000e-10 -4.728865843147e-02 
 7.428000000000e-10 -7.414922727944e-02 
 7.528000000000e-10 -9.270414694718e-02 
 7.628000000000e-10 -1.002768486269e-01 
 7.728000000000e-10 -9.557021701060e-02 
 7.828000000000e-10 -7.889078850662e-02 
 7.928000000000e-10 -5.204184155400e-02 
 8.028000000000e-10 -1.801662482665e-02 
 8.128000000000e-10  1.933626968054e-02 
 8.228000000000e-10  5.563940432391e-02 
 8.328000000000e-10  8.638457960267e-02 
 8.428000000000e-10  1.074598582089e-01 
 8.528000000000e-10  1.157805079798e-01 
 8.628000000000e-10  1.098730229753e-01 
 8.728000000000e-10  9.016096987940e-02 
 8.828000000000e-10  5.881430655247e-02 
 8.928000000000e-10  1.934226232771e-02 
 9.028000000000e-10 -2.380326018230e-02 
 9.128000000000e-10 -6.556939123931e-02 
 9.228000000000e-10 -1.007277051782e-01 
 9.328000000000e-10 -1.244904452231e-01 
 9.428000000000e-10 -1.333057194518e-01 
 9.528000000000e-10 -1.256125156775e-01 
 9.628000000000e-10 -1.021424359858e-01 
 9.728000000000e-10 -6.559719016611e-02 
 9.828000000000e-10 -2.007337327167e-02 
 9.928000000000e-10  2.936480685554e-02 
 1.002800000000e-09  7.699236375896e-02 
 1.012800000000e-09  1.168524800791e-01 
 1.022800000000e-09  1.434449566820e-01 
 1.032800000000e-09  1.526787771326e-01 
 1.042800000000e-09  1.428495162428e-01 
 1.052800000000e-09  1.150241346690e-01 
 1.062800000000e-09  7.252983809385e-02 
 1.072800000000e-09  2.014918025977e-02 
 1.082800000000e-09 -3.635000765458e-02 
 1.092800000000e-09 -9.046215531269e-02 
 1.102800000000e-09 -1.353657159958e-01 
 1.112800000000e-09 -1.647090243028e-01 
 1.122800000000e-09 -1.738186166800e-01 
 1.132800000000e-09 -1.610059803362e-01 
 1.142800000000e-09 -1.279466381410e-01 
 1.152800000000e-09 -7.877047403705e-02 
 1.162800000000e-09 -1.897364433319e-02 
 1.172800000000e-09  4.499571757920e-02 
 1.182800000000e-09  1.058582809445e-01 
 1.192800000000e-09  1.559104829612e-01 
 1.202800000000e-09  1.878826460182e-01 
 1.212800000000e-09  1.964197011800e-01 
 1.222800000000e-09  1.798660109563e-01 
 1.232800000000e-09  1.406853931518e-01 
 1.242800000000e-09  8.399645474006e-02 
 1.252800000000e-09  1.609066835278e-02 
 1.262800000000e-09 -5.586326084108e-02 
 1.272800000000e-09 -1.237471180285e-01 
 1.282800000000e-09 -1.788731376958e-01 
 1.292800000000e-09 -2.129124719604e-01 
 1.302800000000e-09 -2.198301435676e-01 
 1.312800000000e-09 -1.983242216870e-01 
 1.322800000000e-09 -1.520335231845e-01 
 1.332800000000e-09 -8.720487416327e-02 
 1.342800000000e-09 -1.085948589584e-02 
 1.352800000000e-09  6.917445742025e-02 
 1.362800000000e-09  1.439562946638e-01 
 1.372800000000e-09  2.038079337825e-01 
 1.382800000000e-09  2.392204484425e-01 
 1.392800000000e-09  2.434325545916e-01 
 1.402800000000e-09  2.157418905412e-01 
 1.412800000000e-09  1.613055288483e-01 
 1.422800000000e-09  8.766937297006e-02 
 1.432800000000e-09  2.554088771663e-03 
 1.442800000000e-09 -8.557170374574e-02 
 1.452800000000e-09 -1.669205848782e-01 
 1.462800000000e-09 -2.307412684002e-01 
 1.472800000000e-09 -2.661519635315e-01 
 1.482800000000e-09 -2.659490483425e-01 
 1.492800000000e-09 -2.306221922624e-01 
 1.502800000000e-09 -1.672021617196e-01 
 1.512800000000e-09 -8.447874629510e-02 
 1.522800000000e-09  9.314944457643e-03 
 1.532800000000e-09  1.051184538226e-01 
 1.542800000000e-09  1.923276604089e-01 
 1.552800000000e-09  2.590458601979e-01 
 1.562800000000e-09  2.928057413147e-01 
 1.572800000000e-09  2.864262971797e-01 
 1.582800000000e-09  2.420743501045e-01 
 1.592800000000e-09  1.689151740993e-01 
 1.602800000000e-09  7.691757875302e-02 
 1.612800000000e-09 -2.533773886368e-02 
 1.622800000000e-09 -1.281901189573e-01 
 1.632800000000e-09 -2.202353879120e-01 
 1.642800000000e-09 -2.881334718500e-01 
 1.652800000000e-09 -3.178661557453e-01 
 1.662800000000e-09 -3.032834614651e-01 
 1.672800000000e-09 -2.487427543256e-01 
 1.682800000000e-09 -1.655950964366e-01 
 1.692800000000e-09 -6.459584123351e-02 
 1.702800000000e-09  4.551652295264e-02 
 1.712800000000e-09  1.544372280344e-01 
 1.722800000000e-09  2.500044203295e-01 
 1.732800000000e-09  3.169192963321e-01 
 1.742800000000e-09  3.401674208525e-01 
 1.752800000000e-09  3.155890320162e-01 
 1.762800000000e-09  2.499888040732e-01 
 1.772800000000e-09  1.568508709248e-01 
 1.782800000000e-09  4.728542373792e-02 
 1.792800000000e-09 -6.988562589872e-02 
 1.802800000000e-09 -1.836592289446e-01 
 1.812800000000e-09 -2.810077056587e-01 
 1.822800000000e-09 -3.440701667252e-01 
 1.832800000000e-09 -3.582927633003e-01 
 1.842800000000e-09 -3.222254546615e-01 
 1.852800000000e-09 -2.452610225704e-01 
 1.862800000000e-09 -1.426674388038e-01 
 1.872800000000e-09 -2.528963117600e-02 
 1.882800000000e-09  9.786748330173e-02 
 1.892800000000e-09  2.151083188102e-01 
 1.902800000000e-09  3.121225610387e-01 
 1.912800000000e-09  3.683714180641e-01 
 1.922800000000e-09  3.714536881013e-01 
 1.932800000000e-09  3.228567517048e-01 
 1.942800000000e-09  2.346331840729e-01 
 1.952800000000e-09  1.232888194480e-01 
 1.962800000000e-09 -1.058441800729e-03 
 1.972800000000e-09 -1.289782864969e-01 
 1.982800000000e-09 -2.481559509243e-01 
 1.992800000000e-09 -3.420755521853e-01 
 2.002800000000e-09 -3.886379079647e-01 
 2.012800000000e-09 -3.789153796705e-01 
 2.022800000000e-09 -3.172591590199e-01 
 2.032800000000e-09 -2.184401010667e-01 
 2.042800000000e-09 -9.926957030821e-02 
 2.052800000000e-09  3.105491304860e-02 
 2.062800000000e-09  1.624093440032e-01 
 2.072800000000e-09  2.818762259358e-01 
 2.082800000000e-09  3.696323205041e-01 
 2.092800000000e-09  4.041601283715e-01 
 2.102800000000e-09  3.804562402455e-01 
 2.112800000000e-09  3.056680630171e-01 
 2.122800000000e-09  1.972311233287e-01 
 2.132800000000e-09  7.113428988069e-02 
 2.142800000000e-09 -6.409052427133e-02 
 2.152800000000e-09 -1.974986449527e-01 
 2.162800000000e-09 -3.152142093803e-01 
 2.172800000000e-09 -3.936752339356e-01 
 2.182800000000e-09 -4.143587280056e-01 
 2.192800000000e-09 -3.759967941660e-01 
 2.202800000000e-09 -2.885283191224e-01 
 2.212800000000e-09 -1.716900966470e-01 
 2.222800000000e-09 -3.955699889510e-02 
 2.232800000000e-09  9.942136786090e-02 
 2.242800000000e-09  2.335414716329e-01 
 2.252800000000e-09  3.469890394452e-01 
 2.262800000000e-09  4.134407145297e-01 
 2.272800000000e-09  4.189971774351e-01 
 2.282800000000e-09  3.657200352885e-01 
 2.292800000000e-09  2.664743969602e-01 
 2.302800000000e-09  1.424019428674e-01 
 2.312800000000e-09  5.116803225679e-03 
 2.322800000000e-09 -1.364025358724e-01 
 2.332800000000e-09 -2.698237542298e-01 
 2.342800000000e-09 -3.759756031380e-01 
 2.352800000000e-09 -4.282884985402e-01 
 2.362800000000e-09 -4.179235396015e-01 
 2.372800000000e-09 -3.499218807638e-01 
 2.382800000000e-09 -2.402759089766e-01 
 2.392800000000e-09 -1.099800618426e-01 
 2.402800000000e-09  3.153863832826e-02 
 2.412800000000e-09  1.743800072853e-01 
 2.422800000000e-09  3.054763091416e-01 
 2.432800000000e-09  4.012687181011e-01 
 2.442800000000e-09  4.379150387373e-01 
 2.452800000000e-09  4.112186799072e-01 
 2.462800000000e-09  3.290456965527e-01 
 2.472800000000e-09  2.106070683228e-01 
 2.482800000000e-09  7.491339732309e-02 
 2.492800000000e-09 -6.984419631791e-02 
 2.502800000000e-09 -2.127981592347e-01 
 2.512800000000e-09 -3.394137145759e-01 
 2.522800000000e-09 -4.221411998377e-01 
 2.532800000000e-09 -4.421191088343e-01 
 2.542800000000e-09 -3.990905732015e-01 
 2.552800000000e-09 -3.037494292401e-01 
 2.562800000000e-09 -1.780845727529e-01 
 2.572800000000e-09 -3.771447964677e-02 
 2.582800000000e-09  1.092457964167e-01 
 2.592800000000e-09  2.511472040794e-01 
 2.602800000000e-09  3.705596337356e-01 
 2.612800000000e-09  4.381222964984e-01 
 2.622800000000e-09  4.408437610999e-01 
 2.632800000000e-09  3.817983053849e-01 
 2.642800000000e-09  2.747411530276e-01 
 2.652800000000e-09  1.431167742930e-01 
 2.662800000000e-09 -1.170548967770e-03 
 2.672800000000e-09 -1.492369110285e-01 
 2.682800000000e-09 -2.887524906042e-01 
 2.692800000000e-09 -3.979190461538e-01 
 2.702800000000e-09 -4.488755970375e-01 
 2.712800000000e-09 -4.341226171928e-01 
 2.722800000000e-09 -3.597066506708e-01 
 2.732800000000e-09 -2.427915368944e-01 
 2.742800000000e-09 -1.060950725134e-01 
 2.752800000000e-09  4.128878020946e-02 
 2.762800000000e-09  1.893709193200e-01 
 2.772800000000e-09  3.247852123188e-01 
 2.782800000000e-09  4.208836984344e-01 
 2.792800000000e-09  4.542819827513e-01 
 2.802800000000e-09  4.221451467095e-01 
 2.812800000000e-09  3.333164877163e-01 
 2.822800000000e-09  2.084812281272e-01 
 2.832800000000e-09  6.734855339578e-02 
 2.842800000000e-09 -8.222422671566e-02 
 2.852800000000e-09 -2.292480283140e-01 
 2.862800000000e-09 -3.581869168245e-01 
 2.872800000000e-09 -4.389675375158e-01 
 2.882800000000e-09 -4.542981493737e-01 
 2.892800000000e-09 -4.051778097733e-01 
 2.902800000000e-09 -3.033173633414e-01 
 2.912800000000e-09 -1.722291177430e-01 
 2.922800000000e-09 -2.725456089804e-02 
 2.932800000000e-09  1.235312970717e-01 
 2.942800000000e-09  2.683786600662e-01 
 2.952800000000e-09  3.879488457703e-01 
 2.962800000000e-09  4.518437007679e-01 
 2.972800000000e-09  4.489492833613e-01 
 2.982800000000e-09  3.835148963698e-01 
 2.992800000000e-09  2.704703457666e-01 
 3.002800000000e-09  1.343026471618e-01 
 3.012800000000e-09 -1.382145195387e-02 
 3.022800000000e-09 -1.648029954706e-01 
 3.032800000000e-09 -3.061182911941e-01 
 3.042800000000e-09 -4.133911859278e-01 
 3.052800000000e-09 -4.593900719856e-01 
 3.062800000000e-09 -4.384014091644e-01 
 3.072800000000e-09 -3.575582761952e-01 
 3.082800000000e-09 -2.354282489013e-01 
 3.092800000000e-09 -9.487995026679e-02 
 3.102800000000e-09  5.560969485417e-02 
 3.112800000000e-09  2.057687034214e-01 
 3.122800000000e-09  3.415919092859e-01 
 3.132800000000e-09  4.340379036589e-01 
 3.142800000000e-09  4.615578994727e-01 
 3.152800000000e-09  4.228545290170e-01 
 3.162800000000e-09  3.278415183316e-01 
 3.172800000000e-09  1.986692107573e-01 
 3.182800000000e-09  5.425168978647e-02 
 3.192800000000e-09 -9.772553256096e-02 
 3.202800000000e-09 -2.460524968650e-01 
 3.212800000000e-09 -3.737700907424e-01 
 3.222800000000e-09 -4.495491437924e-01 
 3.232800000000e-09 -4.583918739908e-01 
 3.242800000000e-09 -4.026126760672e-01 
 3.252800000000e-09 -2.950977321147e-01 
 3.262800000000e-09 -1.604511502909e-01 
 3.272800000000e-09 -1.272133108690e-02 
 3.282800000000e-09  1.397891450591e-01 
 3.292800000000e-09  2.851416278720e-01 
 3.302800000000e-09  4.018079051927e-01 
 3.312800000000e-09  4.597350289636e-01 
 3.322800000000e-09  4.499878402036e-01 
 3.332800000000e-09  3.779949055788e-01 
 3.342800000000e-09  2.600657614324e-01 
 3.352800000000e-09  1.209110500777e-01 
 3.362800000000e-09 -2.944577879226e-02 
 3.372800000000e-09 -1.815104576904e-01 
 3.382800000000e-09 -3.223524702390e-01 
 3.392800000000e-09 -4.251877862708e-01 
 3.402800000000e-09 -4.645413114124e-01 
 3.412800000000e-09 -4.365403241343e-01 
 3.422800000000e-09 -3.494337360186e-01 
 3.432800000000e-09 -2.233179467978e-01 
 3.442800000000e-09 -8.019759987354e-02 
 3.452800000000e-09  7.199843883045e-02 
 3.462800000000e-09  2.226417315626e-01 
 3.472800000000e-09  3.567381154128e-01 
 3.482800000000e-09  4.435458773338e-01 
 3.492800000000e-09  4.639902422412e-01 
 3.502800000000e-09  4.183035779103e-01 
 3.512800000000e-09  3.175419582210e-01 
 3.522800000000e-09  1.851964883368e-01 
 3.532800000000e-09  3.857670813727e-02 
 3.542800000000e-09 -1.145719868524e-01 
 3.552800000000e-09 -2.627758623681e-01 
 3.562800000000e-09 -3.873151502616e-01 
 3.572800000000e-09 -4.566181325926e-01 
 3.582800000000e-09 -4.581669826063e-01 
 3.592800000000e-09 -3.955931628365e-01 
 3.602800000000e-09 -2.830833387836e-01 
 3.612800000000e-09 -1.458565191297e-01 
 3.622800000000e-09  3.683077006466e-03 
 3.632800000000e-09  1.568393481067e-01 
 3.642800000000e-09  3.013794602412e-01 
 3.652800000000e-09  4.134498529948e-01 
 3.662800000000e-09  4.643232077256e-01 
 3.672800000000e-09  4.472211378287e-01 
 3.682800000000e-09  3.687458336399e-01 
 3.692800000000e-09  2.467275651728e-01 
 3.702800000000e-09  1.053628153979e-01 
 3.712800000000e-09 -4.639418444863e-02 
 3.722800000000e-09 -1.985946083356e-01 
 3.732800000000e-09 -3.376557113476e-01 
 3.742800000000e-09 -4.347047347702e-01 
 3.752800000000e-09 -4.666449890883e-01 
 3.762800000000e-09 -4.313721085533e-01 
 3.772800000000e-09 -3.382629694598e-01 
 3.782800000000e-09 -2.089519875799e-01 
 3.792800000000e-09 -6.389982811543e-02 
 3.802800000000e-09  8.925889871698e-02 
 3.812800000000e-09  2.395462493169e-01 
 3.822800000000e-09  3.706300373541e-01 
 3.832800000000e-09  4.507909779246e-01 
 3.842800000000e-09  4.636507293971e-01 
 3.852800000000e-09  4.109052192979e-01 
 3.862800000000e-09  3.048256966962e-01 
 3.872800000000e-09  1.699797499475e-01 
 3.882800000000e-09  2.171817224041e-02 
 3.892800000000e-09 -1.319369356854e-01 
 3.902800000000e-09 -2.792442285119e-01 
 3.912800000000e-09 -3.994273603259e-01 
 3.922800000000e-09 -4.615154829551e-01 
 3.932800000000e-09 -4.554506079011e-01 
 3.942800000000e-09 -3.861403149870e-01 
 3.952800000000e-09 -2.691995907398e-01 
 3.962800000000e-09 -1.299029904050e-01 
 3.972800000000e-09  2.094660455021e-02 
 3.982800000000e-09  1.741552022614e-01 
 3.992800000000e-09  3.170724620176e-01 
 4.002800000000e-09  4.235524984745e-01 
 4.012800000000e-09  4.668572297799e-01 
 4.022800000000e-09  4.422448992563e-01 
 4.032800000000e-09  3.574705246003e-01 
 4.042800000000e-09  2.319596878392e-01 
 4.052800000000e-09  8.877744454524e-02 
 4.062800000000e-09 -6.391670444450e-02 
 4.072800000000e-09 -2.157249184269e-01 
 4.082800000000e-09 -3.521386552180e-01 
 4.092800000000e-09 -4.426420392513e-01 
 4.102800000000e-09 -4.668332454060e-01 
 4.112800000000e-09 -4.242604817141e-01 
 4.122800000000e-09 -3.254575476102e-01 
 4.132800000000e-09 -1.934794775179e-01 
 4.142800000000e-09 -4.683411529200e-02 
 4.152800000000e-09  1.068569071390e-01 
 4.162800000000e-09  2.562872685971e-01 
 4.172800000000e-09  3.834639285675e-01 
 4.182800000000e-09  4.564468530810e-01 
 4.192800000000e-09  4.615407394284e-01 
 4.202800000000e-09  4.018140276421e-01 
 4.212800000000e-09  2.908502080813e-01 
 4.222800000000e-09  1.539014889662e-01 
 4.232800000000e-09  4.323287896632e-03 
 4.242800000000e-09 -1.494437141418e-01 
 4.252800000000e-09 -2.953493761283e-01 
 4.262800000000e-09 -4.103744704558e-01 
 4.272800000000e-09 -4.648793719562e-01 
 4.282800000000e-09 -4.511304678861e-01 
 4.292800000000e-09 -3.752354111130e-01 
 4.302800000000e-09 -2.543469662715e-01 
 4.312800000000e-09 -1.132528245602e-01 
 4.322800000000e-09  3.859579179920e-02 
 4.332800000000e-09  1.914913684197e-01 
 4.342800000000e-09  3.321834128747e-01 
 4.352800000000e-09  4.324268144458e-01 
 4.362800000000e-09  4.679200920227e-01 
 4.372800000000e-09  4.358045869277e-01 
 4.382800000000e-09  3.449757690225e-01 
 4.392800000000e-09  2.164515309489e-01 
 4.402800000000e-09  7.166956502705e-02 
 4.412800000000e-09 -8.166265212336e-02 
 4.422800000000e-09 -2.327427811861e-01 
 4.432800000000e-09 -3.658304386929e-01 
 4.442800000000e-09 -4.493256185941e-01 
 4.452800000000e-09 -4.656345857279e-01 
 4.462800000000e-09 -4.158425672982e-01 
 4.472800000000e-09 -3.116894874878e-01 
 4.482800000000e-09 -1.774161543768e-01 
 4.492800000000e-09 -2.938863971420e-02 
 4.502800000000e-09  1.245458408387e-01 
 4.512800000000e-09  2.727861284487e-01 
 4.522800000000e-09  3.953861906158e-01 
 4.532800000000e-09  4.608709274170e-01 
 4.542800000000e-09  4.581329687654e-01 
 4.552800000000e-09  3.915601447276e-01 
 4.562800000000e-09  2.761385544318e-01 
 4.572800000000e-09  1.373208442923e-01 
 4.582800000000e-09 -1.336362770993e-02 
 4.592800000000e-09 -1.669669866943e-01 
 4.602800000000e-09 -3.110503352664e-01 
 4.612800000000e-09 -4.203141729097e-01 
 4.622800000000e-09 -4.670267369979e-01 
 4.632800000000e-09 -4.456026490556e-01 
 4.642800000000e-09 -3.633216071792e-01 
 4.652800000000e-09 -2.389410572332e-01 
 4.662800000000e-09 -9.620564592377e-02 
 4.672800000000e-09  5.642402653207e-02 
 4.682800000000e-09  2.087512175320e-01 
 4.692800000000e-09  3.466915806306e-01 
 4.702800000000e-09  4.402420219485e-01 
 4.712800000000e-09  4.678091911416e-01 
 4.722800000000e-09  4.282658850661e-01 
 4.732800000000e-09  3.316603649387e-01 
 4.742800000000e-09  2.005061661940e-01 
 4.752800000000e-09  5.426553957993e-02 
 4.762800000000e-09 -9.948268984835e-02 
 4.772800000000e-09 -2.495826238798e-01 
 4.782800000000e-09 -3.787389545514e-01 
 4.792800000000e-09 -4.549183750663e-01 
 4.802800000000e-09 -4.633154274790e-01 
 4.812800000000e-09 -4.064319790777e-01 
 4.822800000000e-09 -2.972971100498e-01 
 4.832800000000e-09 -1.609867371549e-01 
 4.842800000000e-09 -1.173179958244e-02 
 4.852800000000e-09  1.422252738768e-01 
 4.862800000000e-09  2.889827929599e-01 
 4.872800000000e-09  4.064247634642e-01 
 4.882800000000e-09  4.642127316093e-01 
 4.892800000000e-09  4.536719220726e-01 
 4.902800000000e-09  3.804190994478e-01 
 4.912800000000e-09  2.609610678570e-01 
 4.922800000000e-09  1.204278852545e-01 
 4.932800000000e-09 -3.119581958316e-02 
 4.942800000000e-09 -1.844231204552e-01 
 4.952800000000e-09 -3.262828689881e-01 
 4.962800000000e-09 -4.293067052933e-01 
 4.972800000000e-09 -4.681135710351e-01 
 4.982800000000e-09 -4.390859967552e-01 
 4.992800000000e-09 -3.506526405216e-01 
 5.002800000000e-09 -2.231884999630e-01 
 5.012800000000e-09 -7.891619570383e-02 
 5.022800000000e-09  7.431514938910e-02 
 5.032800000000e-09  2.258702617439e-01 
 5.042800000000e-09  3.605496469976e-01 
 5.052800000000e-09  4.470715698243e-01 
 5.062800000000e-09  4.666713691482e-01 
 5.072800000000e-09  4.198172859419e-01 
 5.082800000000e-09  3.177468627391e-01 
 5.092800000000e-09  1.842698474429e-01 
 5.102800000000e-09  3.668391296315e-02 
 5.112800000000e-09 -1.172897465114e-01 
 5.122800000000e-09 -2.661749525313e-01 
 5.132800000000e-09 -3.908426536467e-01 
 5.142800000000e-09 -4.595016861946e-01 
 5.152800000000e-09 -4.599950661186e-01 
 5.162800000000e-09 -3.961855171106e-01 
 5.172800000000e-09 -2.824690090520e-01 
 5.182800000000e-09 -1.443046273837e-01 
 5.192800000000e-09  6.036692203320e-03 
 5.202800000000e-09  1.598279743533e-01 
 5.212800000000e-09  3.048074859603e-01 
 5.222800000000e-09  4.165795292407e-01 
 5.232800000000e-09  4.665455060851e-01 
 5.242800000000e-09  4.482622425693e-01 
 5.252800000000e-09  3.685357336930e-01 
 5.262800000000e-09  2.454632357527e-01 
 5.272800000000e-09  1.033120090200e-01 
 5.282800000000e-09 -4.909432459993e-02 
 5.292800000000e-09 -2.017584765512e-01 
 5.302800000000e-09 -3.409694266038e-01 
 5.312800000000e-09 -4.373633365477e-01 
 5.322800000000e-09 -4.682061769553e-01 
 5.332800000000e-09 -4.316812339166e-01 
 5.342800000000e-09 -3.373637436796e-01 
 5.352800000000e-09 -2.071810875134e-01 
 5.362800000000e-09 -6.146207283243e-02 
 5.372800000000e-09  9.220132233657e-02 
 5.382800000000e-09  2.427949060073e-01 
 5.392800000000e-09  3.736951474784e-01 
 5.402800000000e-09  4.529324253853e-01 
 5.412800000000e-09  4.645686767833e-01 
 5.422800000000e-09  4.105494620429e-01 
 5.432800000000e-09  3.033630172611e-01 
 5.442800000000e-09  1.678072735100e-01 
 5.452800000000e-09  1.898740276637e-02 
 5.462800000000e-09 -1.350350559830e-01 
 5.472800000000e-09 -2.824868950646e-01 
 5.482800000000e-09 -4.021464146531e-01 
 5.492800000000e-09 -4.631186984869e-01 
 5.502800000000e-09 -4.557557950244e-01 
 5.512800000000e-09 -3.851886791895e-01 
 5.522800000000e-09 -2.672934837810e-01 
 5.532800000000e-09 -1.274046218292e-01 
 5.542800000000e-09  2.389717854755e-02 
 5.552800000000e-09  1.773451028558e-01 
 5.562800000000e-09  3.202081743982e-01 
 5.572800000000e-09  4.258624533741e-01 
 5.582800000000e-09  4.679170773390e-01 
 5.592800000000e-09  4.419745756519e-01 
 5.602800000000e-09  3.559984786522e-01 
 5.612800000000e-09  2.297102566703e-01 
 5.622800000000e-09  8.601941915730e-02 
 5.632800000000e-09 -6.702139549001e-02 
 5.642800000000e-09 -2.189500567762e-01 
 5.652800000000e-09 -3.550568273616e-01 
 5.662800000000e-09 -4.445011070404e-01 
 5.672800000000e-09 -4.673566291631e-01 
 5.682800000000e-09 -4.234579480801e-01 
 5.692800000000e-09 -3.235526526179e-01 
 5.702800000000e-09 -1.909586092725e-01 
 5.712800000000e-09 -4.387881206451e-02 
 5.722800000000e-09  1.100531575482e-01 
 5.732800000000e-09  2.594859539402e-01 
 5.742800000000e-09  3.860707305011e-01 
 5.752800000000e-09  4.578315797182e-01 
 5.762800000000e-09  4.615450512997e-01 
 5.772800000000e-09  4.005260343620e-01 
 5.782800000000e-09  2.886045612749e-01 
 5.792800000000e-09  1.511552849417e-01 
 5.802800000000e-09  1.219621699874e-03 
 5.812800000000e-09 -1.526847303657e-01 
 5.822800000000e-09 -2.984521791166e-01 
 5.832800000000e-09 -4.126083000114e-01 
 5.842800000000e-09 -4.657803111151e-01 
 5.852800000000e-09 -4.506385073954e-01 
 5.862800000000e-09 -3.735109604771e-01 
 5.872800000000e-09 -2.518412171848e-01 
 5.882800000000e-09 -1.103187603453e-01 
 5.892800000000e-09  4.180583183125e-02 
 5.902800000000e-09  1.947398564493e-01 
 5.912800000000e-09  3.351015554646e-01 
 5.922800000000e-09  4.342478835002e-01 
 5.932800000000e-09  4.683391276806e-01 
 5.942800000000e-09  4.348463311402e-01 
 5.952800000000e-09  3.428774217429e-01 
 5.962800000000e-09  2.137444773635e-01 
 5.972800000000e-09  6.858852372152e-02 
 5.982800000000e-09 -8.493395846545e-02 
 5.992800000000e-09 -2.359568021786e-01 
 6.002800000000e-09 -3.684720109862e-01 
 6.012800000000e-09 -4.507074543304e-01 
 6.022800000000e-09 -4.655814499181e-01 
 6.032800000000e-09 -4.144528140701e-01 
 6.042800000000e-09 -3.092921574847e-01 
 6.052800000000e-09 -1.745428357021e-01 
 6.062800000000e-09 -2.619847114819e-02 
 6.072800000000e-09  1.278376511557e-01 
 6.082800000000e-09  2.759146936481e-01 
 6.092800000000e-09  3.976828892432e-01 
 6.102800000000e-09  4.618009610893e-01 
 6.112800000000e-09  4.576233824914e-01 
 6.122800000000e-09  3.897749046496e-01 
 6.132800000000e-09  2.735203079482e-01 
 6.142800000000e-09  1.343099357119e-01 
 6.152800000000e-09 -1.662858340302e-02 
 6.162800000000e-09 -1.702477485961e-01 
 6.172800000000e-09 -3.140260007362e-01 
 6.182800000000e-09 -4.222253328792e-01 
 6.192800000000e-09 -4.675064910852e-01 
 6.202800000000e-09 -4.446633145773e-01 
 6.212800000000e-09 -3.611922811210e-01 
 6.222800000000e-09 -2.361551123076e-01 
 6.232800000000e-09 -9.307209160680e-02 
 6.242800000000e-09  5.973793950427e-02 
 6.252800000000e-09  2.119951351420e-01 
 6.262800000000e-09  3.494297787092e-01 
 6.272800000000e-09  4.417377718815e-01 
 6.282800000000e-09  4.678406813092e-01 
 6.292800000000e-09  4.269190867385e-01 
 6.302800000000e-09  3.292400444159e-01 
 6.312800000000e-09  1.975837729317e-01 
 6.322800000000e-09  5.103846712826e-02 
 6.332800000000e-09 -1.028123824827e-01 
 6.342800000000e-09 -2.527545137416e-01 
 6.352800000000e-09 -3.811644842969e-01 
 6.362800000000e-09 -4.559812412595e-01 
 6.372800000000e-09 -4.629077497381e-01 
 6.382800000000e-09 -4.047049301484e-01 
 6.392800000000e-09 -2.946511985525e-01 
 6.402800000000e-09 -1.579434306265e-01 
 6.412800000000e-09 -8.437216316787e-03 
 6.422800000000e-09  1.455409311430e-01 
 6.432800000000e-09  2.920307228516e-01 
 6.442800000000e-09  4.084852604582e-01 
 6.452800000000e-09  4.648360469639e-01 
 6.462800000000e-09  4.528417425435e-01 
 6.472800000000e-09  3.783464276695e-01 
 6.482800000000e-09  2.581501966360e-01 
 6.492800000000e-09  1.172754223314e-01 
 6.502800000000e-09 -3.453764126830e-02 
 6.512800000000e-09 -1.877055545219e-01 
 6.522800000000e-09 -3.291368254183e-01 
 6.532800000000e-09 -4.309702888713e-01 
 6.542800000000e-09 -4.682979562928e-01 
 6.552800000000e-09 -4.378527785699e-01 
 6.562800000000e-09 -3.482788966850e-01 
 6.572800000000e-09 -2.202523826533e-01 
 6.582800000000e-09 -7.567650631159e-02 
 6.592800000000e-09  7.767439232395e-02 
 6.602800000000e-09  2.290905959792e-01 
 6.612800000000e-09  3.631278750385e-01 
 6.622800000000e-09  4.483168680301e-01 
 6.632800000000e-09  4.664254979754e-01 
 6.642800000000e-09  4.182086111737e-01 
 6.652800000000e-09  3.151336756209e-01 
 6.662800000000e-09  1.812272766356e-01 
 6.672800000000e-09  3.338001168777e-02 
 6.682800000000e-09 -1.206375624126e-01 
 6.692800000000e-09 -2.692944464527e-01 
 6.702800000000e-09 -3.930809015322e-01 
 6.712800000000e-09 -4.603166178064e-01 
 6.722800000000e-09 -4.593299687982e-01 
 6.732800000000e-09 -3.942284151712e-01 
 6.742800000000e-09 -2.796777043906e-01 
 6.752800000000e-09 -1.411618984443e-01 
 6.762800000000e-09  9.386987953035e-03 
 6.772800000000e-09  1.631442741622e-01 
 6.782800000000e-09  3.077711546540e-01 
 6.792800000000e-09  4.184387559886e-01 
 6.802800000000e-09  4.669273342610e-01 
 6.812800000000e-09  4.471936726929e-01 
 6.822800000000e-09  3.662642170955e-01 
 6.832800000000e-09  2.425420095980e-01 
 6.842800000000e-09  1.000807573952e-01 
 6.852800000000e-09 -5.247060515505e-02 
 6.862800000000e-09 -2.050238491864e-01 
 6.872800000000e-09 -3.437008759856e-01 
 6.882800000000e-09 -4.388174990915e-01 
 6.892800000000e-09 -4.681592253036e-01 
 6.902800000000e-09 -4.302318124950e-01 
 6.912800000000e-09 -3.348291843540e-01 
 6.922800000000e-09 -2.041579519728e-01 
 6.932800000000e-09 -5.816408622243e-02 
 6.942800000000e-09  9.557431399027e-02 
 6.952800000000e-09  2.459782241503e-01 
 6.962800000000e-09  3.761115535939e-01 
 6.972800000000e-09  4.539577271511e-01 
 6.982800000000e-09  4.641044237060e-01 
 6.992800000000e-09  4.087488287864e-01 
 7.002800000000e-09  3.006322487361e-01 
 7.012800000000e-09  1.646963277441e-01 
 7.022800000000e-09  1.564619197142e-02 
 7.032800000000e-09 -1.383769444703e-01 
 7.042800000000e-09 -2.855429640983e-01 
 7.052800000000e-09 -4.042110335255e-01 
 7.062800000000e-09 -4.637233872330e-01 
 7.072800000000e-09 -4.548897742147e-01 
 7.082800000000e-09 -3.830625695031e-01 
 7.092800000000e-09 -2.644106822673e-01 
 7.102800000000e-09 -1.241996511255e-01 
 7.112800000000e-09  2.727571604791e-02 
 7.122800000000e-09  1.806468878492e-01 
 7.132800000000e-09  3.230760994276e-01 
 7.142800000000e-09  4.275354907551e-01 
 7.152800000000e-09  4.680922103114e-01 
 7.162800000000e-09  4.407143695284e-01 
 7.172800000000e-09  3.535821465805e-01 
 7.182800000000e-09  2.267223195353e-01 
 7.192800000000e-09  8.274189256269e-02 
 7.202800000000e-09 -7.040885505526e-02 
 7.212800000000e-09 -2.221870200931e-01 
 7.222800000000e-09 -3.576608292419e-01 
 7.232800000000e-09 -4.457647235040e-01 
 7.242800000000e-09 -4.671111379105e-01 
 7.252800000000e-09 -4.218322149708e-01 
 7.262800000000e-09 -3.209026405627e-01 
 7.272800000000e-09 -1.878779127354e-01 
 7.282800000000e-09 -4.054648593236e-02 
 7.292800000000e-09  1.134229784861e-01 
 7.302800000000e-09  2.626211329285e-01 
 7.312800000000e-09  3.883398134333e-01 
 7.322800000000e-09  4.586698708352e-01 
 7.332800000000e-09  4.608887394133e-01 
 7.342800000000e-09  3.985625952281e-01 
 7.352800000000e-09  2.857845655861e-01 
 7.362800000000e-09  1.479877453667e-01 
 7.372800000000e-09 -2.151294971640e-03 
 7.382800000000e-09 -1.560189433177e-01 
 7.392800000000e-09 -3.014395740069e-01 
 7.402800000000e-09 -4.145055665612e-01 
 7.412800000000e-09 -4.661914027333e-01 
 7.422800000000e-09 -4.495845559538e-01 
 7.432800000000e-09 -3.712369143161e-01 
 7.442800000000e-09 -2.488960729822e-01 
 7.452800000000e-09 -1.070695484411e-01 
 7.462800000000e-09  4.519884922752e-02 
 7.472800000000e-09  1.980206892225e-01 
 7.482800000000e-09  3.378660196331e-01 
 7.492800000000e-09  4.357442725842e-01 
 7.502800000000e-09  4.683256567982e-01 
 7.512800000000e-09  4.334163879264e-01 
 7.522800000000e-09  3.403419171545e-01 
 7.532800000000e-09  2.107048070387e-01 
 7.542800000000e-09  6.527662473886e-02 
 7.552800000000e-09 -8.832300829189e-02 
 7.562800000000e-09 -2.391582698770e-01 
 7.572800000000e-09 -3.709397933233e-01 
 7.582800000000e-09 -4.517867576807e-01 
 7.592800000000e-09 -4.651520479429e-01 
 7.602800000000e-09 -4.126704957018e-01 
 7.612800000000e-09 -3.065525062809e-01 
 7.622800000000e-09 -1.714165476017e-01 
 7.632800000000e-09 -2.284176986988e-02 
 7.642800000000e-09  1.311980759625e-01 
 7.652800000000e-09  2.789957947528e-01 
 7.662800000000e-09  3.997972666903e-01 
 7.672800000000e-09  4.624542288705e-01 
 7.682800000000e-09  4.567901649844e-01 
 7.692800000000e-09  3.876674865510e-01 
 7.702800000000e-09  2.706341749050e-01 
 7.712800000000e-09  1.310997346698e-01 
 7.722800000000e-09 -2.001641895216e-02 
 7.732800000000e-09 -1.735648100047e-01 
 7.742800000000e-09 -3.169297988693e-01 
 7.752800000000e-09 -4.239544917519e-01 
 7.762800000000e-09 -4.677334745262e-01 
 7.772800000000e-09 -4.434417460084e-01 
 7.782800000000e-09 -3.587942540059e-01 
 7.792800000000e-09 -2.331612154514e-01 
 7.802800000000e-09 -8.978875309411e-02 
 7.812800000000e-09  6.313645170518e-02 
 7.822800000000e-09  2.152484610950e-01 
 7.832800000000e-09  3.520781756524e-01 
 7.842800000000e-09  4.430585242028e-01 
 7.852800000000e-09  4.676471158205e-01 
 7.862800000000e-09  4.253325298686e-01 
 7.872800000000e-09  3.266052092207e-01 
 7.882800000000e-09  1.945019190755e-01 
 7.892800000000e-09  4.770158969723e-02 
 7.902800000000e-09 -1.061934651615e-01 
 7.912800000000e-09 -2.558999871070e-01 
 7.922800000000e-09 -3.834673899118e-01 
 7.932800000000e-09 -4.568682119733e-01 
 7.942800000000e-09 -4.622978546567e-01 
 7.952800000000e-09 -4.027799437132e-01 
 7.962800000000e-09 -2.918473972207e-01 
 7.972800000000e-09 -1.547899007979e-01 
 7.982800000000e-09 -5.078985757508e-03 
 7.992800000000e-09  1.488681244361e-01 
 8.002800000000e-09  2.950266718205e-01 
 8.012800000000e-09  4.104244278896e-01 
 8.022800000000e-09  4.652985400804e-01 
 8.032800000000e-09  4.518385786118e-01 
 8.042800000000e-09  3.761138797816e-01 
 8.052800000000e-09  2.552228245269e-01 
 8.062800000000e-09  1.140440592517e-01 
 8.072800000000e-09 -3.791787502959e-02 
 8.082800000000e-09 -1.909815651975e-01 
 8.092800000000e-09 -3.319251649810e-01 
 8.102800000000e-09 -4.325165024231e-01 
 8.112800000000e-09 -4.683395854102e-01 
 8.122800000000e-09 -4.364740416147e-01 
 8.132800000000e-09 -3.457796739533e-01 
 8.142800000000e-09 -2.172305849730e-01 
 8.152800000000e-09 -7.238235826996e-02 
 8.162800000000e-09  8.105245199780e-02 
 8.172800000000e-09  2.322902102893e-01 
 8.182800000000e-09  3.656306748421e-01 
 8.192800000000e-09  4.494506880911e-01 
 8.202800000000e-09  4.660541568588e-01 
 8.212800000000e-09  4.164793070441e-01 
 8.222800000000e-09  3.124261368983e-01 
 8.232800000000e-09  1.781225245010e-01 
 8.242800000000e-09  3.004112595730e-02 
 8.252800000000e-09 -1.239892289059e-01 
 8.262800000000e-09 -2.723818374669e-01 
 8.272800000000e-09 -3.952404158914e-01 
 8.282800000000e-09 -4.610287198475e-01 
 8.292800000000e-09 -4.585562334417e-01 
 8.302800000000e-09 -3.921725682854e-01 
 8.312800000000e-09 -2.768173623490e-01 
 8.322800000000e-09 -1.379743113434e-01 
 8.332800000000e-09  1.275777350368e-02 
 8.342800000000e-09  1.664536828879e-01 
 8.352800000000e-09  3.106921168519e-01 
 8.362800000000e-09  4.202189972806e-01 
 8.372800000000e-09  4.672155849807e-01 
 8.382800000000e-09  4.460321698340e-01 
 8.392800000000e-09  3.639144686645e-01 
 8.402800000000e-09  2.395718527304e-01 
 8.412800000000e-09  9.681955438987e-02 
 8.422800000000e-09 -5.585511053119e-02 
 8.432800000000e-09 -2.082736657660e-01 
 8.442800000000e-09 -3.463811723650e-01 
 8.452800000000e-09 -4.401953014436e-01 
 8.462800000000e-09 -4.680286299476e-01 
 8.472800000000e-09 -4.287041269623e-01 
 8.482800000000e-09 -3.322353499624e-01 
 8.492800000000e-09 -2.011001598855e-01 
 8.502800000000e-09 -5.484814507630e-02 
 8.512800000000e-09  9.894559590492e-02 
 8.522800000000e-09  2.491381161722e-01 
 8.532800000000e-09  3.784795260286e-01 
 8.542800000000e-09  4.549187436191e-01 
 8.552800000000e-09  4.635651524092e-01 
 8.562800000000e-09  4.068803662061e-01 
 8.572800000000e-09  2.978538484207e-01 
 8.582800000000e-09  1.615552319982e-01 
 8.592800000000e-09  1.229048089283e-02 
 8.602800000000e-09 -1.417149327786e-01 
 8.612800000000e-09 -2.885712748631e-01 
 8.622800000000e-09 -4.062180098607e-01 
 8.632800000000e-09 -4.642600570734e-01 
 8.642800000000e-09 -4.539530310658e-01 
 8.652800000000e-09 -3.808793700524e-01 
 8.662800000000e-09 -2.615002623541e-01 
 8.672800000000e-09 -1.209787885705e-01 
 8.682800000000e-09  3.065640392327e-02 
 8.692800000000e-09  1.839361653494e-01 
 8.702800000000e-09  3.259088092294e-01 
 8.712800000000e-09  4.291528825115e-01 
 8.722800000000e-09  4.682067808698e-01 
 8.732800000000e-09  4.393982730864e-01 
 8.742800000000e-09  3.511236306273e-01 
 8.752800000000e-09  2.237133065751e-01 
 8.762800000000e-09  7.945420242489e-02 
 8.772800000000e-09 -7.379271365654e-02 
 8.782800000000e-09 -2.254055902200e-01 
 8.792800000000e-09 -3.602203425620e-01 
 8.802800000000e-09 -4.469715965018e-01 
 8.812800000000e-09 -4.668099788596e-01 
 8.822800000000e-09 -4.201600194971e-01 
 8.832800000000e-09 -3.182245984089e-01 
 8.842800000000e-09 -1.847847832402e-01 
 8.852800000000e-09 -3.721128726678e-02 
 8.862800000000e-09  1.167838360224e-01 
 8.872800000000e-09  2.657342531262e-01 
 8.882800000000e-09  3.905636591553e-01 
 8.892800000000e-09  4.594557161994e-01 
 8.902800000000e-09  4.601784052068e-01 
 8.912800000000e-09  3.965578616471e-01 
 8.922800000000e-09  2.829494700074e-01 
 8.932800000000e-09  1.448149647345e-01 
 8.942800000000e-09 -5.517539979964e-03 
 8.952800000000e-09 -1.593374633974e-01 
 8.962800000000e-09 -3.043954543857e-01 
 8.972800000000e-09 -4.163542982394e-01 
 8.982800000000e-09 -4.665537012867e-01 
 8.992800000000e-09 -4.484897152097e-01 
 9.002800000000e-09 -3.689357585015e-01 
 9.012800000000e-09 -2.459437801530e-01 
 9.022800000000e-09 -1.038202573340e-01 
 9.032800000000e-09  4.858289939765e-02 
 9.042800000000e-09  2.012832943270e-01 
 9.052800000000e-09  3.405942544476e-01 
 9.062800000000e-09  4.371937089229e-01 
 9.072800000000e-09  4.682676728926e-01 
 9.082800000000e-09  4.319510303777e-01 
 9.092800000000e-09  3.377867724999e-01 
 9.102800000000e-09  2.076619014905e-01 
 9.112800000000e-09  6.196861641718e-02 
 9.122800000000e-09 -9.169895698189e-02 
 9.132800000000e-09 -2.423372807592e-01 
 9.142800000000e-09 -3.733658722433e-01 
 9.152800000000e-09 -4.528200469322e-01 
 9.162800000000e-09 -4.646825255169e-01 
 9.172800000000e-09 -4.108592687643e-01 
 9.182800000000e-09 -3.038024108296e-01 
 9.192800000000e-09 -1.682903179351e-01 
 9.202800000000e-09 -1.949213815751e-02 
 9.212800000000e-09  1.345430239165e-01 
 9.222800000000e-09  2.820510790296e-01 
 9.232800000000e-09  4.018689082927e-01 
 9.242800000000e-09  4.630640782558e-01 
 9.252800000000e-09  4.559208810404e-01 
 9.262800000000e-09  3.855361723216e-01 
 9.272800000000e-09  2.677436062407e-01 
 9.282800000000e-09  1.278919477181e-01 
 9.292800000000e-09 -2.339434000044e-02 
 9.302800000000e-09 -1.768640422215e-01 
 9.312800000000e-09 -3.198017845860e-01 
 9.322800000000e-09 -4.256403020073e-01 
 9.332800000000e-09 -4.679200300635e-01 
 9.342800000000e-09 -4.421890953638e-01 
 9.352800000000e-09 -3.563793749308e-01 
 9.362800000000e-09 -2.301676820707e-01 
 9.372800000000e-09 -8.651092767050e-02 
 9.382800000000e-09  6.652210549515e-02 
 9.392800000000e-09  2.184818052543e-01 
 9.402800000000e-09  3.546899182807e-01 
 9.412800000000e-09  4.443367497586e-01 
 9.422800000000e-09  4.674163062196e-01 
 9.432800000000e-09  4.237192690032e-01 
 9.442800000000e-09  3.239602453094e-01 
 9.452800000000e-09  1.914227059234e-01 
 9.462800000000e-09  4.437304340732e-02 
 9.472800000000e-09 -1.095601797819e-01 
 9.482800000000e-09 -2.590345216758e-01 
 9.492800000000e-09 -3.857520634579e-01 
 9.502800000000e-09 -4.577264472356e-01 
 9.512800000000e-09 -4.616601306512e-01 
 9.522800000000e-09 -4.008311482288e-01 
 9.532800000000e-09 -2.890313147314e-01 
 9.542800000000e-09 -1.516271353757e-01 
 9.552800000000e-09 -1.715676228222e-03 
 9.562800000000e-09  1.521996915010e-01 
 9.572800000000e-09  2.980236391606e-01 
 9.582800000000e-09  4.123432409258e-01 
 9.592800000000e-09  4.657349091020e-01 
 9.602800000000e-09  4.508074827652e-01 
 9.612800000000e-09  3.738564369882e-01 
 9.622800000000e-09  2.522812544295e-01 
 9.632800000000e-09  1.107985404962e-01 
 9.642800000000e-09 -4.130946620000e-02 
 9.652800000000e-09 -1.942644350515e-01 
 9.662800000000e-09 -3.347055732675e-01 
 9.672800000000e-09 -4.340398207543e-01 
 9.682800000000e-09 -4.683529105688e-01 
 9.692800000000e-09 -4.350666072675e-01 
 9.702800000000e-09 -3.432572659500e-01 
 9.712800000000e-09 -2.141946283979e-01 
 9.722800000000e-09 -6.907455728754e-02 
 9.732800000000e-09  8.444028501143e-02 
 9.742800000000e-09  2.354942770518e-01 
 9.752800000000e-09  3.681191326454e-01 
 9.762800000000e-09  4.505587748421e-01 
 9.772800000000e-09  4.656533083578e-01 
 9.782800000000e-09  4.147211883162e-01 
 9.792800000000e-09  3.096984148063e-01 
 9.802800000000e-09  1.750025382243e-01 
 9.812800000000e-09  2.668876845058e-02 
 9.822800000000e-09 -1.273496555268e-01 
 9.832800000000e-09 -2.754702309481e-01 
 9.842800000000e-09 -3.973807781427e-01 
 9.852800000000e-09 -4.617127402369e-01 
 9.862800000000e-09 -4.577517898367e-01 
 9.872800000000e-09 -3.900880422116e-01 
 9.882800000000e-09 -2.739454029517e-01 
 9.892800000000e-09 -1.347796061445e-01 
 9.902800000000e-09  1.613544277100e-02 
 9.912800000000e-09  1.697672277239e-01 
 9.922800000000e-09  3.136075058893e-01 
 9.932800000000e-09  4.219785870235e-01 
 9.942800000000e-09  4.674788160196e-01 
 9.952800000000e-09  4.448461731197e-01 
 9.962800000000e-09  3.615454613364e-01 
 9.972800000000e-09  2.365937208337e-01 
 9.982800000000e-09  9.355070421361e-02 
 9.992800000000e-09 -5.924440288983e-02 
 1.000000000000e-08 -1.703105550203e-01 
