 1.628000000000e-10  2.229686094790e-02 
 1.728000000000e-10  1.400669957479e-02 
 1.828000000000e-10  3.963368455003e-03 
 1.928000000000e-10 -6.730659501554e-03 
 2.028000000000e-10 -1.687702402178e-02 
 2.128000000000e-10 -2.531220200042e-02 
 2.228000000000e-10 -3.104349234052e-02 
 2.328000000000e-10 -3.336488988300e-02 
 2.428000000000e-10 -3.194644875440e-02 
 2.528000000000e-10 -2.687620297858e-02 
 2.628000000000e-10 -1.865878410909e-02 
 2.728000000000e-10 -8.163269484963e-03 
 2.828000000000e-10  3.466047029079e-03 
 2.928000000000e-10  1.493416697664e-02 
 3.028000000000e-10  2.493530638377e-02 
 3.128000000000e-10  3.230491293377e-02 
 3.228000000000e-10  3.615503288016e-02 
 3.328000000000e-10  3.598068954271e-02 
 3.428000000000e-10  3.172346389926e-02 
 3.528000000000e-10  2.378742198464e-02 
 3.628000000000e-10  1.299866240509e-02 
 3.728000000000e-10  5.215448728197e-04 
 3.828000000000e-10 -1.226603130462e-02 
 3.928000000000e-10 -2.391878803191e-02 
 4.028000000000e-10 -3.308898495760e-02 
 4.128000000000e-10 -3.868483608708e-02 
 4.228000000000e-10 -4.000070870716e-02 
 4.328000000000e-10 -3.680431890344e-02 
 4.428000000000e-10 -2.937253500637e-02 
 4.528000000000e-10 -1.846580035556e-02 
 4.628000000000e-10 -5.251043193362e-03 
 4.728000000000e-10  8.821553781782e-03 
 4.828000000000e-10  2.217364731329e-02 
 4.928000000000e-10  3.327523190253e-02 
 5.028000000000e-10  4.081987290926e-02 
 5.128000000000e-10  4.388104781620e-02 
 5.228000000000e-10  4.202495733781e-02 
 5.328000000000e-10  3.536901556696e-02 
 5.428000000000e-10  2.457532273702e-02 
 5.528000000000e-10  1.078300623606e-02 
 5.628000000000e-10 -4.507607197042e-03 
 5.728000000000e-10 -1.959248959202e-02 
 5.828000000000e-10 -3.275472658127e-02 
 5.928000000000e-10 -4.245881060491e-02 
 6.028000000000e-10 -4.753342420940e-02 
 6.128000000000e-10 -4.731280020666e-02 
 6.228000000000e-10 -4.172233181983e-02 
 6.328000000000e-10 -3.129481732238e-02 
 6.428000000000e-10 -1.711776754332e-02 
 6.528000000000e-10 -7.209533079200e-04 
 6.628000000000e-10  1.608352811171e-02 
 6.728000000000e-10  3.139782771841e-02 
 6.828000000000e-10  4.345125003260e-02 
 6.928000000000e-10  5.080872563165e-02 
 7.028000000000e-10  5.254310928683e-02 
 7.128000000000e-10  4.835181464851e-02 
 7.228000000000e-10  3.859955062502e-02 
 7.328000000000e-10  2.428447213695e-02 
 7.428000000000e-10  6.936032518054e-03 
 7.528000000000e-10 -1.154357777274e-02 
 7.628000000000e-10 -2.908215053510e-02 
 7.728000000000e-10 -4.366680765078e-02 
 7.828000000000e-10 -5.357820931708e-02 
 7.928000000000e-10 -5.759825176255e-02 
 8.028000000000e-10 -5.516044178047e-02 
 8.128000000000e-10 -4.642322937042e-02 
 8.228000000000e-10 -3.225956609685e-02 
 8.328000000000e-10 -1.416642070761e-02 
 8.428000000000e-10  5.889077042469e-03 
 8.528000000000e-10  2.567575890907e-02 
 8.628000000000e-10  4.294080269584e-02 
 8.728000000000e-10  5.566790158327e-02 
 8.828000000000e-10  6.231944340636e-02 
 8.928000000000e-10  6.202536317789e-02 
 9.028000000000e-10  5.469362295103e-02 
 9.128000000000e-10  4.102700544431e-02 
 9.228000000000e-10  2.245042239135e-02 
 9.328000000000e-10  9.659462182428e-04 
 9.428000000000e-10 -2.105494926258e-02 
 9.528000000000e-10 -4.112388598136e-02 
 9.628000000000e-10 -5.691580901925e-02 
 9.728000000000e-10 -6.654568858949e-02 
 9.828000000000e-10 -6.880180695489e-02 
 9.928000000000e-10 -6.329694787103e-02 
 1.002800000000e-09 -5.051859526577e-02 
 1.012800000000e-09 -3.177858049811e-02 
 1.022800000000e-09 -9.077230335086e-03 
 1.032800000000e-09  1.510108761846e-02 
 1.042800000000e-09  3.804670105866e-02 
 1.052800000000e-09  5.712290763539e-02 
 1.062800000000e-09  7.007573115647e-02 
 1.072800000000e-09  7.531262317533e-02 
 1.082800000000e-09  7.210105247316e-02 
 1.092800000000e-09  6.066023516760e-02 
 1.102800000000e-09  4.213939515263e-02 
 1.112800000000e-09  1.849533061444e-02 
 1.122800000000e-09 -7.706964949259e-03 
 1.132800000000e-09 -3.355542860255e-02 
 1.142800000000e-09 -5.610322027110e-02 
 1.152800000000e-09 -7.270901842868e-02 
 1.162800000000e-09 -8.136189919122e-02 
 1.172800000000e-09 -8.093531420685e-02 
 1.182800000000e-09 -7.132706613624e-02 
 1.192800000000e-09 -5.347044974671e-02 
 1.202800000000e-09 -2.923096006905e-02 
 1.212800000000e-09 -1.214465221447e-03 
 1.222800000000e-09  2.749343176955e-02 
 1.232800000000e-09  5.364798681825e-02 
 1.242800000000e-09  7.421065268348e-02 
 1.252800000000e-09  8.671946862703e-02 
 1.262800000000e-09  8.960242196567e-02 
 1.272800000000e-09  8.237452028095e-02 
 1.282800000000e-09  6.569273218018e-02 
 1.292800000000e-09  4.127753963778e-02 
 1.302800000000e-09  1.173022099835e-02 
 1.312800000000e-09 -1.972488037595e-02 
 1.322800000000e-09 -4.956435087044e-02 
 1.332800000000e-09 -7.434976983510e-02 
 1.342800000000e-09 -9.114048728143e-02 
 1.352800000000e-09 -9.786932275507e-02 
 1.362800000000e-09 -9.360726855080e-02 
 1.372800000000e-09 -7.867157247933e-02 
 1.382800000000e-09 -5.457786100722e-02 
 1.392800000000e-09 -2.387048921600e-02 
 1.402800000000e-09  1.013117441114e-02 
 1.412800000000e-09  4.365580260015e-02 
 1.422800000000e-09  7.287443019073e-02 
 1.432800000000e-09  9.434867330141e-02 
 1.442800000000e-09  1.054696986139e-01 
 1.452800000000e-09  1.047988672393e-01 
 1.462800000000e-09  9.224215885919e-02 
 1.472800000000e-09  6.904370321594e-02 
 1.482800000000e-09  3.763275126242e-02 
 1.492800000000e-09  1.374147509007e-03 
 1.502800000000e-09 -3.575157766834e-02 
 1.512800000000e-09 -6.954473653534e-02 
 1.522800000000e-09 -9.606052258002e-02 
 1.532800000000e-09 -1.121083454931e-01 
 1.542800000000e-09 -1.156757348234e-01 
 1.552800000000e-09 -1.061824541115e-01 
 1.562800000000e-09 -8.452820660124e-02 
 1.572800000000e-09 -5.296255095020e-02 
 1.582800000000e-09 -1.483914063149e-02 
 1.592800000000e-09  2.570112790456e-02 
 1.602800000000e-09  6.412146577441e-02 
 1.612800000000e-09  9.597600044160e-02 
 1.622800000000e-09  1.174613505101e-01 
 1.632800000000e-09  1.259282085145e-01 
 1.642800000000e-09  1.202298759515e-01 
 1.652800000000e-09  1.008405395722e-01 
 1.662800000000e-09  6.975829701165e-02 
 1.672800000000e-09  3.026385298303e-02 
 1.682800000000e-09 -1.339670181535e-02 
 1.692800000000e-09 -5.639428958299e-02 
 1.702800000000e-09 -9.380236061235e-02 
 1.712800000000e-09 -1.211871551859e-01 
 1.722800000000e-09 -1.352063686101e-01 
 1.732800000000e-09 -1.340654537339e-01 
 1.742800000000e-09 -1.177255662492e-01 
 1.752800000000e-09 -8.785388549375e-02 
 1.762800000000e-09 -4.759010871969e-02 
 1.772800000000e-09 -1.223666530990e-03 
 1.782800000000e-09  4.618076780199e-02 
 1.792800000000e-09  8.925386318381e-02 
 1.802800000000e-09  1.229310064526e-01 
 1.812800000000e-09  1.431304065723e-01 
 1.822800000000e-09  1.473282793149e-01 
 1.832800000000e-09  1.348775092983e-01 
 1.842800000000e-09  1.070254716234e-01 
 1.852800000000e-09  6.669680230156e-02 
 1.862800000000e-09  1.815883410417e-02 
 1.872800000000e-09 -3.335225139982e-02 
 1.882800000000e-09 -8.207824528120e-02 
 1.892800000000e-09 -1.223437480665e-01 
 1.902800000000e-09 -1.492971174201e-01 
 1.912800000000e-09 -1.596096712201e-01 
 1.922800000000e-09 -1.519270043034e-01 
 1.932800000000e-09 -1.269783883755e-01 
 1.942800000000e-09 -8.739061041438e-02 
 1.952800000000e-09 -3.733921961806e-02 
 1.962800000000e-09  1.783784417154e-02 
 1.972800000000e-09  7.206236942795e-02 
 1.982800000000e-09  1.190912265914e-01 
 1.992800000000e-09  1.532933034747e-01 
 2.002800000000e-09  1.704693062503e-01 
 2.012800000000e-09  1.684562053552e-01 
 2.022800000000e-09  1.473568442776e-01 
 2.032800000000e-09  1.094070603952e-01 
 2.042800000000e-09  5.861675996834e-02 
 2.052800000000e-09  3.549317229206e-04 
 2.062800000000e-09 -5.905861222121e-02 
 2.072800000000e-09 -1.128788740654e-01 
 2.082800000000e-09 -1.547122975755e-01 
 2.092800000000e-09 -1.794411144263e-01 
 2.102800000000e-09 -1.839963207651e-01 
 2.112800000000e-09 -1.677383317425e-01 
 2.122800000000e-09 -1.324063320781e-01 
 2.132800000000e-09 -8.176287937255e-02 
 2.142800000000e-09 -2.113707031609e-02 
 2.152800000000e-09  4.299269600311e-02 
 2.162800000000e-09  1.034656126747e-01 
 2.172800000000e-09  1.531726411154e-01 
 2.182800000000e-09  1.860539808956e-01 
 2.192800000000e-09  1.980465273891e-01 
 2.202800000000e-09  1.876474375588e-01 
 2.212800000000e-09  1.559804146925e-01 
 2.222800000000e-09  1.064677396721e-01 
 2.232800000000e-09  4.432760751106e-02 
 2.242800000000e-09 -2.388339305495e-02 
 2.252800000000e-09 -9.068841314132e-02 
 2.262800000000e-09 -1.483413089827e-01 
 2.272800000000e-09 -1.898487461243e-01 
 2.282800000000e-09 -2.100835262943e-01 
 2.292800000000e-09 -2.065597876349e-01 
 2.302800000000e-09 -1.796555195998e-01 
 2.312800000000e-09 -1.323441881641e-01 
 2.322800000000e-09 -6.965706735390e-02 
 2.332800000000e-09  1.845281294495e-03 
 2.342800000000e-09  7.447442195934e-02 
 2.352800000000e-09  1.399539421424e-01 
 2.362800000000e-09  1.904026536821e-01 
 2.372800000000e-09  2.195854992513e-01 
 2.382800000000e-09  2.239215879328e-01 
 2.392800000000e-09  2.029050656863e-01 
 2.402800000000e-09  1.589352748066e-01 
 2.412800000000e-09  9.676931463611e-02 
 2.422800000000e-09  2.290459351312e-02 
 2.432800000000e-09 -5.485702554115e-02 
 2.442800000000e-09 -1.278363362143e-01 
 2.452800000000e-09 -1.873511692660e-01 
 2.462800000000e-09 -2.260508807318e-01 
 2.472800000000e-09 -2.391635306881e-01 
 2.482800000000e-09 -2.251593290764e-01 
 2.492800000000e-09 -1.857231338061e-01 
 2.502800000000e-09 -1.252323087926e-01 
 2.512800000000e-09 -5.005477671669e-02 
 2.522800000000e-09  3.197796916032e-02 
 2.532800000000e-09  1.119193384687e-01 
 2.542800000000e-09  1.804119522598e-01 
 2.552800000000e-09  2.290249846506e-01 
 2.562800000000e-09  2.517255553026e-01 
 2.572800000000e-09  2.458244283243e-01 
 2.582800000000e-09  2.121412086466e-01 
 2.592800000000e-09  1.545471363979e-01 
 2.602800000000e-09  7.920543651870e-02 
 2.612800000000e-09 -6.089170516612e-03 
 2.622800000000e-09 -9.225038911717e-02 
 2.632800000000e-09 -1.694026664258e-01 
 2.642800000000e-09 -2.281203571637e-01 
 2.652800000000e-09 -2.610767032626e-01 
 2.662800000000e-09 -2.642993223272e-01 
 2.672800000000e-09 -2.375874918318e-01 
 2.682800000000e-09 -1.841612915231e-01 
 2.692800000000e-09 -1.098841343618e-01 
 2.702800000000e-09 -2.245854391031e-02 
 2.712800000000e-09  6.899509313660e-02 
 2.722800000000e-09  1.542564799336e-01 
 2.732800000000e-09  2.230403648808e-01 
 2.742800000000e-09  2.667403077693e-01 
 2.752800000000e-09  2.799994786385e-01 
 2.762800000000e-09  2.614420881704e-01 
 2.772800000000e-09  2.134803276292e-01 
 2.782800000000e-09  1.415575413579e-01 
 2.792800000000e-09  5.322634551281e-02 
 2.802800000000e-09 -4.243460280972e-02 
 2.812800000000e-09 -1.350299712702e-01 
 2.822800000000e-09 -2.135945556159e-01 
 2.832800000000e-09 -2.683127598289e-01 
 2.842800000000e-09 -2.923768194941e-01 
 2.852800000000e-09 -2.830861947837e-01 
 2.862800000000e-09 -2.418829774642e-01 
 2.872800000000e-09 -1.736475287713e-01 
 2.882800000000e-09 -8.570671830581e-02 
 2.892800000000e-09  1.295259997944e-02 
 2.902800000000e-09  1.119044815628e-01 
 2.912800000000e-09  1.997137202479e-01 
 2.922800000000e-09  2.654852050702e-01 
 2.932800000000e-09  3.009421614333e-01 
 2.942800000000e-09  3.019242045879e-01 
 2.952800000000e-09  2.687377247345e-01 
 2.962800000000e-09  2.055434876927e-01 
 2.972800000000e-09  1.193390585910e-01 
 2.982800000000e-09  1.898016449511e-02 
 2.992800000000e-09 -8.518051464125e-02 
 3.002800000000e-09 -1.814559012879e-01 
 3.012800000000e-09 -2.580578996625e-01 
 3.022800000000e-09 -3.052824638204e-01 
 3.032800000000e-09 -3.174029220155e-01 
 3.042800000000e-09 -2.934222357261e-01 
 3.052800000000e-09 -2.366185989036e-01 
 3.062800000000e-09 -1.535284813244e-01 
 3.072800000000e-09 -5.282797107466e-02 
 3.082800000000e-09  5.526399614613e-02 
 3.092800000000e-09  1.590074857035e-01 
 3.102800000000e-09  2.459535930374e-01 
 3.112800000000e-09  3.050799728795e-01 
 3.122800000000e-09  3.290319754959e-01 
 3.132800000000e-09  3.153443331149e-01 
 3.142800000000e-09  2.662457488012e-01 
 3.152800000000e-09  1.876603756052e-01 
 3.162800000000e-09  8.801077492228e-02 
 3.172800000000e-09 -2.264737955641e-02 
 3.182800000000e-09 -1.326761017573e-01 
 3.192800000000e-09 -2.292241103300e-01 
 3.202800000000e-09 -3.001260764093e-01 
 3.212800000000e-09 -3.363985371849e-01 
 3.222800000000e-09 -3.339602000907e-01 
 3.232800000000e-09 -2.938156426935e-01 
 3.242800000000e-09 -2.211164846207e-01 
 3.252800000000e-09 -1.239257997574e-01 
 3.262800000000e-09 -1.211539813092e-02 
 3.272800000000e-09  1.028756875956e-01 
 3.282800000000e-09  2.080500328226e-01 
 3.292800000000e-09  2.903328811363e-01 
 3.302800000000e-09  3.391823030269e-01 
 3.312800000000e-09  3.487889884082e-01 
 3.322800000000e-09  3.187529935870e-01 
 3.332800000000e-09  2.532888158346e-01 
 3.342800000000e-09  1.599642491021e-01 
 3.352800000000e-09  4.843354707782e-02 
 3.362800000000e-09 -7.010534102341e-02 
 3.372800000000e-09 -1.827314091180e-01 
 3.382800000000e-09 -2.757363887456e-01 
 3.392800000000e-09 -3.371663894516e-01 
 3.402800000000e-09 -3.594261115416e-01 
 3.412800000000e-09 -3.405332751978e-01 
 3.422800000000e-09 -2.835938982091e-01 
 3.432800000000e-09 -1.955260464440e-01 
 3.442800000000e-09 -8.570329571987e-02 
 3.452800000000e-09  3.492388782164e-02 
 3.462800000000e-09  1.536727993194e-01 
 3.472800000000e-09  2.564967955474e-01 
 3.482800000000e-09  3.302461383166e-01 
 3.492800000000e-09  3.655524492196e-01 
 3.502800000000e-09  3.586928749105e-01 
 3.512800000000e-09  3.114830100370e-01 
 3.522800000000e-09  2.300299407841e-01 
 3.532800000000e-09  1.233259191874e-01 
 3.542800000000e-09  2.077333322343e-03 
 3.552800000000e-09 -1.213609376094e-01 
 3.562800000000e-09 -2.328884787436e-01 
 3.572800000000e-09 -3.184315452350e-01 
 3.582800000000e-09 -3.669415291370e-01 
 3.592800000000e-09 -3.728357964415e-01 
 3.602800000000e-09 -3.364528250228e-01 
 3.612800000000e-09 -2.629228775514e-01 
 3.622800000000e-09 -1.607213131253e-01 
 3.632800000000e-09 -4.029924883862e-02 
 3.642800000000e-09  8.634085834437e-02 
 3.652800000000e-09  2.052857728178e-01 
 3.662800000000e-09  3.018447682492e-01 
 3.672800000000e-09  3.634644287313e-01 
 3.682800000000e-09  3.826415758453e-01 
 3.692800000000e-09  3.580554873033e-01 
 3.702800000000e-09  2.936860387661e-01 
 3.712800000000e-09  1.973345666821e-01 
 3.722800000000e-09  7.915252726644e-02 
 3.732800000000e-09 -4.919228248217e-02 
 3.742800000000e-09 -1.741440366950e-01 
 3.752800000000e-09 -2.807136620572e-01 
 3.762800000000e-09 -3.550905243309e-01 
 3.772800000000e-09 -3.878677259819e-01 
 3.782800000000e-09 -3.759012844962e-01 
 3.792800000000e-09 -3.218368575292e-01 
 3.802800000000e-09 -2.326400750501e-01 
 3.812800000000e-09 -1.180720957411e-01 
 3.822800000000e-09  1.050368239455e-02 
 3.832800000000e-09  1.399756018268e-01 
 3.842800000000e-09  2.553592849509e-01 
 3.852800000000e-09  3.418877060587e-01 
 3.862800000000e-09  3.883538575453e-01 
 3.872800000000e-09  3.896613464981e-01 
 3.882800000000e-09  3.469366908399e-01 
 3.892800000000e-09  2.661452954462e-01 
 3.902800000000e-09  1.565239985592e-01 
 3.912800000000e-09  2.914725582693e-02 
 3.922800000000e-09 -1.033293929904e-01 
 3.932800000000e-09 -2.261831233117e-01 
 3.942800000000e-09 -3.240198054536e-01 
 3.952800000000e-09 -3.840240521968e-01 
 3.962800000000e-09 -3.990740835125e-01 
 3.972800000000e-09 -3.685985143008e-01 
 3.982800000000e-09 -2.973909014333e-01 
 3.992800000000e-09 -1.940048147825e-01 
 4.002800000000e-09 -6.920386122842e-02 
 4.012800000000e-09  6.477439383504e-02 
 4.022800000000e-09  1.936515317720e-01 
 4.032800000000e-09  3.017400610594e-01 
 4.042800000000e-09  3.748837288809e-01 
 4.052800000000e-09  4.039431213839e-01 
 4.062800000000e-09  3.864838538358e-01 
 4.072800000000e-09  3.259465721783e-01 
 4.082800000000e-09  2.300402881291e-01 
 4.092800000000e-09  1.091409928622e-01 
 4.102800000000e-09 -2.487655307845e-02 
 4.112800000000e-09 -1.582710251658e-01 
 4.122800000000e-09 -2.753768905504e-01 
 4.132800000000e-09 -3.610187190047e-01 
 4.142800000000e-09 -4.041408634628e-01 
 4.152800000000e-09 -4.003057031116e-01 
 4.162800000000e-09 -3.514202447132e-01 
 4.172800000000e-09 -2.641885607968e-01 
 4.182800000000e-09 -1.484698489912e-01 
 4.192800000000e-09 -1.581788899984e-02 
 4.202800000000e-09  1.205717442149e-01 
 4.212800000000e-09  2.453267297751e-01 
 4.222800000000e-09  3.425997698756e-01 
 4.232800000000e-09  3.996123810076e-01 
 4.242800000000e-09  4.098331154744e-01 
 4.252800000000e-09  3.734637496951e-01 
 4.262800000000e-09  2.960354305508e-01 
 4.272800000000e-09  1.867314601644e-01 
 4.282800000000e-09  5.678712127260e-02 
 4.292800000000e-09 -8.109707163366e-02 
 4.302800000000e-09 -2.120423257390e-01 
 4.312800000000e-09 -3.198759748878e-01 
 4.322800000000e-09 -3.903727254343e-01 
 4.332800000000e-09 -4.148933570753e-01 
 4.342800000000e-09 -3.917710231278e-01 
 4.352800000000e-09 -3.251884270120e-01 
 4.362800000000e-09 -2.234917949142e-01 
 4.372800000000e-09 -9.753973864019e-02 
 4.382800000000e-09  4.038761278596e-02 
 4.392800000000e-09  1.760131964050e-01 
 4.402800000000e-09  2.931645795145e-01 
 4.412800000000e-09  3.765037600199e-01 
 4.422800000000e-09  4.153687038170e-01 
 4.432800000000e-09  4.060762174760e-01 
 4.442800000000e-09  3.512842774408e-01 
 4.452800000000e-09  2.583453237084e-01 
 4.462800000000e-09  1.376215565864e-01 
 4.472800000000e-09  1.038508313228e-03 
 4.482800000000e-09 -1.377447089385e-01 
 4.492800000000e-09 -2.628410141348e-01 
 4.502800000000e-09 -3.581616433963e-01 
 4.512800000000e-09 -4.112054616967e-01 
 4.522800000000e-09 -4.161622468345e-01 
 4.532800000000e-09 -3.739983802989e-01 
 4.542800000000e-09 -2.909103701907e-01 
 4.552800000000e-09 -1.766079600929e-01 
 4.562800000000e-09 -4.268905725032e-02 
 4.572800000000e-09  9.775238052446e-02 
 4.582800000000e-09  2.293347326860e-01 
 4.592800000000e-09  3.355780867441e-01 
 4.602800000000e-09  4.024145392837e-01 
 4.612800000000e-09  4.218646805865e-01 
 4.622800000000e-09  3.930435306652e-01 
 4.632800000000e-09  3.208218633982e-01 
 4.642800000000e-09  2.140945868788e-01 
 4.652800000000e-09  8.409723231045e-02 
 4.662800000000e-09 -5.655413710940e-02 
 4.672800000000e-09 -1.931150264229e-01 
 4.682800000000e-09 -3.090511130999e-01 
 4.692800000000e-09 -3.890649165264e-01 
 4.702800000000e-09 -4.230649414585e-01 
 4.712800000000e-09 -4.081637759222e-01 
 4.722800000000e-09 -3.477335634517e-01 
 4.732800000000e-09 -2.496996682080e-01 
 4.742800000000e-09 -1.248312789501e-01 
 4.752800000000e-09  1.464814884901e-02 
 4.762800000000e-09  1.546657486708e-01 
 4.772800000000e-09  2.789313506891e-01 
 4.782800000000e-09  3.712897201419e-01 
 4.792800000000e-09  4.196998151526e-01 
 4.802800000000e-09  4.191444655038e-01 
 4.812800000000e-09  3.713326873992e-01 
 4.822800000000e-09  2.830638223133e-01 
 4.832800000000e-09  1.644902645253e-01 
 4.842800000000e-09  2.749412590705e-02 
 4.852800000000e-09 -1.144781430794e-01 
 4.862800000000e-09 -2.456215028866e-01 
 4.872800000000e-09 -3.492955827350e-01 
 4.882800000000e-09 -4.117681366834e-01 
 4.892800000000e-09 -4.258205031818e-01 
 4.902800000000e-09 -3.913417619280e-01 
 4.912800000000e-09 -3.138411730868e-01 
 4.922800000000e-09 -2.026908601049e-01 
 4.932800000000e-09 -6.942303016972e-02 
 4.942800000000e-09  7.305069234161e-02 
 4.952800000000e-09  2.095697773738e-01 
 4.962800000000e-09  3.233582508413e-01 
 4.972800000000e-09  3.993237580817e-01 
 4.982800000000e-09  4.280681269422e-01 
 4.992800000000e-09  4.075092711337e-01 
 5.002800000000e-09  3.416963529498e-01 
 5.012800000000e-09  2.390663156313e-01 
 5.022800000000e-09  1.107189940790e-01 
 5.032800000000e-09 -3.086930840016e-02 
 5.042800000000e-09 -1.712436534606e-01 
 5.052800000000e-09 -2.938049137465e-01 
 5.062800000000e-09 -3.824757423099e-01 
 5.072800000000e-09 -4.258109227516e-01 
 5.082800000000e-09 -4.196180262452e-01 
 5.092800000000e-09 -3.663213672047e-01 
 5.102800000000e-09 -2.732711808031e-01 
 5.112800000000e-09 -1.509948046035e-01 
 5.122800000000e-09 -1.160645980193e-02 
 5.132800000000e-09  1.311163428547e-01 
 5.142800000000e-09  2.610123818064e-01 
 5.152800000000e-09  3.614031870853e-01 
 5.162800000000e-09  4.190303388807e-01 
 5.172800000000e-09  4.274943053828e-01 
 5.182800000000e-09  3.874404471122e-01 
 5.192800000000e-09  3.049723028074e-01 
 5.202800000000e-09  1.898813809010e-01 
 5.212800000000e-09  5.393841437271e-02 
 5.222800000000e-09 -8.966882873353e-02 
 5.232800000000e-09 -2.254054356325e-01 
 5.242800000000e-09 -3.363550666779e-01 
 5.252800000000e-09 -4.077636188915e-01 
 5.262800000000e-09 -4.310081228583e-01 
 5.272800000000e-09 -4.048042155310e-01 
 5.282800000000e-09 -3.338425208408e-01 
 5.292800000000e-09 -2.270215458078e-01 
 5.302800000000e-09 -9.571221915813e-02 
 5.312800000000e-09  4.737974547306e-02 
 5.322800000000e-09  1.874388493526e-01 
 5.332800000000e-09  3.076380012352e-01 
 5.342800000000e-09  3.920986803889e-01 
 5.352800000000e-09  4.300689091058e-01 
 5.362800000000e-09  4.181896749653e-01 
 5.372800000000e-09  3.595736216546e-01 
 5.382800000000e-09  2.620767395987e-01 
 5.392800000000e-09  1.365455465214e-01 
 5.402800000000e-09 -4.704400159684e-03 
 5.412800000000e-09 -1.475737006208e-01 
 5.422800000000e-09 -2.756048072637e-01 
 5.432800000000e-09 -3.721857218898e-01 
 5.442800000000e-09 -4.246389070158e-01 
 5.452800000000e-09 -4.274130281344e-01 
 5.462800000000e-09 -3.818878496928e-01 
 5.472800000000e-09 -2.947218842143e-01 
 5.482800000000e-09 -1.760780341041e-01 
 5.492800000000e-09 -3.792569903082e-02 
 5.502800000000e-09  1.062767549157e-01 
 5.512800000000e-09  2.406570589730e-01 
 5.522800000000e-09  3.482463990385e-01 
 5.532800000000e-09  4.147375612527e-01 
 5.542800000000e-09  4.323347461404e-01 
 5.552800000000e-09  4.005351284608e-01 
 5.562800000000e-09  3.246371816295e-01 
 5.572800000000e-09  2.139592793364e-01 
 5.582800000000e-09  8.009773152121e-02 
 5.592800000000e-09 -6.402040921808e-02 
 5.602800000000e-09 -2.032360545043e-01 
 5.612800000000e-09 -3.205660383224e-01 
 5.622800000000e-09 -4.004337103388e-01 
 5.632800000000e-09 -4.328512682991e-01 
 5.642800000000e-09 -4.152864460386e-01 
 5.652800000000e-09 -3.515123496733e-01 
 5.662800000000e-09 -2.498527517191e-01 
 5.672800000000e-09 -1.214280691925e-01 
 5.682800000000e-09  2.126038638057e-02 
 5.692800000000e-09  1.637948540886e-01 
 5.702800000000e-09  2.894761386607e-01 
 5.712800000000e-09  3.818505436047e-01 
 5.722800000000e-09  4.289057707034e-01 
 5.732800000000e-09  4.259472694492e-01 
 5.742800000000e-09  3.750649400471e-01 
 5.752800000000e-09  2.834380934482e-01 
 5.762800000000e-09  1.615597151920e-01 
 5.772800000000e-09  2.157293435792e-02 
 5.782800000000e-09 -1.227903839855e-01 
 5.792800000000e-09 -2.553562102252e-01 
 5.802800000000e-09 -3.591821009380e-01 
 5.812800000000e-09 -4.204974722594e-01 
 5.822800000000e-09 -4.323638228327e-01 
 5.832800000000e-09 -3.950397432486e-01 
 5.842800000000e-09 -3.143998389229e-01 
 5.852800000000e-09 -2.001464000006e-01 
 5.862800000000e-09 -6.406713561899e-02 
 5.872800000000e-09  8.068724019645e-02 
 5.882800000000e-09  2.186302606563e-01 
 5.892800000000e-09  3.326885662907e-01 
 5.902800000000e-09  4.076769402148e-01 
 5.912800000000e-09  4.344220092259e-01 
 5.922800000000e-09  4.112034009034e-01 
 5.932800000000e-09  3.424270952882e-01 
 5.942800000000e-09  2.368517635715e-01 
 5.952800000000e-09  1.058335733620e-01 
 5.962800000000e-09 -3.794396242267e-02 
 5.972800000000e-09 -1.797457538482e-01 
 5.982800000000e-09 -3.026832891849e-01 
 5.992800000000e-09 -3.905444496002e-01 
 6.002800000000e-09 -4.320466510909e-01 
 6.012800000000e-09 -4.233494775570e-01 
 6.022800000000e-09 -3.672300191897e-01 
 6.032800000000e-09 -2.713558126400e-01 
 6.042800000000e-09 -1.465130342213e-01 
 6.052800000000e-09 -5.005720921879e-03 
 6.062800000000e-09  1.391531463407e-01 
 6.072800000000e-09  2.695242919467e-01 
 6.082800000000e-09  3.692648013479e-01 
 6.092800000000e-09  4.252159842462e-01 
 6.102800000000e-09  4.313106999174e-01 
 6.112800000000e-09  3.885472568083e-01 
 6.122800000000e-09  3.033462951553e-01 
 6.132800000000e-09  1.857617321307e-01 
 6.142800000000e-09  4.774870043556e-02 
 6.152800000000e-09 -9.730951334353e-02 
 6.162800000000e-09 -2.336171475023e-01 
 6.172800000000e-09 -3.440729953498e-01 
 6.182800000000e-09 -4.139625520515e-01 
 6.192800000000e-09 -4.349610257249e-01 
 6.202800000000e-09 -4.061408376308e-01 
 6.212800000000e-09 -3.325134990991e-01 
 6.222800000000e-09 -2.232431694641e-01 
 6.232800000000e-09 -8.989019701483e-02 
 6.242800000000e-09  5.467493830972e-02 
 6.252800000000e-09  1.954016512513e-01 
 6.262800000000e-09  3.152633023595e-01 
 6.272800000000e-09  3.983663052208e-01 
 6.282800000000e-09  4.342091823281e-01 
 6.292800000000e-09  4.197937017420e-01 
 6.302800000000e-09  3.585598786382e-01 
 6.312800000000e-09  2.586346055249e-01 
 6.322800000000e-09  1.310646413461e-01 
 6.332800000000e-09 -1.168923266180e-02 
 6.342800000000e-09 -1.553243962519e-01 
 6.352800000000e-09 -2.831739534492e-01 
 6.362800000000e-09 -3.785642516467e-01 
 6.372800000000e-09 -4.290121481962e-01 
 6.382800000000e-09 -4.293240596495e-01 
 6.392800000000e-09 -3.812156851268e-01 
 6.402800000000e-09 -2.916251726203e-01 
 6.412800000000e-09 -1.709279211346e-01 
 6.422800000000e-09 -3.123134063330e-02 
 6.432800000000e-09  1.138360909813e-01 
 6.442800000000e-09  2.481906747517e-01 
 6.452800000000e-09  3.547639570593e-01 
 6.462800000000e-09  4.193830006626e-01 
 6.472800000000e-09  4.345927643042e-01 
 6.482800000000e-09  4.002373483488e-01 
 6.492800000000e-09  3.219067635539e-01 
 6.502800000000e-09  2.091434403544e-01 
 6.512800000000e-09  7.368662555790e-02 
 6.522800000000e-09 -7.139575630585e-02 
 6.532800000000e-09 -2.107422540896e-01 
 6.542800000000e-09 -3.272391386159e-01 
 6.552800000000e-09 -4.053834997217e-01 
 6.562800000000e-09 -4.354946439119e-01 
 6.572800000000e-09 -4.153994011090e-01 
 6.582800000000e-09 -3.491761555487e-01 
 6.592800000000e-09 -2.453846230988e-01 
 6.602800000000e-09 -1.153022116703e-01 
 6.612800000000e-09  2.845022036772e-02 
 6.622800000000e-09  1.712724474171e-01 
 6.632800000000e-09  2.963098632627e-01 
 6.642800000000e-09  3.871256211231e-01 
 6.652800000000e-09  4.319670113204e-01 
 6.662800000000e-09  4.265067302094e-01 
 6.672800000000e-09  3.731544948586e-01 
 6.682800000000e-09  2.793397215206e-01 
 6.692800000000e-09  1.557303293647e-01 
 6.702800000000e-09  1.457854352803e-02 
 6.712800000000e-09 -1.302277460755e-01 
 6.722800000000e-09 -2.623422891155e-01 
 6.732800000000e-09 -3.647894219286e-01 
 6.742800000000e-09 -4.240014729289e-01 
 6.752800000000e-09 -4.334035587545e-01 
 6.762800000000e-09 -3.935896331643e-01 
 6.772800000000e-09 -3.107015294733e-01 
 6.782800000000e-09 -1.946339524521e-01 
 6.792800000000e-09 -5.728594593644e-02 
 6.802800000000e-09  8.806288970536e-02 
 6.812800000000e-09  2.257490751837e-01 
 6.822800000000e-09  3.386233486013e-01 
 6.832800000000e-09  4.116415493505e-01 
 6.842800000000e-09  4.359731573351e-01 
 6.852800000000e-09  4.102500575702e-01 
 6.862800000000e-09  3.391641185280e-01 
 6.872800000000e-09  2.316830110924e-01 
 6.882800000000e-09  9.928808557606e-02 
 6.892800000000e-09 -4.523087276575e-02 
 6.902800000000e-09 -1.869706075611e-01 
 6.912800000000e-09 -3.089308675718e-01 
 6.922800000000e-09 -3.949781761843e-01 
 6.932800000000e-09 -4.341347778630e-01 
 6.942800000000e-09 -4.229277106875e-01 
 6.952800000000e-09 -3.644387780501e-01 
 6.962800000000e-09 -2.665621418929e-01 
 6.972800000000e-09 -1.402297612458e-01 
 6.982800000000e-09  2.161846898494e-03 
 6.992800000000e-09  1.464510372402e-01 
 7.002800000000e-09  2.760589299757e-01 
 7.012800000000e-09  3.741630802445e-01 
 7.022800000000e-09  4.278583687095e-01 
 7.032800000000e-09  4.314515546746e-01 
 7.042800000000e-09  3.862644071243e-01 
 7.052800000000e-09  2.989643529643e-01 
 7.062800000000e-09  1.797727405442e-01 
 7.072800000000e-09  4.073539735804e-02 
 7.082800000000e-09 -1.046401053481e-01 
 7.092800000000e-09 -2.404021820120e-01 
 7.102800000000e-09 -3.494187820890e-01 
 7.112800000000e-09 -4.171687596224e-01 
 7.122800000000e-09 -4.356918321472e-01 
 7.132800000000e-09 -4.044034997107e-01 
 7.142800000000e-09 -3.285839130446e-01 
 7.152800000000e-09 -2.175847867386e-01 
 7.162800000000e-09 -8.306839137784e-02 
 7.172800000000e-09  6.199368458004e-02 
 7.182800000000e-09  2.023936606815e-01 
 7.192800000000e-09  3.210299713189e-01 
 7.202800000000e-09  4.021378894714e-01 
 7.212800000000e-09  4.355522247877e-01 
 7.222800000000e-09  4.186372075676e-01 
 7.232800000000e-09  3.551234158215e-01 
 7.242800000000e-09  2.533452090467e-01 
 7.252800000000e-09  1.244720830679e-01 
 7.262800000000e-09 -1.895085405113e-02 
 7.272800000000e-09 -1.624760934920e-01 
 7.282800000000e-09 -2.893255475562e-01 
 7.292800000000e-09 -3.828911626831e-01 
 7.302800000000e-09 -4.309815018762e-01 
 7.312800000000e-09 -4.287791116176e-01 
 7.322800000000e-09 -3.783114147649e-01 
 7.332800000000e-09 -2.867458558141e-01 
 7.342800000000e-09 -1.646046999261e-01 
 7.352800000000e-09 -2.407352519610e-02 
 7.362800000000e-09  1.210951420273e-01 
 7.372800000000e-09  2.546808939746e-01 
 7.382800000000e-09  3.596231934141e-01 
 7.392800000000e-09  4.219841621623e-01 
 7.402800000000e-09  4.346851797165e-01 
 7.412800000000e-09  3.979033603201e-01 
 7.422800000000e-09  3.174817601668e-01 
 7.432800000000e-09  2.031325699995e-01 
 7.442800000000e-09  6.668031391205e-02 
 7.452800000000e-09 -7.870593998379e-02 
 7.462800000000e-09 -2.175172896266e-01 
 7.472800000000e-09 -3.325974405995e-01 
 7.482800000000e-09 -4.086144392610e-01 
 7.492800000000e-09 -4.362454960919e-01 
 7.502800000000e-09 -4.136721312615e-01 
 7.512800000000e-09 -3.452498804435e-01 
 7.522800000000e-09 -2.397298658744e-01 
 7.532800000000e-09 -1.084937292040e-01 
 7.542800000000e-09  3.575564501708e-02 
 7.552800000000e-09  1.782754076198e-01 
 7.562800000000e-09  3.021256070929e-01 
 7.572800000000e-09  3.909743771959e-01 
 7.582800000000e-09  4.333897935606e-01 
 7.592800000000e-09  4.254178617016e-01 
 7.602800000000e-09  3.697686055633e-01 
 7.612800000000e-09  2.740854355020e-01 
 7.622800000000e-09  1.491655531873e-01 
 7.632800000000e-09  7.332863067086e-03 
 7.642800000000e-09 -1.373986309352e-01 
 7.652800000000e-09 -2.685643000872e-01 
 7.662800000000e-09 -3.692311466749e-01 
 7.672800000000e-09 -4.261005790287e-01 
 7.682800000000e-09 -4.329791421293e-01 
 7.692800000000e-09 -3.907835175835e-01 
 7.702800000000e-09 -3.058942943382e-01 
 7.712800000000e-09 -1.883604527574e-01 
 7.722800000000e-09 -5.015497760423e-02 
 7.732800000000e-09  9.533815724066e-02 
 7.742800000000e-09  2.323179003875e-01 
 7.752800000000e-09  3.436220433394e-01 
 7.762800000000e-09  4.144135986938e-01 
 7.772800000000e-09  4.362342131084e-01 
 7.782800000000e-09  4.080613320384e-01 
 7.792800000000e-09  3.348511127642e-01 
 7.802800000000e-09  2.257486826547e-01 
 7.812800000000e-09  9.232482276439e-02 
 7.822800000000e-09 -5.254696716614e-02 
 7.832800000000e-09 -1.938230226377e-01 
 7.842800000000e-09 -3.144421263020e-01 
 7.852800000000e-09 -3.984112200876e-01 
 7.862800000000e-09 -4.350957141547e-01 
 7.872800000000e-09 -4.213898356906e-01 
 7.882800000000e-09 -3.606643930282e-01 
 7.892800000000e-09 -2.610141062700e-01 
 7.902800000000e-09 -1.334846844638e-01 
 7.912800000000e-09  9.457625105703e-03 
 7.922800000000e-09  1.535220985779e-01 
 7.932800000000e-09  2.820297927303e-01 
 7.942800000000e-09  3.782331872000e-01 
 7.952800000000e-09  4.295244676896e-01 
 7.962800000000e-09  4.305918493846e-01 
 7.972800000000e-09  3.830695674574e-01 
 7.982800000000e-09  2.938505852645e-01 
 7.992800000000e-09  1.732964520544e-01 
 8.002800000000e-09  3.351997232741e-02 
 8.012800000000e-09 -1.118618853290e-01 
 8.022800000000e-09 -2.467708028155e-01 
 8.032800000000e-09 -3.540898466793e-01 
 8.042800000000e-09 -4.195367863447e-01 
 8.052800000000e-09 -4.355320091437e-01 
 8.062800000000e-09 -4.018268992625e-01 
 8.072800000000e-09 -3.239534576240e-01 
 8.082800000000e-09 -2.114282465672e-01 
 8.092800000000e-09 -7.599143287034e-02 
 8.102800000000e-09  6.929732412836e-02 
 8.112800000000e-09  2.090930152970e-01 
 8.122800000000e-09  3.262567727319e-01 
 8.132800000000e-09  4.051968596836e-01 
 8.142800000000e-09  4.361082100583e-01 
 8.152800000000e-09  4.167142042026e-01 
 8.162800000000e-09  3.510231998002e-01 
 8.172800000000e-09  2.475579636255e-01 
 8.182800000000e-09  1.175880524247e-01 
 8.192800000000e-09 -2.627031493161e-02 
 8.202800000000e-09 -1.694378378556e-01 
 8.212800000000e-09 -2.950550303760e-01 
 8.222800000000e-09 -3.866193400282e-01 
 8.232800000000e-09 -4.322611051598e-01 
 8.242800000000e-09 -4.275388447320e-01 
 8.252800000000e-09 -3.747845573361e-01 
 8.262800000000e-09 -2.813787104901e-01 
 8.272800000000e-09 -1.579677431510e-01 
 8.282800000000e-09 -1.680285749864e-02 
 8.292800000000e-09  1.282484595406e-01 
 8.302800000000e-09  2.608512287880e-01 
 8.312800000000e-09  3.639873086219e-01 
 8.322800000000e-09  4.239857617696e-01 
 8.332800000000e-09  4.341524440458e-01 
 8.342800000000e-09  3.949904956988e-01 
 8.352800000000e-09  3.125827679082e-01 
 8.362800000000e-09  1.967944342876e-01 
 8.372800000000e-09  5.951946905271e-02 
 8.382800000000e-09 -8.597894452459e-02 
 8.392800000000e-09 -2.240594588584e-01 
 8.402800000000e-09 -3.375519307150e-01 
 8.412800000000e-09 -4.113275990309e-01 
 8.422800000000e-09 -4.364360788036e-01 
 8.432800000000e-09 -4.114089118142e-01 
 8.442800000000e-09 -3.408681923101e-01 
 8.452800000000e-09 -2.337422091034e-01 
 8.462800000000e-09 -1.015007310622e-01 
 8.472800000000e-09  4.307837683582e-02 
 8.482800000000e-09  1.851187606867e-01 
 8.492800000000e-09  3.076183063341e-01 
 8.502800000000e-09  3.943804567080e-01 
 8.512800000000e-09  4.343137198004e-01 
 8.522800000000e-09  4.238359040919e-01 
 8.532800000000e-09  3.659490854157e-01 
 8.542800000000e-09  2.684984920037e-01 
 8.552800000000e-09  1.423951147840e-01 
 8.562800000000e-09  2.662252015062e-05 
 8.572800000000e-09 -1.444717233760e-01 
 8.582800000000e-09 -2.745348601397e-01 
 8.592800000000e-09 -3.732993054729e-01 
 8.602800000000e-09 -4.277584730992e-01 
 8.612800000000e-09 -4.321040535536e-01 
 8.622800000000e-09 -3.875708145992e-01 
 8.632800000000e-09 -3.007633905385e-01 
 8.642800000000e-09 -1.818706849456e-01 
 8.652800000000e-09 -4.293252070537e-02 
 8.662800000000e-09  1.025662685042e-01 
 8.672800000000e-09  2.386988997481e-01 
 8.682800000000e-09  3.483127811325e-01 
 8.692800000000e-09  4.168021676417e-01 
 8.702800000000e-09  4.360891607911e-01 
 8.712800000000e-09  4.054916596995e-01 
 8.722800000000e-09  3.302211659835e-01 
 8.732800000000e-09  2.195893856702e-01 
 8.742800000000e-09  8.524521578426e-02 
 8.752800000000e-09 -5.985711117486e-02 
 8.762800000000e-09 -2.005403007913e-01 
 8.772800000000e-09 -3.197007680543e-01 
 8.782800000000e-09 -4.015095107293e-01 
 8.792800000000e-09 -4.356882469431e-01 
 8.802800000000e-09 -4.194951391998e-01 
 8.812800000000e-09 -3.565826770692e-01 
 8.822800000000e-09 -2.552364877059e-01 
 8.832800000000e-09 -1.266047103391e-01 
 8.842800000000e-09  1.678074608073e-02 
 8.852800000000e-09  1.605031140045e-01 
 8.862800000000e-09  2.877979583861e-01 
 8.872800000000e-09  3.820143023047e-01 
 8.882800000000e-09  4.308582946819e-01 
 8.892800000000e-09  4.293995021735e-01 
 8.902800000000e-09  3.795786009552e-01 
 8.912800000000e-09  2.885053353600e-01 
 8.922800000000e-09  1.666712906799e-01 
 8.932800000000e-09  2.625028851071e-02 
 8.942800000000e-09 -1.190322998039e-01 
 8.952800000000e-09 -2.529815974414e-01 
 8.962800000000e-09 -3.585145812276e-01 
 8.972800000000e-09 -4.216066554858e-01 
 8.982800000000e-09 -4.350631344588e-01 
 8.992800000000e-09 -3.989661445754e-01 
 9.002800000000e-09 -3.190917701820e-01 
 9.012800000000e-09 -2.051126303381e-01 
 9.022800000000e-09 -6.883891230109e-02 
 9.032800000000e-09  7.658217270173e-02 
 9.042800000000e-09  2.156740905463e-01 
 9.052800000000e-09  3.312764802946e-01 
 9.062800000000e-09  4.079898776805e-01 
 9.072800000000e-09  4.363781501142e-01 
 9.082800000000e-09  4.145197180174e-01 
 9.092800000000e-09  3.466940672389e-01 
 9.102800000000e-09  2.416045009944e-01 
 9.112800000000e-09  1.106118193968e-01 
 9.122800000000e-09 -3.359797292453e-02 
 9.132800000000e-09 -1.763158198456e-01 
 9.142800000000e-09 -3.006135936274e-01 
 9.152800000000e-09 -3.901127225463e-01 
 9.162800000000e-09 -4.332768712381e-01 
 9.172800000000e-09 -4.260416807400e-01 
 9.182800000000e-09 -3.710326657451e-01 
 9.192800000000e-09 -2.758371395020e-01 
 9.202800000000e-09 -1.512227891759e-01 
 9.212800000000e-09 -9.499467258903e-03 
 9.222800000000e-09  1.353497137224e-01 
 9.232800000000e-09  2.668846088018e-01 
 9.242800000000e-09  3.681458972500e-01 
 9.252800000000e-09  4.257447328879e-01 
 9.262800000000e-09  4.333729620509e-01 
 9.272800000000e-09  3.918548397537e-01 
 9.282800000000e-09  3.075061055741e-01 
 9.292800000000e-09  1.903374850406e-01 
 9.302800000000e-09  5.230709920205e-02 
 9.312800000000e-09 -9.322673604714e-02 
 9.322800000000e-09 -2.304956643753e-01 
 9.332800000000e-09 -3.423297804409e-01 
 9.342800000000e-09 -4.138198981800e-01 
 9.352800000000e-09 -4.363937602993e-01 
 9.362800000000e-09 -4.089285621323e-01 
 9.372800000000e-09 -3.363067930674e-01 
 9.382800000000e-09 -2.276272636149e-01 
 9.392800000000e-09 -9.444095767452e-02 
 9.402800000000e-09  5.039875268872e-02 
 9.412800000000e-09  1.918838198688e-01 
 9.422800000000e-09  3.129616312740e-01 
 9.432800000000e-09  3.975871755287e-01 
 9.442800000000e-09  4.350189161375e-01 
 9.452800000000e-09  4.220433710054e-01 
 9.462800000000e-09  3.619492992500e-01 
 9.472800000000e-09  2.627772524595e-01 
 9.482800000000e-09  1.355452945177e-01 
 9.492800000000e-09 -7.296494182470e-03 
 9.502800000000e-09 -1.514911839535e-01 
 9.512800000000e-09 -2.803819159554e-01 
 9.522800000000e-09 -3.771896433090e-01 
 9.532800000000e-09 -4.292120997261e-01 
 9.542800000000e-09 -4.310243509290e-01 
 9.552800000000e-09 -3.841707839454e-01 
 9.562800000000e-09 -2.954819161026e-01 
 9.572800000000e-09 -1.752830065335e-01 
 9.582800000000e-09 -3.567150862183e-02 
 9.592800000000e-09  1.097645554833e-01 
 9.602800000000e-09  2.449785786840e-01 
 9.612800000000e-09  3.528411113980e-01 
 9.622800000000e-09  4.189922596425e-01 
 9.632800000000e-09  4.357381455485e-01 
 9.642800000000e-09  4.027326964100e-01 
 9.652800000000e-09  3.254368819031e-01 
 9.662800000000e-09  2.133228983696e-01 
 9.672800000000e-09  7.811228026392e-02 
 9.682800000000e-09 -6.715845558184e-02 
 9.692800000000e-09 -2.071806326146e-01 
 9.702800000000e-09 -3.248197168449e-01 
 9.712800000000e-09 -4.044258588653e-01 
 9.722800000000e-09 -4.360845447948e-01 
 9.732800000000e-09 -4.174141819750e-01 
 9.742800000000e-09 -3.523437265778e-01 
 9.752800000000e-09 -2.493439552696e-01 
 9.762800000000e-09 -1.196589756945e-01 
 9.772800000000e-09  2.411327652239e-02 
 9.782800000000e-09  1.674294122896e-01 
 9.792800000000e-09  2.934485825972e-01 
 9.802800000000e-09  3.856305337246e-01 
 9.812800000000e-09  4.320068264801e-01 
 9.822800000000e-09  4.280258685511e-01 
 9.832800000000e-09  3.759292793081e-01 
 9.842800000000e-09  2.830387651528e-01 
 9.852800000000e-09  1.599695993392e-01 
 9.862800000000e-09  1.895502960698e-02 
 9.872800000000e-09 -1.261690173657e-01 
 9.882800000000e-09 -2.590972121176e-01 
 9.892800000000e-09 -3.627931829795e-01 
 9.902800000000e-09 -4.235026331317e-01 
 9.912800000000e-09 -4.344173154120e-01 
 9.922800000000e-09 -3.959457277162e-01 
 9.932800000000e-09 -3.141025090072e-01 
 9.942800000000e-09 -1.987107999483e-01 
 9.952800000000e-09 -6.164692087336e-02 
 9.962800000000e-09  8.385193898654e-02 
 9.972800000000e-09  2.221804501764e-01 
 9.982800000000e-09  3.361677186347e-01 
 9.992800000000e-09  4.106202750119e-01 
 1.000000000000e-08  4.343511841073e-01 
