 1.628000000000e-10  9.178566899918e-03 
 1.728000000000e-10 -6.271775723423e-03 
 1.828000000000e-10 -2.150879843279e-02 
 1.928000000000e-10 -3.438813605003e-02 
 2.028000000000e-10 -4.299528879608e-02 
 2.128000000000e-10 -4.593713818851e-02 
 2.228000000000e-10 -4.256594977408e-02 
 2.328000000000e-10 -3.309568287009e-02 
 2.428000000000e-10 -1.859530372596e-02 
 2.528000000000e-10 -8.712803791823e-04 
 2.628000000000e-10  1.774328005153e-02 
 2.728000000000e-10  3.467688954130e-02 
 2.828000000000e-10  4.746825913425e-02 
 2.928000000000e-10  5.413257287363e-02 
 3.028000000000e-10  5.347885620613e-02 
 3.128000000000e-10  4.530919258170e-02 
 3.228000000000e-10  3.046686200698e-02 
 3.328000000000e-10  1.074235204245e-02 
 3.428000000000e-10 -1.133262903997e-02 
 3.528000000000e-10 -3.277218393039e-02 
 3.628000000000e-10 -5.053196186202e-02 
 3.728000000000e-10 -6.194895351478e-02 
 3.828000000000e-10 -6.514175992061e-02 
 3.928000000000e-10 -5.933511337342e-02 
 4.028000000000e-10 -4.499698938066e-02 
 4.128000000000e-10 -2.377527524573e-02 
 4.228000000000e-10  1.675303766448e-03 
 4.328000000000e-10  2.798379565833e-02 
 4.428000000000e-10  5.148841974485e-02 
 4.528000000000e-10  6.874899620247e-02 
 4.628000000000e-10  7.705935912999e-02 
 4.728000000000e-10  7.488704841674e-02 
 4.828000000000e-10  6.215325022861e-02 
 4.928000000000e-10  4.023159687436e-02 
 5.028000000000e-10  1.178212484684e-02 
 5.128000000000e-10 -1.952436546895e-02 
 5.228000000000e-10 -4.943119867472e-02 
 5.328000000000e-10 -7.364450879567e-02 
 5.428000000000e-10 -8.848713524486e-02 
 5.528000000000e-10 -9.148498368573e-02 
 5.628000000000e-10 -8.178426540811e-02 
 5.728000000000e-10 -6.030695357378e-02 
 5.828000000000e-10 -2.956487493374e-02 
 5.928000000000e-10  6.600198054139e-03 
 6.028000000000e-10  4.338382474206e-02 
 6.128000000000e-10  7.561648631663e-02 
 6.228000000000e-10  9.849445438059e-02 
 6.328000000000e-10  1.083852080004e-01 
 6.428000000000e-10  1.034395345013e-01 
 6.528000000000e-10  8.388525520451e-02 
 6.628000000000e-10  5.192498017875e-02 
 6.728000000000e-10  1.144529770048e-02 
 6.828000000000e-10 -3.233671181673e-02 
 6.928000000000e-10 -7.342788488139e-02 
 7.028000000000e-10 -1.058267003110e-01 
 7.128000000000e-10 -1.245243285731e-01 
 7.228000000000e-10 -1.263663187810e-01 
 7.328000000000e-10 -1.105968168543e-01 
 7.428000000000e-10 -7.890731411961e-02 
 7.528000000000e-10 -3.507772199439e-02 
 7.628000000000e-10  1.541716532286e-02 
 7.728000000000e-10  6.587885327984e-02 
 7.828000000000e-10  1.091059734576e-01 
 7.928000000000e-10  1.385016055925e-01 
 8.028000000000e-10  1.493273788883e-01 
 8.128000000000e-10  1.395560849183e-01 
 8.228000000000e-10  1.100816805369e-01 
 8.328000000000e-10  6.439550217235e-02 
 8.428000000000e-10  8.059105122932e-03 
 8.528000000000e-10 -5.172845980259e-02 
 8.628000000000e-10 -1.066951158615e-01 
 8.728000000000e-10 -1.485942376984e-01 
 8.828000000000e-10 -1.707643018093e-01 
 8.928000000000e-10 -1.694945864590e-01 
 9.028000000000e-10 -1.445811458827e-01 
 9.128000000000e-10 -9.901310808137e-02 
 9.228000000000e-10 -3.828131816680e-02 
 9.328000000000e-10  3.013589417948e-02 
 9.428000000000e-10  9.714769116946e-02 
 9.528000000000e-10  1.529386253735e-01 
 9.628000000000e-10  1.887150448433e-01 
 9.728000000000e-10  1.986583701778e-01 
 9.828000000000e-10  1.810220362249e-01 
 9.928000000000e-10  1.380071446058e-01 
 1.002800000000e-09  7.489776733093e-02 
 1.012800000000e-09 -7.298044752642e-04 
 1.022800000000e-09 -7.930480903269e-02 
 1.032800000000e-09 -1.497329304472e-01 
 1.042800000000e-09 -2.010434677688e-01 
 1.052800000000e-09 -2.248906066309e-01 
 1.062800000000e-09 -2.174496041776e-01 
 1.072800000000e-09 -1.797728018565e-01 
 1.082800000000e-09 -1.167969682090e-01 
 1.092800000000e-09 -3.608382562135e-02 
 1.102800000000e-09  5.264065805219e-02 
 1.112800000000e-09  1.374829408859e-01 
 1.122800000000e-09  2.055316242676e-01 
 1.132800000000e-09  2.456889378110e-01 
 1.142800000000e-09  2.515058141722e-01 
 1.152800000000e-09  2.223039128144e-01 
 1.162800000000e-09  1.623651043169e-01 
 1.172800000000e-09  7.921682171838e-02 
 1.182800000000e-09 -1.742599881249e-02 
 1.192800000000e-09 -1.154204865997e-01 
 1.202800000000e-09 -2.004562680340e-01 
 1.212800000000e-09 -2.587247026968e-01 
 1.222800000000e-09 -2.806688099910e-01 
 1.232800000000e-09 -2.632242715245e-01 
 1.242800000000e-09 -2.095303023833e-01 
 1.252800000000e-09 -1.269560856127e-01 
 1.262800000000e-09 -2.522922195821e-02 
 1.272800000000e-09  8.365846047053e-02 
 1.282800000000e-09  1.847680427170e-01 
 1.292800000000e-09  2.620014080413e-01 
 1.302800000000e-09  3.024540360929e-01 
 1.312800000000e-09  2.999980925477e-01 
 1.322800000000e-09  2.559552616255e-01 
 1.332800000000e-09  1.772005223701e-01 
 1.342800000000e-09  7.357531505503e-02 
 1.352800000000e-09 -4.319530779405e-02 
 1.362800000000e-09 -1.583202624824e-01 
 1.372800000000e-09 -2.542129995902e-01 
 1.382800000000e-09 -3.147457326753e-01 
 1.392800000000e-09 -3.301855482942e-01 
 1.402800000000e-09 -2.993166173425e-01 
 1.412800000000e-09 -2.278400508962e-01 
 1.422800000000e-09 -1.256084353808e-01 
 1.432800000000e-09 -4.306163651427e-03 
 1.442800000000e-09  1.219016546504e-01 
 1.452800000000e-09  2.349810647962e-01 
 1.462800000000e-09  3.161473775950e-01 
 1.472800000000e-09  3.517359130174e-01 
 1.482800000000e-09  3.372035621985e-01 
 1.492800000000e-09  2.764638073085e-01 
 1.502800000000e-09  1.790018804507e-01 
 1.512800000000e-09  5.667788084961e-02 
 1.522800000000e-09 -7.703340953364e-02 
 1.532800000000e-09 -2.046619228029e-01 
 1.542800000000e-09 -3.057530845409e-01 
 1.552800000000e-09 -3.628926971530e-01 
 1.562800000000e-09 -3.675424469543e-01 
 1.572800000000e-09 -3.210602301544e-01 
 1.582800000000e-09 -2.317765921779e-01 
 1.592800000000e-09 -1.117802370910e-01 
 1.602800000000e-09  2.576162856200e-02 
 1.612800000000e-09  1.645674545344e-01 
 1.622800000000e-09  2.837462975766e-01 
 1.632800000000e-09  3.627938868194e-01 
 1.642800000000e-09  3.887888545001e-01 
 1.652800000000e-09  3.597690066010e-01 
 1.662800000000e-09  2.821372129536e-01 
 1.672800000000e-09  1.676736138788e-01 
 1.682800000000e-09  2.978460061455e-02 
 1.692800000000e-09 -1.164691020183e-01 
 1.702800000000e-09 -2.509716692926e-01 
 1.712800000000e-09 -3.511896276855e-01 
 1.722800000000e-09 -3.998252874736e-01 
 1.732800000000e-09 -3.908210894906e-01 
 1.742800000000e-09 -3.282367745500e-01 
 1.752800000000e-09 -2.226316929695e-01 
 1.762800000000e-09 -8.765409773151e-02 
 1.772800000000e-09  6.228066124193e-02 
 1.782800000000e-09  2.086379501889e-01 
 1.792800000000e-09  3.282078253904e-01 
 1.802800000000e-09  3.999684592185e-01 
 1.812800000000e-09  4.131131945512e-01 
 1.822800000000e-09  3.685016664336e-01 
 1.832800000000e-09  2.748572313824e-01 
 1.842800000000e-09  1.457979117834e-01 
 1.852800000000e-09 -4.260135377789e-03 
 1.862800000000e-09 -1.585972853823e-01 
 1.872800000000e-09 -2.946618667175e-01 
 1.882800000000e-09 -3.888369370147e-01 
 1.892800000000e-09 -4.254451149968e-01 
 1.902800000000e-09 -4.013817597813e-01 
 1.912800000000e-09 -3.229245933718e-01 
 1.922800000000e-09 -2.027229068819e-01 
 1.932800000000e-09 -5.568125374568e-02 
 1.942800000000e-09  1.027970221733e-01 
 1.952800000000e-09  2.518953737318e-01 
 1.962800000000e-09  3.667902534550e-01 
 1.972800000000e-09  4.273005256062e-01 
 1.982800000000e-09  4.256672052529e-01 
 1.992800000000e-09  3.653576502991e-01 
 2.002800000000e-09  2.571227983077e-01 
 2.012800000000e-09  1.159405979048e-01 
 2.022800000000e-09 -4.309940454710e-02 
 2.032800000000e-09 -2.014025090510e-01 
 2.042800000000e-09 -3.344034405531e-01 
 2.052800000000e-09 -4.184908836535e-01 
 2.062800000000e-09 -4.407197538249e-01 
 2.072800000000e-09 -4.009319305445e-01 
 2.082800000000e-09 -3.075870470390e-01 
 2.092800000000e-09 -1.749654825055e-01 
 2.102800000000e-09 -1.854084951286e-02 
 2.112800000000e-09  1.450401654130e-01 
 2.122800000000e-09  2.927589465102e-01 
 2.132800000000e-09  3.990317583878e-01 
 2.142800000000e-09  4.458044819944e-01 
 2.152800000000e-09  4.285377242616e-01 
 2.162800000000e-09  3.529944095537e-01 
 2.172800000000e-09  2.317658566345e-01 
 2.182800000000e-09  8.066592065575e-02 
 2.192800000000e-09 -8.458144964414e-02 
 2.202800000000e-09 -2.432992445034e-01 
 2.212800000000e-09 -3.694964955897e-01 
 2.222800000000e-09 -4.407065278507e-01 
 2.232800000000e-09 -4.473362954891e-01 
 2.242800000000e-09 -3.919200433305e-01 
 2.252800000000e-09 -2.848596587896e-01 
 2.262800000000e-09 -1.417022978859e-01 
 2.272800000000e-09  2.182881737570e-02 
 2.282800000000e-09  1.875162356929e-01 
 2.292800000000e-09  3.304165380944e-01 
 2.302800000000e-09  4.251150523218e-01 
 2.312800000000e-09  4.565548860427e-01 
 2.322800000000e-09  4.233106919642e-01 
 2.332800000000e-09  3.333645850639e-01 
 2.342800000000e-09  2.008301466403e-01 
 2.352800000000e-09  4.180363606307e-02 
 2.362800000000e-09 -1.271050461441e-01 
 2.372800000000e-09 -2.831059099293e-01 
 2.382800000000e-09 -3.994825029647e-01 
 2.392800000000e-09 -4.559858641926e-01 
 2.402800000000e-09 -4.465080055760e-01 
 2.412800000000e-09 -3.758864144347e-01 
 2.422800000000e-09 -2.564115012350e-01 
 2.432800000000e-09 -1.045160269392e-01 
 2.442800000000e-09  6.398743739204e-02 
 2.452800000000e-09  2.289791214529e-01 
 2.462800000000e-09  3.640650722840e-01 
 2.472800000000e-09  4.450154924560e-01 
 2.482800000000e-09  4.603248771681e-01 
 2.492800000000e-09  4.113509657676e-01 
 2.502800000000e-09  3.078568965578e-01 
 2.512800000000e-09  1.654243583440e-01 
 2.522800000000e-09  3.259575052359e-04 
 2.532800000000e-09 -1.697531025821e-01 
 2.542800000000e-09 -3.201013930845e-01 
 2.552800000000e-09 -4.241240952353e-01 
 2.562800000000e-09 -4.647199151396e-01 
 2.572800000000e-09 -4.390030345877e-01 
 2.582800000000e-09 -3.539358831737e-01 
 2.592800000000e-09 -2.234670601520e-01 
 2.602800000000e-09 -6.436770570485e-02 
 2.612800000000e-09  1.071076669945e-01 
 2.622800000000e-09  2.688016032518e-01 
 2.632800000000e-09  3.935140495746e-01 
 2.642800000000e-09  4.592857266324e-01 
 2.652800000000e-09  4.581306455465e-01 
 2.662800000000e-09  3.937196602323e-01 
 2.672800000000e-09  2.778330206573e-01 
 2.682800000000e-09  1.270302099829e-01 
 2.692800000000e-09 -4.262044616350e-02 
 2.702800000000e-09 -2.117247042783e-01 
 2.712800000000e-09 -3.540011103813e-01 
 2.722800000000e-09 -4.438743961262e-01 
 2.732800000000e-09 -4.678712059515e-01 
 2.742800000000e-09 -4.260737072325e-01 
 2.752800000000e-09 -3.276505300294e-01 
 2.762800000000e-09 -1.876767926699e-01 
 2.772800000000e-09 -2.264927331096e-02 
 2.782800000000e-09  1.500523415341e-01 
 2.792800000000e-09  3.062881774314e-01 
 2.802800000000e-09  4.187322352578e-01 
 2.812800000000e-09  4.682892104938e-01 
 2.822800000000e-09  4.505474388803e-01 
 2.832800000000e-09  3.715466674957e-01 
 2.842800000000e-09  2.446089566298e-01 
 2.852800000000e-09  8.675567121626e-02 
 2.862800000000e-09 -8.584114233954e-02 
 2.872800000000e-09 -2.518456554405e-01 
 2.882800000000e-09 -3.839441967602e-01 
 2.892800000000e-09 -4.586442791758e-01 
 2.902800000000e-09 -4.660799357506e-01 
 2.912800000000e-09 -4.086808343079e-01 
 2.922800000000e-09 -2.974992141835e-01 
 2.932800000000e-09 -1.489563663490e-01 
 2.942800000000e-09  2.058007903169e-02 
 2.952800000000e-09  1.924793007111e-01 
 2.962800000000e-09  3.408962069893e-01 
 2.972800000000e-09  4.392411787446e-01 
 2.982800000000e-09  4.720482823434e-01 
 2.992800000000e-09  4.379899552775e-01 
 3.002800000000e-09  3.451360722131e-01 
 3.012800000000e-09  2.083137209775e-01 
 3.022800000000e-09  4.455439832332e-02 
 3.032800000000e-09 -1.293897566476e-01 
 3.042800000000e-09 -2.901688972824e-01 
 3.052800000000e-09 -4.101165834987e-01 
 3.062800000000e-09 -4.683605894360e-01 
 3.072800000000e-09 -4.588146854454e-01 
 3.082800000000e-09 -3.864801502494e-01 
 3.092800000000e-09 -2.639728024537e-01 
 3.102800000000e-09 -1.083238224983e-01 
 3.112800000000e-09  6.427116939969e-02 
 3.122800000000e-09  2.333673762536e-01 
 3.132800000000e-09  3.718767518341e-01 
 3.142800000000e-09  4.548505567787e-01 
 3.152800000000e-09  4.706700120051e-01 
 3.162800000000e-09  4.207915140998e-01 
 3.172800000000e-09  3.154045356257e-01 
 3.182800000000e-09  1.702467147357e-01 
 3.192800000000e-09  1.783803735158e-03 
 3.202800000000e-09 -1.718655328840e-01 
 3.212800000000e-09 -3.255152013294e-01 
 3.222800000000e-09 -4.318793313972e-01 
 3.232800000000e-09 -4.735344662049e-01 
 3.242800000000e-09 -4.476136779093e-01 
 3.252800000000e-09 -3.611976216531e-01 
 3.262800000000e-09 -2.284985429481e-01 
 3.272800000000e-09 -6.672720388087e-02 
 3.282800000000e-09  1.076598400266e-01 
 3.292800000000e-09  2.722380389365e-01 
 3.302800000000e-09  3.992470687453e-01 
 3.312800000000e-09  4.663033720661e-01 
 3.322800000000e-09  4.653972338831e-01 
 3.332800000000e-09  4.002449029656e-01 
 3.342800000000e-09  2.827951148221e-01 
 3.352800000000e-09  1.299174051342e-01 
 3.362800000000e-09 -4.205628926680e-02 
 3.372800000000e-09 -2.135808876572e-01 
 3.382800000000e-09 -3.580105171951e-01 
 3.392800000000e-09 -4.493151604064e-01 
 3.402800000000e-09 -4.738812925120e-01 
 3.412800000000e-09 -4.318122670640e-01 
 3.422800000000e-09 -3.323625430369e-01 
 3.432800000000e-09 -1.908007709616e-01 
 3.442800000000e-09 -2.392894636341e-02 
 3.452800000000e-09  1.507610266068e-01 
 3.462800000000e-09  3.089134038683e-01 
 3.472800000000e-09  4.228169652221e-01 
 3.482800000000e-09  4.731383993966e-01 
 3.492800000000e-09  4.554544704903e-01 
 3.502800000000e-09  3.758522099431e-01 
 3.512800000000e-09  2.477743337724e-01 
 3.522800000000e-09  8.848412918893e-02 
 3.532800000000e-09 -8.571454509110e-02 
 3.542800000000e-09 -2.533628349037e-01 
 3.552800000000e-09 -3.868656365793e-01 
 3.562800000000e-09 -4.624483411404e-01 
 3.572800000000e-09 -4.701808836330e-01 
 3.582800000000e-09 -4.125080696135e-01 
 3.592800000000e-09 -3.005598612211e-01 
 3.602800000000e-09 -1.509196407893e-01 
 3.612800000000e-09  1.988039341559e-02 
 3.622800000000e-09  1.931408851045e-01 
 3.632800000000e-09  3.428375053364e-01 
 3.642800000000e-09  4.421138436866e-01 
 3.652800000000e-09  4.753832209840e-01 
 3.662800000000e-09  4.413097821229e-01 
 3.672800000000e-09  3.479958884041e-01 
 3.682800000000e-09  2.103663999850e-01 
 3.692800000000e-09  4.562167385173e-02 
 3.702800000000e-09 -1.294244603383e-01 
 3.712800000000e-09 -2.913213191421e-01 
 3.722800000000e-09 -4.121930042590e-01 
 3.732800000000e-09 -4.709979598884e-01 
 3.742800000000e-09 -4.616181886189e-01 
 3.752800000000e-09 -3.890663271497e-01 
 3.762800000000e-09 -2.660098991279e-01 
 3.772800000000e-09 -1.096063822285e-01 
 3.782800000000e-09  6.386088506899e-02 
 3.792800000000e-09  2.338972555871e-01 
 3.802800000000e-09  3.732727842945e-01 
 3.812800000000e-09  4.568600389014e-01 
 3.822800000000e-09  4.729748329182e-01 
 3.832800000000e-09  4.230092948575e-01 
 3.842800000000e-09  3.172664516351e-01 
 3.852800000000e-09  1.715882625218e-01 
 3.862800000000e-09  2.468445982161e-03 
 3.872800000000e-09 -1.719186771547e-01 
 3.882800000000e-09 -3.263139285635e-01 
 3.892800000000e-09 -4.332827926360e-01 
 3.902800000000e-09 -4.753049414697e-01 
 3.912800000000e-09 -4.494888551564e-01 
 3.922800000000e-09 -3.629207936936e-01 
 3.932800000000e-09 -2.298527939180e-01 
 3.942800000000e-09 -6.758637301444e-02 
 3.952800000000e-09  1.073846206196e-01 
 3.962800000000e-09  2.725980661290e-01 
 3.972800000000e-09  4.001878018134e-01 
 3.982800000000e-09  4.676560930594e-01 
 3.992800000000e-09  4.669502181311e-01 
 4.002800000000e-09  4.017787810118e-01 
 4.012800000000e-09  2.841090006049e-01 
 4.022800000000e-09  1.308680054868e-01 
 4.032800000000e-09 -4.155453359202e-02 
 4.042800000000e-09 -2.135995276993e-01 
 4.052800000000e-09 -3.585574110487e-01 
 4.062800000000e-09 -4.502908042415e-01 
 4.072800000000e-09 -4.751234561410e-01 
 4.082800000000e-09 -4.331389435548e-01 
 4.092800000000e-09 -3.335915551197e-01 
 4.102800000000e-09 -1.917791695907e-01 
 4.112800000000e-09 -2.457023595320e-02 
 4.122800000000e-09  1.505298345923e-01 
 4.132800000000e-09  3.091382324241e-01 
 4.142800000000e-09  4.234611490887e-01 
 4.152800000000e-09  4.740865553606e-01 
 4.162800000000e-09  4.565597648854e-01 
 4.172800000000e-09  3.769589748471e-01 
 4.182800000000e-09  2.487373867878e-01 
 4.192800000000e-09  8.920634406109e-02 
 4.202800000000e-09 -8.530490102666e-02 
 4.212800000000e-09 -2.533298619573e-01 
 4.222800000000e-09 -3.872221577224e-01 
 4.232800000000e-09 -4.631282701603e-01 
 4.242800000000e-09 -4.710687702861e-01 
 4.252800000000e-09 -4.134776987312e-01 
 4.262800000000e-09 -3.014807637784e-01 
 4.272800000000e-09 -1.516787927140e-01 
 4.282800000000e-09  1.935097149273e-02 
 4.292800000000e-09  1.929106438365e-01 
 4.302800000000e-09  3.429519313903e-01 
 4.312800000000e-09  4.425525460065e-01 
 4.322800000000e-09  4.760672690375e-01 
 4.332800000000e-09  4.421326332542e-01 
 4.342800000000e-09  3.488402070104e-01 
 4.352800000000e-09  2.111235060843e-01 
 4.362800000000e-09  4.621962513175e-02 
 4.372800000000e-09 -1.290516999442e-01 
 4.382800000000e-09 -2.912362819245e-01 
 4.392800000000e-09 -4.124146867777e-01 
 4.402800000000e-09 -4.714823017753e-01 
 4.412800000000e-09 -4.622838382036e-01 
 4.422800000000e-09 -3.898148754331e-01 
 4.432800000000e-09 -2.667390733159e-01 
 4.442800000000e-09 -1.102364533353e-01 
 4.452800000000e-09  6.339095271916e-02 
 4.462800000000e-09  2.336551885612e-01 
 4.472800000000e-09  3.733056870296e-01 
 4.482800000000e-09  4.571595144437e-01 
 4.492800000000e-09  4.734850212606e-01 
 4.502800000000e-09  4.236499595038e-01 
 4.512800000000e-09  3.179451582551e-01 
 4.522800000000e-09  1.722189365033e-01 
 4.532800000000e-09  2.993678018642e-03 
 4.542800000000e-09 -1.715625002970e-01 
 4.552800000000e-09 -3.261893218744e-01 
 4.562800000000e-09 -4.334134807145e-01 
 4.572800000000e-09 -4.756619155908e-01 
 4.582800000000e-09 -4.500105135377e-01 
 4.592800000000e-09 -3.635287307352e-01 
 4.602800000000e-09 -2.304648714987e-01 
 4.612800000000e-09 -6.814015451505e-02 
 4.622800000000e-09  1.069477008859e-01 
 4.632800000000e-09  2.723459632493e-01 
 4.642800000000e-09  4.001686733429e-01 
 4.652800000000e-09  4.678692851275e-01 
 4.662800000000e-09  4.673535234491e-01 
 4.672800000000e-09  4.023072128424e-01 
 4.682800000000e-09  2.846871614413e-01 
 4.692800000000e-09  1.314276743081e-01 
 4.702800000000e-09 -4.106685388493e-02 
 4.712800000000e-09 -2.132499760457e-01 
 4.722800000000e-09 -3.584092875997e-01 
 4.732800000000e-09 -4.503696027629e-01 
 4.742800000000e-09 -4.754074959237e-01 
 4.752800000000e-09 -4.335781825406e-01 
 4.762800000000e-09 -3.341192151815e-01 
 4.772800000000e-09 -1.923248566897e-01 
 4.782800000000e-09 -2.508185910475e-02 
 4.792800000000e-09  1.501112581385e-01 
 4.802800000000e-09  3.088819289366e-01 
 4.812800000000e-09  4.234150328286e-01 
 4.822800000000e-09  4.742514335060e-01 
 4.832800000000e-09  4.569011867544e-01 
 4.842800000000e-09  3.774223150678e-01 
 4.852800000000e-09  2.492569084018e-01 
 4.862800000000e-09  8.972519467725e-02 
 4.872800000000e-09 -8.483972089760e-02 
 4.882800000000e-09 -2.529868789507e-01 
 4.892800000000e-09 -3.870645958941e-01 
 4.902800000000e-09 -4.631815325023e-01 
 4.912800000000e-09 -4.713147734876e-01 
 4.922800000000e-09 -4.138718221700e-01 
 4.932800000000e-09 -3.019635936231e-01 
 4.942800000000e-09 -1.521895703190e-01 
 4.952800000000e-09  1.886116656111e-02 
 4.962800000000e-09  1.925047705895e-01 
 4.972800000000e-09  3.427004469249e-01 
 4.982800000000e-09  4.425007892666e-01 
 4.992800000000e-09  4.762150390191e-01 
 5.002800000000e-09  4.424484002882e-01 
 5.012800000000e-09  3.492733136800e-01 
 5.022800000000e-09  2.116140653440e-01 
 5.032800000000e-09  4.671770104238e-02 
 5.042800000000e-09 -1.286014951572e-01 
 5.052800000000e-09 -2.909051013578e-01 
 5.062800000000e-09 -4.122638889471e-01 
 5.072800000000e-09 -4.715319435130e-01 
 5.082800000000e-09 -4.625159799059e-01 
 5.092800000000e-09 -3.901889235941e-01 
 5.102800000000e-09 -2.671996935997e-01 
 5.112800000000e-09 -1.107298448092e-01 
 5.122800000000e-09  6.291391351670e-02 
 5.132800000000e-09  2.332615333526e-01 
 5.142800000000e-09  3.730661718144e-01 
 5.152800000000e-09  4.571146816116e-01 
 5.162800000000e-09  4.736318808397e-01 
 5.172800000000e-09  4.239581011904e-01 
 5.182800000000e-09  3.183650735856e-01 
 5.192800000000e-09  1.726940864106e-01 
 5.202800000000e-09  3.478870643540e-03 
 5.212800000000e-09 -1.711260243801e-01 
 5.222800000000e-09 -3.258746521486e-01 
 5.232800000000e-09 -4.332781904100e-01 
 5.242800000000e-09 -4.757207830255e-01 
 5.252800000000e-09 -4.502443441012e-01 
 5.262800000000e-09 -3.638972034307e-01 
 5.272800000000e-09 -2.309148748156e-01 
 5.282800000000e-09 -6.862332848288e-02 
 5.292800000000e-09  1.064829194268e-01 
 5.302800000000e-09  2.719700299426e-01 
 5.312800000000e-09  3.999504768461e-01 
 5.322800000000e-09  4.678430976323e-01 
 5.332800000000e-09  4.675129093453e-01 
 5.342800000000e-09  4.026200402318e-01 
 5.352800000000e-09  2.851050862014e-01 
 5.362800000000e-09  1.318989295886e-01 
 5.372800000000e-09 -4.058841017630e-02 
 5.382800000000e-09 -2.128284980399e-01 
 5.392800000000e-09 -3.581187174603e-01 
 5.402800000000e-09 -4.502611288725e-01 
 5.412800000000e-09 -4.754888997898e-01 
 5.422800000000e-09 -4.338274887370e-01 
 5.432800000000e-09 -3.344944347427e-01 
 5.442800000000e-09 -1.927736736022e-01 
 5.452800000000e-09 -2.555995875561e-02 
 5.462800000000e-09  1.496591475615e-01 
 5.472800000000e-09  3.085289667576e-01 
 5.482800000000e-09  4.232260825412e-01 
 5.492800000000e-09  4.742514807810e-01 
 5.502800000000e-09  4.570795587203e-01 
 5.512800000000e-09  3.777460750672e-01 
 5.522800000000e-09  2.496776540164e-01 
 5.532800000000e-09  9.019515800449e-02 
 5.542800000000e-09 -8.436897002628e-02 
 5.552800000000e-09 -2.525838573992e-01 
 5.562800000000e-09 -3.868021920207e-01 
 5.572800000000e-09 -4.631038713561e-01 
 5.582800000000e-09 -4.714237949697e-01 
 5.592800000000e-09 -4.141415410379e-01 
 5.602800000000e-09 -3.023503769897e-01 
 5.612800000000e-09 -1.526430634106e-01 
 5.622800000000e-09  1.838522243517e-02 
 5.632800000000e-09  1.920672473248e-01 
 5.642800000000e-09  3.423761154757e-01 
 5.652800000000e-09  4.423480976672e-01 
 5.662800000000e-09  4.762501109526e-01 
 5.672800000000e-09  4.426555982211e-01 
 5.682800000000e-09  3.496163496218e-01 
 5.692800000000e-09  2.120438354288e-01 
 5.702800000000e-09  4.718936871203e-02 
 5.712800000000e-09 -1.281404395916e-01 
 5.722800000000e-09 -2.905267464238e-01 
 5.732800000000e-09 -4.120376528334e-01 
 5.742800000000e-09 -4.714909799711e-01 
 5.752800000000e-09 -4.626556870970e-01 
 5.762800000000e-09 -3.904811455572e-01 
 5.772800000000e-09 -2.675994382421e-01 
 5.782800000000e-09 -1.111892749109e-01 
 5.792800000000e-09  6.244088386320e-02 
 5.802800000000e-09  2.328409749461e-01 
 5.812800000000e-09  3.727729148378e-01 
 5.822800000000e-09  4.569989784138e-01 
 5.832800000000e-09  4.737017561281e-01 
 5.842800000000e-09  4.241938133273e-01 
 5.852800000000e-09  3.187265732993e-01 
 5.862800000000e-09  1.731315830091e-01 
 5.872800000000e-09  3.950209129767e-03 
 5.882800000000e-09 -1.706778874706e-01 
 5.892800000000e-09 -3.255241272098e-01 
 5.902800000000e-09 -4.330892316730e-01 
 5.912800000000e-09 -4.757171203078e-01 
 5.922800000000e-09 -4.504158068059e-01 
 5.932800000000e-09 -3.642118192014e-01 
 5.942800000000e-09 -2.313261501001e-01 
 5.952800000000e-09 -6.908634314379e-02 
 5.962800000000e-09  1.060176570788e-01 
 5.972800000000e-09  2.715726535628e-01 
 5.982800000000e-09  3.996933871285e-01 
 5.992800000000e-09  4.677674750653e-01 
 6.002800000000e-09  4.676198337038e-01 
 6.012800000000e-09  4.028845577681e-01 
 6.022800000000e-09  2.854850069503e-01 
 6.032800000000e-09  1.323464646396e-01 
 6.042800000000e-09 -4.011734392134e-02 
 6.052800000000e-09 -2.123968648277e-01 
 6.062800000000e-09 -3.578018067830e-01 
 6.072800000000e-09 -4.501149154105e-01 
 6.082800000000e-09 -4.755272323893e-01 
 6.092800000000e-09 -4.340344762234e-01 
 6.102800000000e-09 -3.348337157039e-01 
 6.112800000000e-09 -1.931972671593e-01 
 6.122800000000e-09 -2.602564999920e-02 
 6.132800000000e-09  1.492051930622e-01 
 6.142800000000e-09  3.081598599003e-01 
 6.152800000000e-09  4.230094878205e-01 
 6.162800000000e-09  4.742171757395e-01 
 6.172800000000e-09  4.572219500430e-01 
 6.182800000000e-09  3.780371104994e-01 
 6.192800000000e-09  2.500730807587e-01 
 6.202800000000e-09  9.064960892631e-02 
 6.212800000000e-09 -8.390239965584e-02 
 6.222800000000e-09 -2.521728641705e-01 
 6.232800000000e-09 -3.865208424282e-01 
 6.242800000000e-09 -4.629997414924e-01 
 6.252800000000e-09 -4.715030004793e-01 
 6.262800000000e-09 -4.143822689887e-01 
 6.272800000000e-09 -3.027127658454e-01 
 6.282800000000e-09 -1.530794732542e-01 
 6.292800000000e-09  1.791757719961e-02 
 6.302800000000e-09  1.916280667286e-01 
 6.312800000000e-09  3.420401963570e-01 
 6.322800000000e-09  4.421759881105e-01 
 6.332800000000e-09  4.762611996162e-01 
 6.342800000000e-09  4.428377506922e-01 
 6.352800000000e-09  3.499366862694e-01 
 6.362800000000e-09  2.124560474357e-01 
 6.372800000000e-09  4.765016829358e-02 
 6.382800000000e-09 -1.276823296832e-01 
 6.392800000000e-09 -2.901427576583e-01 
 6.402800000000e-09 -4.117981101959e-01 
 6.412800000000e-09 -4.714314485750e-01 
 6.422800000000e-09 -4.627744235414e-01 
 6.432800000000e-09 -3.907529155335e-01 
 6.442800000000e-09 -2.679819187044e-01 
 6.452800000000e-09 -1.116363866299e-01 
 6.462800000000e-09  6.197405052999e-02 
 6.472800000000e-09  2.324194980165e-01 
 6.482800000000e-09  3.724716192886e-01 
 6.492800000000e-09  4.568696261867e-01 
 6.502800000000e-09  4.737546216464e-01 
 6.512800000000e-09  4.244116222201e-01 
 6.522800000000e-09  3.190717155509e-01 
 6.532800000000e-09  1.735562288040e-01 
 6.542800000000e-09  4.413304708194e-03 
 6.552800000000e-09 -1.702323378704e-01 
 6.562800000000e-09 -3.251699428680e-01 
 6.572800000000e-09 -4.328910094828e-01 
 6.582800000000e-09 -4.757002538317e-01 
 6.592800000000e-09 -4.505721528585e-01 
 6.602800000000e-09 -3.645115235533e-01 
 6.612800000000e-09 -2.317246289000e-01 
 6.622800000000e-09 -6.953987906166e-02 
 6.632800000000e-09  1.055575297563e-01 
 6.642800000000e-09  2.711751720831e-01 
 6.652800000000e-09  3.994308798049e-01 
 6.662800000000e-09  4.676821699989e-01 
 6.672800000000e-09  4.677144095019e-01 
 6.682800000000e-09  4.031358569113e-01 
 6.692800000000e-09  2.858526083628e-01 
 6.702800000000e-09  1.327839306082e-01 
 6.712800000000e-09 -3.965315391520e-02 
 6.722800000000e-09 -2.119679085629e-01 
 6.732800000000e-09 -3.574827928958e-01 
 6.742800000000e-09 -4.499622400409e-01 
 6.752800000000e-09 -4.755559123755e-01 
 6.762800000000e-09 -4.342301000658e-01 
 6.772800000000e-09 -3.351615280567e-01 
 6.782800000000e-09 -1.936107342949e-01 
 6.792800000000e-09 -2.648345784797e-02 
 6.802800000000e-09  1.487559286378e-01 
 6.812800000000e-09  3.077913865380e-01 
 6.822800000000e-09  4.227893230777e-01 
 6.832800000000e-09  4.741758332980e-01 
 6.842800000000e-09  4.573549990292e-01 
 6.852800000000e-09  3.783178589592e-01 
 6.862800000000e-09  2.504586545171e-01 
 6.872800000000e-09  9.109563256037e-02 
 6.882800000000e-09 -8.344195294981e-02 
 6.892800000000e-09 -2.517647160001e-01 
 6.902800000000e-09 -3.862384778361e-01 
 6.912800000000e-09 -4.628909960656e-01 
 6.922800000000e-09 -4.715748476748e-01 
 6.932800000000e-09 -4.146140347297e-01 
 6.942800000000e-09 -3.030658382542e-01 
 6.952800000000e-09 -1.535073064906e-01 
 6.962800000000e-09  1.745697076420e-02 
 6.972800000000e-09  1.911934207814e-01 
 6.982800000000e-09  3.417054520597e-01 
 6.992800000000e-09  4.420014994725e-01 
 7.002800000000e-09  4.762668869262e-01 
 7.012800000000e-09  4.430123853658e-01 
 7.022800000000e-09  3.502484953749e-01 
 7.032800000000e-09  2.128598353586e-01 
 7.042800000000e-09  4.810344434692e-02 
 7.052800000000e-09 -1.272299655254e-01 
 7.062800000000e-09 -2.897617620210e-01 
 7.072800000000e-09 -4.115582302349e-01 
 7.082800000000e-09 -4.713684275489e-01 
 7.092800000000e-09 -4.628871801346e-01 
 7.102800000000e-09 -3.910171399088e-01 
 7.112800000000e-09 -2.683563414371e-01 
 7.122800000000e-09 -1.120757977237e-01 
 7.132800000000e-09  6.151378323869e-02 
 7.142800000000e-09  2.320024667564e-01 
 7.152800000000e-09  3.721718045517e-01 
 7.162800000000e-09  4.567385896060e-01 
 7.172800000000e-09  4.738030517942e-01 
 7.182800000000e-09  4.246229907512e-01 
 7.192800000000e-09  3.194093743275e-01 
 7.202800000000e-09  1.739732974892e-01 
 7.212800000000e-09  4.869418247176e-03 
 7.222800000000e-09 -1.697922793851e-01 
 7.232800000000e-09 -3.248187818196e-01 
 7.242800000000e-09 -4.326927944845e-01 
 7.252800000000e-09 -4.756805173462e-01 
 7.262800000000e-09 -4.507233114704e-01 
 7.272800000000e-09 -3.648045303554e-01 
 7.282800000000e-09 -2.321158157385e-01 
 7.292800000000e-09 -6.998625553329e-02 
 7.302800000000e-09  1.051036319956e-01 
 7.312800000000e-09  2.707819875466e-01 
 7.322800000000e-09  3.991699264340e-01 
 7.332800000000e-09  4.675955004210e-01 
 7.342800000000e-09  4.678050608316e-01 
 7.352800000000e-09  4.033813361276e-01 
 7.362800000000e-09  2.862133375508e-01 
 7.372800000000e-09  1.332142654316e-01 
 7.382800000000e-09 -3.919565323850e-02 
 7.392800000000e-09 -2.115442443653e-01 
 7.402800000000e-09 -3.571667029961e-01 
 7.412800000000e-09 -4.498096353485e-01 
 7.422800000000e-09 -4.755819519352e-01 
 7.432800000000e-09 -4.344208839265e-01 
 7.442800000000e-09 -3.354830581850e-01 
 7.452800000000e-09 -1.940173111018e-01 
 7.462800000000e-09 -2.693441035030e-02 
 7.472800000000e-09  1.483126471166e-01 
 7.482800000000e-09  3.074270033909e-01 
 7.492800000000e-09  4.225706019484e-01 
 7.502800000000e-09  4.741331766918e-01 
 7.512800000000e-09  4.574843157604e-01 
 7.522800000000e-09  3.785930739330e-01 
 7.532800000000e-09  2.508376840131e-01 
 7.542800000000e-09  9.153479089486e-02 
 7.552800000000e-09 -8.298795923241e-02 
 7.562800000000e-09 -2.513616140845e-01 
 7.572800000000e-09 -3.859588149883e-01 
 7.582800000000e-09 -4.627822038108e-01 
 7.592800000000e-09 -4.716440612296e-01 
 7.602800000000e-09 -4.148410793821e-01 
 7.612800000000e-09 -3.034128166539e-01 
 7.622800000000e-09 -1.539284200035e-01 
 7.632800000000e-09  1.700306065279e-02 
 7.642800000000e-09  1.907645362562e-01 
 7.652800000000e-09  3.413745071959e-01 
 7.662800000000e-09  4.418281817202e-01 
 7.672800000000e-09  4.762710761339e-01 
 7.682800000000e-09  4.431832114519e-01 
 7.692800000000e-09  3.505548038167e-01 
 7.702800000000e-09  2.132571837278e-01 
 7.712800000000e-09  4.854997500981e-02 
 7.722800000000e-09 -1.267838598687e-01 
 7.732800000000e-09 -2.893855096290e-01 
 7.742800000000e-09 -4.113207000458e-01 
 7.752800000000e-09 -4.713050758321e-01 
 7.762800000000e-09 -4.629971256614e-01 
 7.772800000000e-09 -3.912765738060e-01 
 7.782800000000e-09 -2.687247020259e-01 
 7.792800000000e-09 -1.125085512764e-01 
 7.802800000000e-09  6.106008329022e-02 
 7.812800000000e-09  2.315909407251e-01 
 7.822800000000e-09  3.718754248455e-01 
 7.832800000000e-09  4.566083649300e-01 
 7.842800000000e-09  4.738496997262e-01 
 7.852800000000e-09  4.248303642913e-01 
 7.862800000000e-09  3.197414706685e-01 
 7.872800000000e-09  1.743839662714e-01 
 7.882800000000e-09  5.318890136964e-03 
 7.892800000000e-09 -1.693582512016e-01 
 7.902800000000e-09 -3.244719948546e-01 
 7.912800000000e-09 -4.324965080991e-01 
 7.922800000000e-09 -4.756600844209e-01 
 7.932800000000e-09 -4.508713978678e-01 
 7.942800000000e-09 -3.650926160921e-01 
 7.952800000000e-09 -2.325009324890e-01 
 7.962800000000e-09 -7.042603377636e-02 
 7.972800000000e-09  1.046561204862e-01 
 7.982800000000e-09  2.703939648296e-01 
 7.992800000000e-09  3.989119562475e-01 
 8.002800000000e-09  4.675092070649e-01 
 8.012800000000e-09  4.678935783713e-01 
 8.022800000000e-09  4.036225941907e-01 
 8.032800000000e-09  2.865684003050e-01 
 8.042800000000e-09  1.336381582260e-01 
 8.052800000000e-09 -3.874472784046e-02 
 8.062800000000e-09 -2.111263557780e-01 
 8.072800000000e-09 -3.568545487337e-01 
 8.082800000000e-09 -4.496584574806e-01 
 8.092800000000e-09 -4.756068365014e-01 
 8.102800000000e-09 -4.346082358657e-01 
 8.112800000000e-09 -3.357994522527e-01 
 8.122800000000e-09 -1.944177458463e-01 
 8.132800000000e-09 -2.737879763769e-02 
 8.142800000000e-09  1.478755504008e-01 
 8.152800000000e-09  3.070673840676e-01 
 8.162800000000e-09  4.223543516889e-01 
 8.172800000000e-09  4.740904108495e-01 
 8.182800000000e-09  4.576111078920e-01 
 8.192800000000e-09  3.788638045585e-01 
 8.202800000000e-09  2.512109291238e-01 
 8.212800000000e-09  9.196748497101e-02 
 8.222800000000e-09 -8.254041528070e-02 
 8.232800000000e-09 -2.509639611128e-01 
 8.242800000000e-09 -3.856825989169e-01 
 8.252800000000e-09 -4.626743172223e-01 
 8.262800000000e-09 -4.717116539509e-01 
 8.272800000000e-09 -4.150643376688e-01 
 8.282800000000e-09 -3.037544387405e-01 
 8.292800000000e-09 -1.543432747810e-01 
 8.302800000000e-09  1.655570094219e-02 
 8.312800000000e-09  1.903416050959e-01 
 8.322800000000e-09  3.410478679250e-01 
 8.332800000000e-09  4.416567633802e-01 
 8.342800000000e-09  4.762745984373e-01 
 8.352800000000e-09  4.433510446406e-01 
 8.362800000000e-09  3.508563032908e-01 
 8.372800000000e-09  2.136485773095e-01 
 8.382800000000e-09  4.898999747229e-02 
 8.392800000000e-09 -1.263440505821e-01 
 8.402800000000e-09 -2.890143145710e-01 
 8.412800000000e-09 -4.110860566918e-01 
 8.422800000000e-09 -4.713302964726e-01 
 8.432800000000e-09 -4.632555317375e-01 
 8.442800000000e-09 -3.916341450556e-01 
 8.452800000000e-09 -2.691393575858e-01 
 8.462800000000e-09 -1.129306953588e-01 
 8.472800000000e-09  6.067185667336e-02 
 8.482800000000e-09  2.312912326288e-01 
 8.492800000000e-09  3.717185116724e-01 
 8.502800000000e-09  4.566205733084e-01 
 8.512800000000e-09  4.740210936716e-01 
 8.522800000000e-09  4.251290668273e-01 
 8.532800000000e-09  3.201209241999e-01 
 8.542800000000e-09  1.747937252742e-01 
 8.552800000000e-09  5.720266802258e-03 
 8.562800000000e-09 -1.690135692428e-01 
 8.572800000000e-09 -3.242419950388e-01 
 8.582800000000e-09 -4.324234562251e-01 
 8.592800000000e-09 -4.757500347086e-01 
 8.602800000000e-09 -4.511027230879e-01 
 8.612800000000e-09 -3.654270344777e-01 
 8.622800000000e-09 -2.328909352720e-01 
 8.632800000000e-09 -7.083000481599e-02 
 8.642800000000e-09  1.042810395828e-01 
 8.652800000000e-09  2.701046435043e-01 
 8.662800000000e-09  3.987616874583e-01 
 8.672800000000e-09  4.675212228336e-01 
 8.682800000000e-09  4.680576930753e-01 
 8.692800000000e-09  4.039079336559e-01 
 8.702800000000e-09  2.869317093527e-01 
 8.712800000000e-09  1.340347098624e-01 
 8.722800000000e-09 -3.835347942565e-02 
 8.732800000000e-09 -2.107927316672e-01 
 8.742800000000e-09 -3.566372335403e-01 
 8.752800000000e-09 -4.495957737376e-01 
 8.762800000000e-09 -4.757011689380e-01 
 8.772800000000e-09 -4.348377852884e-01 
 8.782800000000e-09 -3.361265383336e-01 
 8.792800000000e-09 -1.947971061829e-01 
 8.802800000000e-09 -2.777309418474e-02 
 8.812800000000e-09  1.475116467380e-01 
 8.822800000000e-09  3.067927920307e-01 
 8.832800000000e-09  4.222196642989e-01 
 8.842800000000e-09  4.741128747882e-01 
 8.852800000000e-09  4.577787797127e-01 
 8.862800000000e-09  3.791468556995e-01 
 8.872800000000e-09  2.515674713230e-01 
 8.882800000000e-09  9.235715713497e-02 
 8.892800000000e-09 -8.215755597124e-02 
 8.902800000000e-09 -2.506435193244e-01 
 8.912800000000e-09 -3.854826375275e-01 
 8.922800000000e-09 -4.626284898822e-01 
 8.932800000000e-09 -4.718189381798e-01 
 8.942800000000e-09 -4.153009942115e-01 
 8.952800000000e-09 -3.040827082596e-01 
 8.962800000000e-09 -1.547205504500e-01 
 8.972800000000e-09  1.616610103044e-02 
 8.982800000000e-09  1.899893082921e-01 
 8.992800000000e-09  3.407930785512e-01 
 9.002800000000e-09  4.415454903332e-01 
 9.012800000000e-09  4.763179704556e-01 
 9.022800000000e-09  4.435342328441e-01 
 9.032800000000e-09  3.511477995150e-01 
 9.042800000000e-09  2.140068624507e-01 
 9.052800000000e-09  4.937772387823e-02 
 9.062800000000e-09 -1.259698317266e-01 
 9.072800000000e-09 -2.887120225094e-01 
 9.082800000000e-09 -4.109112293420e-01 
 9.092800000000e-09 -4.713089592057e-01 
 9.102800000000e-09 -4.633822076514e-01 
 9.112800000000e-09 -3.918836007997e-01 
 9.122800000000e-09 -2.694734079520e-01 
 9.132800000000e-09 -1.133093760082e-01 
 9.142800000000e-09  6.028637127938e-02 
 9.152800000000e-09  2.309526090480e-01 
 9.162800000000e-09  3.714870169418e-01 
 9.172800000000e-09  4.565359355930e-01 
 9.182800000000e-09  4.740884326116e-01 
 9.192800000000e-09  4.253860998370e-01 
 9.202800000000e-09  3.204995550520e-01 
 9.212800000000e-09  1.751891244991e-01 
 9.222800000000e-09  6.118792642046e-03 
 9.232800000000e-09 -1.686618886383e-01 
 9.242800000000e-09 -3.239958740295e-01 
 9.252800000000e-09 -4.323281221550e-01 
 9.262800000000e-09 -4.758151114303e-01 
 9.272800000000e-09 -4.513102321624e-01 
 9.282800000000e-09 -3.657416912551e-01 
 9.292800000000e-09 -2.332677339777e-01 
 9.302800000000e-09 -7.122834223161e-02 
 9.312800000000e-09  1.039033091294e-01 
 9.322800000000e-09  2.698047253788e-01 
 9.332800000000e-09  3.985945461240e-01 
 9.342800000000e-09  4.675131632524e-01 
 9.352800000000e-09  4.682014652674e-01 
 9.362800000000e-09  4.041754717901e-01 
 9.372800000000e-09  2.872819083249e-01 
 9.382800000000e-09  1.344242254605e-01 
 9.392800000000e-09 -3.796269187598e-02 
 9.402800000000e-09 -2.104527637309e-01 
 9.412800000000e-09 -3.564077744097e-01 
 9.422800000000e-09 -4.495172793188e-01 
 9.432800000000e-09 -4.757785806744e-01 
 9.442800000000e-09 -4.350515667409e-01 
 9.452800000000e-09 -3.364411175164e-01 
 9.462800000000e-09 -1.951686353268e-01 
 9.472800000000e-09 -2.816490366130e-02 
 9.482800000000e-09  1.471446303847e-01 
 9.492800000000e-09  3.065097869846e-01 
 9.502800000000e-09  4.220727872434e-01 
 9.512800000000e-09  4.741214255939e-01 
 9.522800000000e-09  4.579328543735e-01 
 9.532800000000e-09  3.794183941260e-01 
 9.542800000000e-09  2.519160332116e-01 
 9.552800000000e-09  9.274304747166e-02 
 9.562800000000e-09 -8.177388422847e-02 
 9.572800000000e-09 -2.503177250692e-01 
 9.582800000000e-09 -3.852736048795e-01 
 9.592800000000e-09 -4.625715451408e-01 
 9.602800000000e-09 -4.719147293650e-01 
 9.612800000000e-09 -4.155273579611e-01 
 9.622800000000e-09 -3.044031471011e-01 
 9.632800000000e-09 -1.550933108658e-01 
 9.642800000000e-09  1.577735831721e-02 
 9.652800000000e-09  1.896340139142e-01 
 9.662800000000e-09  3.405318575032e-01 
 9.672800000000e-09  4.414255051358e-01 
 9.682800000000e-09  4.763517908109e-01 
 9.692800000000e-09  4.437083579193e-01 
 9.702800000000e-09  3.514319228490e-01 
 9.712800000000e-09  2.143603155182e-01 
 9.722800000000e-09  4.976354932647e-02 
 9.732800000000e-09 -1.255943671110e-01 
 9.742800000000e-09 -2.884054232435e-01 
 9.752800000000e-09 -4.107297848654e-01 
 9.762800000000e-09 -4.712798462278e-01 
 9.772800000000e-09 -4.635011114142e-01 
 9.782800000000e-09 -3.921263069514e-01 
 9.792800000000e-09 -2.698025782305e-01 
 9.802800000000e-09 -1.136846779943e-01 
 9.812800000000e-09  5.990329098416e-02 
 9.822800000000e-09  2.306140833062e-01 
 9.832800000000e-09  3.712502242319e-01 
 9.842800000000e-09  4.564447864063e-01 
 9.852800000000e-09  4.741480966567e-01 
 9.862800000000e-09  4.255798513071e-01 
 9.872800000000e-09  3.207949095138e-01 
 9.882800000000e-09  1.755453543923e-01 
 9.892800000000e-09  6.501654418676e-03 
 9.902800000000e-09 -1.682987345926e-01 
 9.912800000000e-09 -3.237123162321e-01 
 9.922800000000e-09 -4.321761731023e-01 
 9.932800000000e-09 -4.758137724196e-01 
 9.942800000000e-09 -4.514511936293e-01 
 9.952800000000e-09 -3.659985517066e-01 
 9.962800000000e-09 -2.336026742502e-01 
 9.972800000000e-09 -7.160446591365e-02 
 9.982800000000e-09  1.035258375912e-01 
 9.992800000000e-09  2.694827607128e-01 
 1.000000000000e-08  3.682277419422e-01 
