 1.628000000000e-10  2.281963583590e-02 
 1.728000000000e-10  1.357730530665e-02 
 1.828000000000e-10  2.500433440975e-03 
 1.928000000000e-10 -9.178826327938e-03 
 2.028000000000e-10 -2.012328511321e-02 
 2.128000000000e-10 -2.903848018390e-02 
 2.228000000000e-10 -3.482981827468e-02 
 2.328000000000e-10 -3.673673940744e-02 
 2.428000000000e-10 -3.443364300826e-02 
 2.528000000000e-10 -2.807661620875e-02 
 2.628000000000e-10 -1.829662209475e-02 
 2.728000000000e-10 -6.133063163696e-03 
 2.828000000000e-10  7.071741762092e-03 
 2.928000000000e-10  1.981958612635e-02 
 3.028000000000e-10  3.062149407443e-02 
 3.128000000000e-10  3.817273485323e-02 
 3.228000000000e-10  4.150905242803e-02 
 3.328000000000e-10  4.013081381419e-02 
 3.428000000000e-10  3.407101571940e-02 
 3.528000000000e-10  2.390150860123e-02 
 3.628000000000e-10  1.068155375401e-02 
 3.728000000000e-10 -4.144909057302e-03 
 3.828000000000e-10 -1.890626823614e-02 
 3.928000000000e-10 -3.188552606259e-02 
 4.028000000000e-10 -4.152193224526e-02 
 4.128000000000e-10 -4.660107643245e-02 
 4.228000000000e-10 -4.641129255381e-02 
 4.328000000000e-10 -4.083774418758e-02 
 4.428000000000e-10 -3.038709155280e-02 
 4.528000000000e-10 -1.613843066956e-02 
 4.628000000000e-10  3.655401791782e-04 
 4.728000000000e-10  1.728059175400e-02 
 4.828000000000e-10  3.265940887340e-02 
 4.928000000000e-10  4.467452391383e-02 
 5.028000000000e-10  5.183719415627e-02 
 5.128000000000e-10  5.318571767592e-02 
 5.228000000000e-10  4.841167510013e-02 
 5.328000000000e-10  3.790658013927e-02 
 5.428000000000e-10  2.272911787650e-02 
 5.528000000000e-10  4.503033179041e-03 
 5.628000000000e-10 -1.475127185436e-02 
 5.728000000000e-10 -3.283009289023e-02 
 5.828000000000e-10 -4.759606884940e-02 
 5.928000000000e-10 -5.723538680816e-02 
 6.028000000000e-10 -6.048929595824e-02 
 6.128000000000e-10 -5.681652304444e-02 
 6.228000000000e-10 -4.646990169378e-02 
 6.328000000000e-10 -3.047539561168e-02 
 6.428000000000e-10 -1.052661935037e-02 
 6.528000000000e-10  1.118599498511e-02 
 6.628000000000e-10  3.220171121966e-02 
 6.728000000000e-10  5.006032007468e-02 
 6.828000000000e-10  6.259299070535e-02 
 6.928000000000e-10  6.819639176586e-02 
 7.028000000000e-10  6.604194870650e-02 
 7.128000000000e-10  5.618670317543e-02 
 7.228000000000e-10  3.957441716634e-02 
 7.328000000000e-10  1.794050124572e-02 
 7.428000000000e-10 -6.362271358135e-03 
 7.528000000000e-10 -3.060071208119e-02 
 7.628000000000e-10 -5.195499613362e-02 
 7.728000000000e-10 -6.784919456097e-02 
 7.828000000000e-10 -7.627843649147e-02 
 7.928000000000e-10 -7.607332166594e-02 
 8.028000000000e-10 -6.705390913770e-02 
 8.128000000000e-10 -5.005336823256e-02 
 8.228000000000e-10 -2.682729831306e-02 
 8.328000000000e-10  1.242075342320e-04 
 8.428000000000e-10  2.780181948329e-02 
 8.528000000000e-10  5.301670481994e-02 
 8.628000000000e-10  7.275421913890e-02 
 8.728000000000e-10  8.455397064356e-02 
 8.828000000000e-10  8.683770010913e-02 
 8.928000000000e-10  7.911876719463e-02 
 9.028000000000e-10  6.206091942637e-02 
 9.128000000000e-10  3.739974208437e-02 
 9.228000000000e-10  7.762435749119e-03 
 9.328000000000e-10 -2.358452721360e-02 
 9.428000000000e-10 -5.305905788241e-02 
 9.528000000000e-10 -7.716048401783e-02 
 9.628000000000e-10 -9.290903793650e-02 
 9.728000000000e-10 -9.824913248732e-02 
 9.828000000000e-10 -9.232728012701e-02 
 9.928000000000e-10 -7.559176462397e-02 
 1.002800000000e-09 -4.972420053642e-02 
 1.012800000000e-09 -1.745303605592e-02 
 1.022800000000e-09  1.770598189279e-02 
 1.032800000000e-09  5.177966468445e-02 
 1.042800000000e-09  8.075653442048e-02 
 1.052800000000e-09  1.010811830389e-01 
 1.062800000000e-09  1.101411552918e-01 
 1.072800000000e-09  1.066306305051e-01 
 1.082800000000e-09  9.070884425361e-02 
 1.092800000000e-09  6.395118013852e-02 
 1.102800000000e-09  2.915519094599e-02 
 1.112800000000e-09 -9.929537837352e-03 
 1.122800000000e-09 -4.893458843834e-02 
 1.132800000000e-09 -8.330622291752e-02 
 1.142800000000e-09 -1.088523885229e-01 
 1.152800000000e-09 -1.223234324159e-01 
 1.162800000000e-09 -1.218797814070e-01 
 1.172800000000e-09 -1.073247157860e-01 
 1.182800000000e-09 -8.007944921404e-02 
 1.192800000000e-09 -4.297529795433e-02 
 1.202800000000e-09  3.454204404285e-05 
 1.212800000000e-09  4.420767066381e-02 
 1.222800000000e-09  8.444345821408e-02 
 1.232800000000e-09  1.158674644103e-01 
 1.242800000000e-09  1.345082424582e-01 
 1.252800000000e-09  1.378901115628e-01 
 1.262800000000e-09  1.253670697969e-01 
 1.272800000000e-09  9.813939932568e-02 
 1.282800000000e-09  5.903101822859e-02 
 1.292800000000e-09  1.217043099617e-02 
 1.302800000000e-09 -3.734617139412e-02 
 1.312800000000e-09 -8.387019644600e-02 
 1.322800000000e-09 -1.218046945547e-01 
 1.332800000000e-09 -1.463764029654e-01 
 1.342800000000e-09 -1.543739302344e-01 
 1.352800000000e-09 -1.446100550066e-01 
 1.362800000000e-09 -1.179973238181e-01 
 1.372800000000e-09 -7.730905709364e-02 
 1.382800000000e-09 -2.681258813313e-02 
 1.392800000000e-09  2.808272840561e-02 
 1.402800000000e-09  8.120950459268e-02 
 1.412800000000e-09  1.262347079757e-01 
 1.422800000000e-09  1.575120815364e-01 
 1.432800000000e-09  1.709825829946e-01 
 1.442800000000e-09  1.648011296091e-01 
 1.452800000000e-09  1.395037993363e-01 
 1.462800000000e-09  9.776245412084e-02 
 1.472800000000e-09  4.395173878002e-02 
 1.482800000000e-09 -1.624300791415e-02 
 1.492800000000e-09 -7.617415818206e-02 
 1.502800000000e-09 -1.287780772801e-01 
 1.512800000000e-09 -1.674817809860e-01 
 1.522800000000e-09 -1.872759026552e-01 
 1.532800000000e-09 -1.855413132867e-01 
 1.542800000000e-09 -1.623425682965e-01 
 1.552800000000e-09 -1.201925118981e-01 
 1.562800000000e-09 -6.353864139652e-02 
 1.572800000000e-09  1.703241180519e-03 
 1.582800000000e-09  6.846914176832e-02 
 1.592800000000e-09  1.290064626492e-01 
 1.602800000000e-09  1.757893169821e-01 
 1.612800000000e-09  2.027599882109e-01 
 1.622800000000e-09  2.063923188267e-01 
 1.632800000000e-09  1.861598634012e-01 
 1.642800000000e-09  1.443425890796e-01 
 1.652800000000e-09  8.542938038343e-02 
 1.662800000000e-09  1.553370578919e-02 
 1.672800000000e-09 -5.793022095617e-02 
 1.682800000000e-09 -1.265884467534e-01 
 1.692800000000e-09 -1.819695357937e-01 
 1.702800000000e-09 -2.168944810064e-01 
 1.712800000000e-09 -2.268065829374e-01 
 1.722800000000e-09 -2.104614918462e-01 
 1.732800000000e-09 -1.698157087879e-01 
 1.742800000000e-09 -1.093582864491e-01 
 1.752800000000e-09 -3.537094141160e-02 
 1.762800000000e-09  4.445402121802e-02 
 1.772800000000e-09  1.212207230807e-01 
 1.782800000000e-09  1.855632240917e-01 
 1.792800000000e-09  2.291359635104e-01 
 1.802800000000e-09  2.462279449954e-01 
 1.812800000000e-09  2.347330509481e-01 
 1.822800000000e-09  1.961705814868e-01 
 1.832800000000e-09  1.349759114325e-01 
 1.842800000000e-09  5.758300619360e-02 
 1.852800000000e-09 -2.809235552588e-02 
 1.862800000000e-09 -1.127458357839e-01 
 1.872800000000e-09 -1.862096348558e-01 
 1.882800000000e-09 -2.389691231055e-01 
 1.892800000000e-09 -2.640618298945e-01 
 1.902800000000e-09 -2.583780936805e-01 
 1.912800000000e-09 -2.228708499121e-01 
 1.922800000000e-09 -1.618422351547e-01 
 1.932800000000e-09 -8.185700997370e-02 
 1.942800000000e-09  8.984924184053e-03 
 1.952800000000e-09  1.010903060917e-01 
 1.962800000000e-09  1.836226679225e-01 
 1.972800000000e-09  2.459429284192e-01 
 1.982800000000e-09  2.797635451336e-01 
 1.992800000000e-09  2.808259066758e-01 
 2.002800000000e-09  2.493746803668e-01 
 2.012800000000e-09  1.894749981159e-01 
 2.022800000000e-09  1.077915482418e-01 
 2.032800000000e-09  1.259471684486e-02 
 2.042800000000e-09 -8.633579152043e-02 
 2.052800000000e-09 -1.776574077738e-01 
 2.062800000000e-09 -2.497022229111e-01 
 2.072800000000e-09 -2.928274357963e-01 
 2.082800000000e-09 -3.014976309078e-01 
 2.092800000000e-09 -2.751004506167e-01 
 2.102800000000e-09 -2.173436722818e-01 
 2.112800000000e-09 -1.349341995722e-01 
 2.122800000000e-09 -3.630476465211e-02 
 2.132800000000e-09  6.865517315861e-02 
 2.142800000000e-09  1.682730445077e-01 
 2.152800000000e-09  2.499965985201e-01 
 2.162800000000e-09  3.028428594659e-01 
 2.172800000000e-09  3.198887979159e-01 
 2.182800000000e-09  2.995121066634e-01 
 2.192800000000e-09  2.449280971334e-01 
 2.202800000000e-09  1.628016528288e-01 
 2.212800000000e-09  6.172483105326e-02 
 2.222800000000e-09 -4.834411108715e-02 
 2.232800000000e-09 -1.555701830232e-01 
 2.242800000000e-09 -2.467015163668e-01 
 2.252800000000e-09 -3.094890309530e-01 
 2.262800000000e-09 -3.355510528035e-01 
 2.272800000000e-09 -3.221014123443e-01 
 2.282800000000e-09 -2.717198408757e-01 
 2.292800000000e-09 -1.909159846598e-01 
 2.302800000000e-09 -8.842084152621e-02 
 2.312800000000e-09  2.575009240932e-02 
 2.322800000000e-09  1.397410518399e-01 
 2.332800000000e-09  2.398146359206e-01 
 2.342800000000e-09  3.125773550587e-01 
 2.352800000000e-09  3.481541579260e-01 
 2.362800000000e-09  3.424531788755e-01 
 2.372800000000e-09  2.972660793415e-01 
 2.382800000000e-09  2.188186866841e-01 
 2.392800000000e-09  1.159391436860e-01 
 2.402800000000e-09 -1.287774159458e-03 
 2.412800000000e-09 -1.210861626057e-01 
 2.422800000000e-09 -2.294542715584e-01 
 2.432800000000e-09 -3.120266146307e-01 
 2.442800000000e-09 -3.574553885245e-01 
 2.452800000000e-09 -3.602217719894e-01 
 2.462800000000e-09 -3.211700387169e-01 
 2.472800000000e-09 -2.461004533383e-01 
 2.482800000000e-09 -1.438616510620e-01 
 2.492800000000e-09 -2.462995388262e-02 
 2.502800000000e-09  9.995401757083e-02 
 2.512800000000e-09  2.158329534676e-01 
 2.522800000000e-09  3.078760392297e-01 
 2.532800000000e-09  3.633333412796e-01 
 2.542800000000e-09  3.751657250717e-01 
 2.552800000000e-09  3.431133222537e-01 
 2.562800000000e-09  2.724045080397e-01 
 2.572800000000e-09  1.718000194581e-01 
 2.582800000000e-09  5.158764137857e-02 
 2.592800000000e-09 -7.673705894125e-02 
 2.602800000000e-09 -1.992401683930e-01 
 2.612800000000e-09 -3.002514679874e-01 
 2.622800000000e-09 -3.657459033325e-01 
 2.632800000000e-09 -3.871140823606e-01 
 2.642800000000e-09 -3.628407014417e-01 
 2.652800000000e-09 -2.974295447715e-01 
 2.662800000000e-09 -1.994197329047e-01 
 2.672800000000e-09 -7.921005865118e-02 
 2.682800000000e-09  5.182265913941e-02 
 2.692800000000e-09  1.800017399283e-01 
 2.702800000000e-09  2.893565734466e-01 
 2.712800000000e-09  3.647504831682e-01 
 2.722800000000e-09  3.959873959700e-01 
 2.732800000000e-09  3.801698783559e-01 
 2.742800000000e-09  3.209232193961e-01 
 2.752800000000e-09  2.264249213213e-01 
 2.762800000000e-09  1.071479788394e-01 
 2.772800000000e-09 -2.559781283742e-02 
 2.782800000000e-09 -1.584754290096e-01 
 2.792800000000e-09 -2.754428767551e-01 
 2.802800000000e-09 -3.604523713889e-01 
 2.812800000000e-09 -4.017579632469e-01 
 2.822800000000e-09 -3.949673240195e-01 
 2.832800000000e-09 -3.426803308794e-01 
 2.842800000000e-09 -2.525711892746e-01 
 2.852800000000e-09 -1.351051538037e-01 
 2.862800000000e-09 -1.587287734061e-03 
 2.872800000000e-09  1.350141540334e-01 
 2.882800000000e-09  2.587932972620e-01 
 2.892800000000e-09  3.530115363955e-01 
 2.902800000000e-09  4.044575540025e-01 
 2.912800000000e-09  4.071527628874e-01 
 2.922800000000e-09  3.625391600323e-01 
 2.932800000000e-09  2.776479091381e-01 
 2.942800000000e-09  1.628195725824e-01 
 2.952800000000e-09  2.941026429702e-02 
 2.962800000000e-09 -1.099627575468e-01 
 2.972800000000e-09 -2.397057702431e-01 
 2.982800000000e-09 -3.426137952899e-01 
 2.992800000000e-09 -4.041448015985e-01 
 3.002800000000e-09 -4.166779582238e-01 
 3.012800000000e-09 -3.803716417652e-01 
 3.022800000000e-09 -3.014746566329e-01 
 3.032800000000e-09 -1.900687840739e-01 
 3.042800000000e-09 -5.758767993248e-02 
 3.052800000000e-09  8.364511251845e-02 
 3.062800000000e-09  2.184777426947e-01 
 3.072800000000e-09  3.294714982204e-01 
 3.082800000000e-09  4.009211941473e-01 
 3.092800000000e-09  4.235330824596e-01 
 3.102800000000e-09  3.960792520935e-01 
 3.112800000000e-09  3.238894210108e-01 
 3.122800000000e-09  2.166522908539e-01 
 3.132800000000e-09  8.586256869192e-02 
 3.142800000000e-09 -5.636820307575e-02 
 3.152800000000e-09 -1.954092640730e-01 
 3.162800000000e-09 -3.138071218915e-01 
 3.172800000000e-09 -3.948940187027e-01 
 3.182800000000e-09 -4.277243187121e-01 
 3.192800000000e-09 -4.095830010204e-01 
 3.202800000000e-09 -3.447538904376e-01 
 3.212800000000e-09 -2.424026080212e-01 
 3.222800000000e-09 -1.140198282858e-01 
 3.232800000000e-09  2.840262566518e-02 
 3.242800000000e-09  1.707805786354e-01 
 3.252800000000e-09  2.958468315902e-01 
 3.262800000000e-09  3.861896225272e-01 
 3.272800000000e-09  4.292813645252e-01 
 3.282800000000e-09  4.208271710207e-01 
 3.292800000000e-09  3.639522597985e-01 
 3.302800000000e-09  2.671733181115e-01 
 3.312800000000e-09  1.418733422729e-01 
 3.322800000000e-09  1.009854937317e-05 
 3.332800000000e-09 -1.448551975767e-01 
 3.342800000000e-09 -2.758177032043e-01 
 3.352800000000e-09 -3.749475320219e-01 
 3.362800000000e-09 -4.282519957736e-01 
 3.372800000000e-09 -4.297759161418e-01 
 3.382800000000e-09 -3.813905190370e-01 
 3.392800000000e-09 -2.908364563290e-01 
 3.402800000000e-09 -1.692612068264e-01 
 3.412800000000e-09 -2.865458177513e-02 
 3.422800000000e-09  1.178826975277e-01 
 3.432800000000e-09  2.539518165169e-01 
 3.442800000000e-09  3.613211057059e-01 
 3.452800000000e-09  4.246936786246e-01 
 3.462800000000e-09  4.364107270011e-01 
 3.472800000000e-09  3.969829107371e-01 
 3.482800000000e-09  3.132583769146e-01 
 3.492800000000e-09  1.960292996938e-01 
 3.502800000000e-09  5.733139016949e-02 
 3.512800000000e-09 -9.010082207401e-02 
 3.522800000000e-09 -2.304726811736e-01 
 3.532800000000e-09 -3.454711931079e-01 
 3.542800000000e-09 -4.186818415611e-01 
 3.552800000000e-09 -4.407173245549e-01 
 3.562800000000e-09 -4.106529409455e-01 
 3.572800000000e-09 -3.343243551479e-01 
 3.582800000000e-09 -2.220423624684e-01 
 3.592800000000e-09 -8.586421073657e-02 
 3.602800000000e-09  6.173371296376e-02 
 3.612800000000e-09  2.056094897083e-01 
 3.622800000000e-09  3.275695741851e-01 
 3.632800000000e-09  4.102940242217e-01 
 3.642800000000e-09  4.426981241029e-01 
 3.652800000000e-09  4.223363542532e-01 
 3.662800000000e-09  3.539260869062e-01 
 3.672800000000e-09  2.471797623379e-01 
 3.682800000000e-09  1.141025976971e-01 
 3.692800000000e-09 -3.297780057501e-02 
 3.702800000000e-09 -1.795699995612e-01 
 3.712800000000e-09 -3.077821065141e-01 
 3.722800000000e-09 -3.996131983254e-01 
 3.732800000000e-09 -4.423632452993e-01 
 3.742800000000e-09 -4.319809318682e-01 
 3.752800000000e-09 -3.719711802814e-01 
 3.762800000000e-09 -2.713335444382e-01 
 3.772800000000e-09 -1.419158705468e-01 
 3.782800000000e-09  4.008299369607e-03 
 3.792800000000e-09  1.525502920515e-01 
 3.802800000000e-09  2.862779993880e-01 
 3.812800000000e-09  3.867354736511e-01 
 3.822800000000e-09  4.397364029614e-01 
 3.832800000000e-09  4.395455055548e-01 
 3.842800000000e-09  3.883766872079e-01 
 3.852800000000e-09  2.944005540808e-01 
 3.862800000000e-09  1.691840386095e-01 
 3.872800000000e-09  2.501440933816e-02 
 3.882800000000e-09 -1.247394226975e-01 
 3.892800000000e-09 -2.632337048344e-01 
 3.902800000000e-09 -3.717695605557e-01 
 3.912800000000e-09 -4.348464325793e-01 
 3.922800000000e-09 -4.450015698041e-01 
 3.932800000000e-09 -4.030636447523e-01 
 3.942800000000e-09 -3.162674656253e-01 
 3.952800000000e-09 -1.957860402877e-01 
 3.962800000000e-09 -5.393735003770e-02 
 3.972800000000e-09  9.632178532834e-02 
 3.982800000000e-09  2.388227488774e-01 
 3.992800000000e-09  3.548375913519e-01 
 4.002800000000e-09  4.277437634056e-01 
 4.012800000000e-09  4.483232606019e-01 
 4.022800000000e-09  4.159565542188e-01 
 4.032800000000e-09  3.368331166362e-01 
 4.042800000000e-09  2.216137146645e-01 
 4.052800000000e-09  8.262099786296e-02 
 4.062800000000e-09 -6.747955005098e-02 
 4.072800000000e-09 -2.132328963261e-01 
 4.082800000000e-09 -3.360749363098e-01 
 4.092800000000e-09 -4.184782186009e-01 
 4.102800000000e-09 -4.494981180408e-01 
 4.112800000000e-09 -4.269890841092e-01 
 4.122800000000e-09 -3.559986188178e-01 
 4.132800000000e-09 -2.465650704472e-01 
 4.142800000000e-09 -1.109436639733e-01 
 4.152800000000e-09  3.837365138567e-02 
 4.162800000000e-09  1.866348034927e-01 
 4.172800000000e-09  3.156139095164e-01 
 4.182800000000e-09  4.071053220665e-01 
 4.192800000000e-09  4.485192267863e-01 
 4.202800000000e-09  4.361030590720e-01 
 4.212800000000e-09  3.736762093486e-01 
 4.222800000000e-09  2.705461068267e-01 
 4.232800000000e-09  1.387981076912e-01 
 4.242800000000e-09 -9.148496224197e-03 
 4.252800000000e-09 -1.591898330929e-01 
 4.262800000000e-09 -2.935901084482e-01 
 4.272800000000e-09 -3.936923486921e-01 
 4.282800000000e-09 -4.453914921281e-01 
 4.292800000000e-09 -4.432491946321e-01 
 4.302800000000e-09 -3.897848249197e-01 
 4.312800000000e-09 -2.934644803881e-01 
 4.322800000000e-09 -1.660836084624e-01 
 4.332800000000e-09 -2.006176240474e-02 
 4.342800000000e-09  1.310563142799e-01 
 4.352800000000e-09  2.701496697076e-01 
 4.362800000000e-09  3.783215274987e-01 
 4.372800000000e-09  4.401252060667e-01 
 4.382800000000e-09  4.483898671265e-01 
 4.392800000000e-09  4.042460662959e-01 
 4.402800000000e-09  3.152155882251e-01 
 4.412800000000e-09  1.926947507138e-01 
 4.422800000000e-09  4.912585408381e-02 
 4.432800000000e-09 -1.023926718010e-01 
 4.442800000000e-09 -2.454404552808e-01 
 4.452800000000e-09 -3.610934375591e-01 
 4.462800000000e-09 -4.327563018364e-01 
 4.472800000000e-09 -4.514913814151e-01 
 4.482800000000e-09 -4.169829336605e-01 
 4.492800000000e-09 -3.357031633859e-01 
 4.502800000000e-09 -2.185339951700e-01 
 4.512800000000e-09 -7.791976035634e-02 
 4.522800000000e-09  7.336172671086e-02 
 4.532800000000e-09  2.196299857597e-01 
 4.542800000000e-09  3.421247413978e-01 
 4.552800000000e-09  4.233197884260e-01 
 4.562800000000e-09  4.525319795644e-01 
 4.572800000000e-09  4.279258881977e-01 
 4.582800000000e-09  3.548307431606e-01 
 4.592800000000e-09  2.435068340850e-01 
 4.602800000000e-09  1.063334960878e-01 
 4.612800000000e-09 -4.410934847946e-02 
 4.622800000000e-09 -1.928720109298e-01 
 4.632800000000e-09 -3.215310060574e-01 
 4.642800000000e-09 -4.118566624939e-01 
 4.652800000000e-09 -4.514951021569e-01 
 4.662800000000e-09 -4.370125473501e-01 
 4.672800000000e-09 -3.725116274517e-01 
 4.682800000000e-09 -2.675253484504e-01 
 4.692800000000e-09 -1.342695802232e-01 
 4.702800000000e-09  1.476724841075e-02 
 4.712800000000e-09  1.653127252089e-01 
 4.722800000000e-09  2.994316696288e-01 
 4.732800000000e-09  3.984189078742e-01 
 4.742800000000e-09  4.483749142271e-01 
 4.752800000000e-09  4.441899445994e-01 
 4.762800000000e-09  3.886653313594e-01 
 4.772800000000e-09  2.905004973048e-01 
 4.782800000000e-09  1.616345090802e-01 
 4.792800000000e-09  1.454069074180e-02 
 4.802800000000e-09 -1.370969264778e-01 
 4.812800000000e-09 -2.759577961260e-01 
 4.822800000000e-09 -3.830741057478e-01 
 4.832800000000e-09 -4.431712530900e-01 
 4.842800000000e-09 -4.494087281922e-01 
 4.852800000000e-09 -4.032098365536e-01 
 4.862800000000e-09 -3.123360020141e-01 
 4.872800000000e-09 -1.883332356212e-01 
 4.882800000000e-09 -4.369587517424e-02 
 4.892800000000e-09  1.083681095142e-01 
 4.902800000000e-09  2.512423917339e-01 
 4.912800000000e-09  3.659100630887e-01 
 4.922800000000e-09  4.359120022932e-01 
 4.932800000000e-09  4.526374126084e-01 
 4.942800000000e-09  4.160715654028e-01 
 4.952800000000e-09  3.329352520191e-01 
 4.962800000000e-09  2.142711969792e-01 
 4.972800000000e-09  7.257904376547e-02 
 4.982800000000e-09 -7.928166827054e-02 
 4.992800000000e-09 -2.254439634976e-01 
 5.002800000000e-09 -3.470339747444e-01 
 5.012800000000e-09 -4.266244784766e-01 
 5.022800000000e-09 -4.538465878867e-01 
 5.032800000000e-09 -4.271768854326e-01 
 5.042800000000e-09 -3.522025111962e-01 
 5.052800000000e-09 -2.393566485262e-01 
 5.062800000000e-09 -1.010840838434e-01 
 5.072800000000e-09  4.997819540931e-02 
 5.082800000000e-09  1.987095486102e-01 
 5.092800000000e-09  3.265537129094e-01 
 5.102800000000e-09  4.153424596273e-01 
 5.112800000000e-09  4.530143320937e-01 
 5.122800000000e-09  4.364603611185e-01 
 5.132800000000e-09  3.700505090122e-01 
 5.142800000000e-09  2.635040208934e-01 
 5.152800000000e-09  1.291169423150e-01 
 5.162800000000e-09 -2.058495658910e-02 
 5.172800000000e-09 -1.711791139080e-01 
 5.182800000000e-09 -3.045807514816e-01 
 5.192800000000e-09 -4.021095162228e-01 
 5.202800000000e-09 -4.501287299052e-01 
 5.212800000000e-09 -4.438656412783e-01 
 5.222800000000e-09 -3.863983480588e-01 
 5.232800000000e-09 -2.866271042488e-01 
 5.242800000000e-09 -1.565880368506e-01 
 5.252800000000e-09 -8.778926573284e-03 
 5.262800000000e-09  1.429906709483e-01 
 5.272800000000e-09  2.812361075106e-01 
 5.282800000000e-09  3.869868952603e-01 
 5.292800000000e-09  4.451911315758e-01 
 5.302800000000e-09  4.493451805436e-01 
 5.312800000000e-09  4.011672618697e-01 
 5.322800000000e-09  3.086335762447e-01 
 5.332800000000e-09  1.834050142557e-01 
 5.342800000000e-09  3.799617121251e-02 
 5.352800000000e-09 -1.142862326016e-01 
 5.362800000000e-09 -2.566557612429e-01 
 5.372800000000e-09 -3.700529301270e-01 
 5.382800000000e-09 -4.382069434224e-01 
 5.392800000000e-09 -4.528533825307e-01 
 5.402800000000e-09 -4.142754219880e-01 
 5.412800000000e-09 -3.294251925303e-01 
 5.422800000000e-09 -2.094771356550e-01 
 5.432800000000e-09 -6.695592999244e-02 
 5.442800000000e-09  8.520723530961e-02 
 5.452800000000e-09  2.309760827424e-01 
 5.462800000000e-09  3.514038490756e-01 
 5.472800000000e-09  4.292100054252e-01 
 5.482800000000e-09  4.543635339419e-01 
 5.492800000000e-09  4.256518036237e-01 
 5.502800000000e-09  3.489074233778e-01 
 5.512800000000e-09  2.347124241971e-01 
 5.522800000000e-09  9.554928914643e-02 
 5.532800000000e-09 -5.589844597584e-02 
 5.542800000000e-09 -2.043498125644e-01 
 5.552800000000e-09 -3.311481394689e-01 
 5.562800000000e-09 -4.182292157963e-01 
 5.572800000000e-09 -4.538506376433e-01 
 5.582800000000e-09 -4.352286956246e-01 
 5.592800000000e-09 -3.669919282029e-01 
 5.602800000000e-09 -2.590260336160e-01 
 5.612800000000e-09 -1.236826939204e-01 
 5.622800000000e-09  2.648652720860e-02 
 5.632800000000e-09  1.769149329847e-01 
 5.642800000000e-09  3.093932954376e-01 
 5.652800000000e-09  4.053031640358e-01 
 5.662800000000e-09  4.512989193976e-01 
 5.672800000000e-09  4.429472671502e-01 
 5.682800000000e-09  3.835970748188e-01 
 5.692800000000e-09  2.823333429792e-01 
 5.702800000000e-09  1.512681272877e-01 
 5.712800000000e-09  2.910902829768e-03 
 5.722800000000e-09 -1.488063473369e-01 
 5.732800000000e-09 -2.862551639011e-01 
 5.742800000000e-09 -3.904867422988e-01 
 5.752800000000e-09 -4.467052963411e-01 
 5.762800000000e-09 -4.487557597365e-01 
 5.772800000000e-09 -3.986436919334e-01 
 5.782800000000e-09 -3.045465140336e-01 
 5.792800000000e-09 -1.782178403244e-01 
 5.802800000000e-09 -3.218012393394e-02 
 5.812800000000e-09  1.201620429166e-01 
 5.822800000000e-09  2.618648823325e-01 
 5.832800000000e-09  3.738532536952e-01 
 5.842800000000e-09  4.400728127694e-01 
 5.852800000000e-09  4.526129981611e-01 
 5.862800000000e-09  4.120517873436e-01 
 5.872800000000e-09  3.255624428515e-01 
 5.882800000000e-09  2.044357632082e-01 
 5.892800000000e-09  6.120696082001e-02 
 5.902800000000e-09 -9.112236614064e-02 
 5.912800000000e-09 -2.363548895744e-01 
 5.922800000000e-09 -3.554932068640e-01 
 5.932800000000e-09 -4.314296097908e-01 
 5.942800000000e-09 -4.544817297295e-01 
 5.952800000000e-09 -4.237452234497e-01 
 5.962800000000e-09 -3.452903271421e-01 
 5.972800000000e-09 -2.298348251869e-01 
 5.982800000000e-09 -8.988457037985e-02 
 5.992800000000e-09  6.183200674363e-02 
 6.002800000000e-09  2.098777678099e-01 
 6.012800000000e-09  3.355137790052e-01 
 6.022800000000e-09  4.208038886400e-01 
 6.032800000000e-09  4.543382191357e-01 
 6.042800000000e-09  4.336563977565e-01 
 6.052800000000e-09  3.636395940490e-01 
 6.062800000000e-09  2.543287072688e-01 
 6.072800000000e-09  1.181176278843e-01 
 6.082800000000e-09 -3.241897007770e-02 
 6.092800000000e-09 -1.825713631139e-01 
 6.102800000000e-09 -3.140203167866e-01 
 6.112800000000e-09 -4.082308681381e-01 
 6.122800000000e-09 -4.521638199061e-01 
 6.132800000000e-09 -4.417243857859e-01 
 6.142800000000e-09 -3.805276663834e-01 
 6.152800000000e-09 -2.778337411626e-01 
 6.162800000000e-09 -1.458185064174e-01 
 6.172800000000e-09  3.000965510147e-03 
 6.182800000000e-09  1.545693170450e-01 
 6.192800000000e-09  2.911252395735e-01 
 6.202800000000e-09  3.937605691819e-01 
 6.212800000000e-09  4.479520029277e-01 
 6.222800000000e-09  4.478953427815e-01 
 6.232800000000e-09  3.958750281137e-01 
 6.242800000000e-09  3.002636185058e-01 
 6.252800000000e-09  1.729006551755e-01 
 6.262800000000e-09  2.630905317127e-02 
 6.272800000000e-09 -1.260072998303e-01 
 6.282800000000e-09 -2.669555411914e-01 
 6.292800000000e-09 -3.774611384388e-01 
 6.302800000000e-09 -4.417026128644e-01 
 6.312800000000e-09 -4.521262200835e-01 
 6.322800000000e-09 -4.096017343248e-01 
 6.332800000000e-09 -3.215166700964e-01 
 6.342800000000e-09 -1.992689607992e-01 
 6.352800000000e-09 -5.539707801245e-02 
 6.362800000000e-09  9.702439247077e-02 
 6.372800000000e-09  2.416413840159e-01 
 6.382800000000e-09  3.594198981375e-01 
 6.392800000000e-09  4.334416468965e-01 
 6.402800000000e-09  4.543782035069e-01 
 6.412800000000e-09  4.216306921647e-01 
 6.422800000000e-09  3.415013881009e-01 
 6.432800000000e-09  2.248356818271e-01 
 6.442800000000e-09  8.415463175571e-02 
 6.452800000000e-09 -6.776621470015e-02 
 6.462800000000e-09 -2.153349027246e-01 
 6.472800000000e-09 -3.397420486215e-01 
 6.482800000000e-09 -4.231954466126e-01 
 6.492800000000e-09 -4.546255283835e-01 
 6.502800000000e-09 -4.318925471341e-01 
 6.512800000000e-09 -3.601257601412e-01 
 6.522800000000e-09 -2.495139176911e-01 
 6.532800000000e-09 -1.124847373548e-01 
 6.542800000000e-09  3.836272152565e-02 
 6.552800000000e-09  1.881747137231e-01 
 6.562800000000e-09  3.185316763930e-01 
 6.572800000000e-09  4.109968807778e-01 
 6.582800000000e-09  4.528473381062e-01 
 6.592800000000e-09  4.403245151324e-01 
 6.602800000000e-09  3.773060465083e-01 
 6.612800000000e-09  2.732203998021e-01 
 6.622800000000e-09  1.402993133285e-01 
 6.632800000000e-09 -8.932703930475e-03 
 6.642800000000e-09 -1.602942478045e-01 
 6.652800000000e-09 -2.958986769424e-01 
 6.662800000000e-09 -3.968918376636e-01 
 6.672800000000e-09 -4.490340407501e-01 
 6.682800000000e-09 -4.468706484675e-01 
 6.692800000000e-09 -3.929619492743e-01 
 6.702800000000e-09 -2.958698841043e-01 
 6.712800000000e-09 -1.675124505893e-01 
 6.722800000000e-09 -2.041103288016e-02 
 6.732800000000e-09  1.318274790902e-01 
 6.742800000000e-09  2.719662962455e-01 
 6.752800000000e-09  3.809434499482e-01 
 6.762800000000e-09  4.431822483093e-01 
 6.772800000000e-09  4.514863396798e-01 
 6.782800000000e-09  4.070143860615e-01 
 6.792800000000e-09  3.173628801074e-01 
 6.802800000000e-09  1.940302953459e-01 
 6.812800000000e-09  4.955461319862e-02 
 6.822800000000e-09 -1.029124903362e-01 
 6.832800000000e-09 -2.468628348182e-01 
 6.842800000000e-09 -3.632363736844e-01 
 6.852800000000e-09 -4.353165014796e-01 
 6.862800000000e-09 -4.541315547438e-01 
 6.872800000000e-09 -4.193851494926e-01 
 6.882800000000e-09 -3.376070761127e-01 
 6.892800000000e-09 -2.197642931344e-01 
 6.902800000000e-09 -7.838787726735e-02 
 6.912800000000e-09  7.369564631091e-02 
 6.922800000000e-09  2.207397094691e-01 
 6.932800000000e-09  3.438736108423e-01 
 6.942800000000e-09  4.254612575051e-01 
 6.952800000000e-09  4.547785582679e-01 
 6.962800000000e-09  4.300033093551e-01 
 6.972800000000e-09  3.565090178211e-01 
 6.982800000000e-09  2.446266306541e-01 
 6.992800000000e-09  1.068117196099e-01 
 7.002800000000e-09 -4.430924193154e-02 
 7.012800000000e-09 -1.937366536801e-01 
 7.022800000000e-09 -3.229583283723e-01 
 7.032800000000e-09 -4.136474518422e-01 
 7.042800000000e-09 -4.534044824272e-01 
 7.052800000000e-09 -4.388042599620e-01 
 7.062800000000e-09 -3.739836613099e-01 
 7.072800000000e-09 -2.685341378869e-01 
 7.082800000000e-09 -1.347371592265e-01 
 7.092800000000e-09  1.487365520461e-02 
 7.102800000000e-09  1.659874950711e-01 
 7.112800000000e-09  3.005985299338e-01 
 7.122800000000e-09  3.999174917065e-01 
 7.132800000000e-09  4.499970508499e-01 
 7.142800000000e-09  4.457321347737e-01 
 7.152800000000e-09  3.899509528091e-01 
 7.162800000000e-09  2.914009947596e-01 
 7.172800000000e-09  1.620772516916e-01 
 7.182800000000e-09  1.449659848760e-02 
 7.192800000000e-09 -1.376263193993e-01 
 7.202800000000e-09 -2.769151074055e-01 
 7.212800000000e-09 -3.843303077624e-01 
 7.222800000000e-09 -4.445498620842e-01 
 7.232800000000e-09 -4.507342950744e-01 
 7.242800000000e-09 -4.043284537679e-01 
 7.252800000000e-09 -3.131331751479e-01 
 7.262800000000e-09 -1.887421137648e-01 
 7.272800000000e-09 -4.369069148345e-02 
 7.282800000000e-09  1.087874834080e-01 
 7.292800000000e-09  2.520322454954e-01 
 7.302800000000e-09  3.669664695004e-01 
 7.312800000000e-09  4.370856524660e-01 
 7.322800000000e-09  4.537764332127e-01 
 7.332800000000e-09  4.170420745704e-01 
 7.342800000000e-09  3.336358052950e-01 
 7.352800000000e-09  2.146411452935e-01 
 7.362800000000e-09  7.259543098548e-02 
 7.372800000000e-09 -7.961915241688e-02 
 7.382800000000e-09 -2.261013568943e-01 
 7.392800000000e-09 -3.479271110024e-01 
 7.402800000000e-09 -4.276270618488e-01 
 7.412800000000e-09 -4.548264310224e-01 
 7.422800000000e-09 -4.280174884391e-01 
 7.432800000000e-09 -3.528144274224e-01 
 7.442800000000e-09 -2.396855735896e-01 
 7.452800000000e-09 -1.011094973697e-01 
 7.462800000000e-09  5.025596554965e-02 
 7.472800000000e-09  1.992633498213e-01 
 7.482800000000e-09  3.273146888144e-01 
 7.492800000000e-09  4.162035029625e-01 
 7.502800000000e-09  4.538596541916e-01 
 7.512800000000e-09  4.371883205187e-01 
 7.522800000000e-09  3.705825173457e-01 
 7.532800000000e-09  2.637919463796e-01 
 7.542800000000e-09  1.291425375151e-01 
 7.552800000000e-09 -2.082030784547e-02 
 7.562800000000e-09 -1.716528571856e-01 
 7.572800000000e-09 -3.052356842892e-01 
 7.582800000000e-09 -4.028542935277e-01 
 7.592800000000e-09 -4.508613143705e-01 
 7.602800000000e-09 -4.444969214417e-01 
 7.612800000000e-09 -3.868593887840e-01 
 7.622800000000e-09 -2.868755418384e-01 
 7.632800000000e-09 -1.566078982666e-01 
 7.642800000000e-09 -8.572816942631e-03 
 7.652800000000e-09  1.434031711409e-01 
 7.662800000000e-09  2.818065761636e-01 
 7.672800000000e-09  3.876367853193e-01 
 7.682800000000e-09  4.458300142716e-01 
 7.692800000000e-09  4.498943233780e-01 
 7.702800000000e-09  4.015661429749e-01 
 7.712800000000e-09  3.088450862468e-01 
 7.722800000000e-09  1.834155175721e-01 
 7.732800000000e-09  3.780951620232e-02 
 7.742800000000e-09 -1.146522838082e-01 
 7.752800000000e-09 -2.571594320797e-01 
 7.762800000000e-09 -3.706259671099e-01 
 7.772800000000e-09 -4.387687076849e-01 
 7.782800000000e-09 -4.533335629506e-01 
 7.792800000000e-09 -4.146206727792e-01 
 7.802800000000e-09 -3.296031057501e-01 
 7.812800000000e-09 -2.094764409967e-01 
 7.822800000000e-09 -6.678165250336e-02 
 7.832800000000e-09  8.553836481589e-02 
 7.842800000000e-09  2.314273731936e-01 
 7.852800000000e-09  3.519153273357e-01 
 7.862800000000e-09  4.297092230369e-01 
 7.872800000000e-09  4.547867587392e-01 
 7.882800000000e-09  4.259516558134e-01 
 7.892800000000e-09  3.490556151757e-01 
 7.902800000000e-09  2.346999756757e-01 
 7.912800000000e-09  9.538233900521e-02 
 7.922800000000e-09 -5.620366402624e-02 
 7.932800000000e-09 -2.047605373535e-01 
 7.942800000000e-09 -3.316110016027e-01 
 7.952800000000e-09 -4.186785369063e-01 
 7.962800000000e-09 -4.542277075183e-01 
 7.972800000000e-09 -4.354909465812e-01 
 7.982800000000e-09 -3.671145843121e-01 
 7.992800000000e-09 -2.590022185026e-01 
 8.002800000000e-09 -1.235196144059e-01 
 8.012800000000e-09  2.677277094386e-02 
 8.022800000000e-09  1.772946285807e-01 
 8.032800000000e-09  3.098183086755e-01 
 8.042800000000e-09  4.057133532203e-01 
 8.052800000000e-09  4.516393611956e-01 
 8.062800000000e-09  4.431791334888e-01 
 8.072800000000e-09  3.836984749301e-01 
 8.082800000000e-09  2.822992351200e-01 
 8.092800000000e-09  1.511067415898e-01 
 8.102800000000e-09  2.638459221370e-03 
 8.112800000000e-09 -1.491624971898e-01 
 8.122800000000e-09 -2.866510522590e-01 
 8.132800000000e-09 -3.908667417275e-01 
 8.142800000000e-09 -4.470173553232e-01 
 8.152800000000e-09 -4.489637953017e-01 
 8.162800000000e-09 -3.987280683081e-01 
 8.172800000000e-09 -3.045037018847e-01 
 8.182800000000e-09 -1.780570138419e-01 
 8.192800000000e-09 -3.191780163421e-02 
 8.202800000000e-09  1.205003254248e-01 
 8.212800000000e-09  2.622385623270e-01 
 8.222800000000e-09  3.742104096978e-01 
 8.232800000000e-09  4.403635888067e-01 
 8.242800000000e-09  4.528031203052e-01 
 8.252800000000e-09  4.121232603100e-01 
 8.262800000000e-09  3.255128921705e-01 
 8.272800000000e-09  2.042751620408e-01 
 8.282800000000e-09  6.095225966723e-02 
 8.292800000000e-09 -9.144700443703e-02 
 8.302800000000e-09 -2.367118029458e-01 
 8.312800000000e-09 -3.558335872750e-01 
 8.322800000000e-09 -4.317052761119e-01 
 8.332800000000e-09 -4.546593116492e-01 
 8.342800000000e-09 -4.238077629550e-01 
 8.352800000000e-09 -3.452362232853e-01 
 8.362800000000e-09 -2.296746664409e-01 
 8.372800000000e-09 -8.963582728620e-02 
 8.382800000000e-09  6.214616501038e-02 
 8.392800000000e-09  2.102222317632e-01 
 8.402800000000e-09  3.358423958110e-01 
 8.412800000000e-09  4.210697570354e-01 
 8.422800000000e-09  4.545080718655e-01 
 8.432800000000e-09  4.337137457145e-01 
 8.442800000000e-09  3.635832212686e-01 
 8.452800000000e-09  2.541696049727e-01 
 8.462800000000e-09  1.178738219204e-01 
 8.472800000000e-09 -3.272497999245e-02 
 8.482800000000e-09 -1.829067476000e-01 
 8.492800000000e-09 -3.143412250552e-01 
 8.502800000000e-09 -4.084913884681e-01 
 8.512800000000e-09 -4.523301611578e-01 
 8.522800000000e-09 -4.417799974682e-01 
 8.532800000000e-09 -3.804713307459e-01 
 8.542800000000e-09 -2.776766283244e-01 
 8.552800000000e-09 -1.455791591808e-01 
 8.562800000000e-09  3.300436420448e-03 
 8.572800000000e-09  1.548981138378e-01 
 8.582800000000e-09  2.914415521088e-01 
 8.592800000000e-09  3.940192914147e-01 
 8.602800000000e-09  4.481184154154e-01 
 8.612800000000e-09  4.479523332301e-01 
 8.622800000000e-09  3.958209997106e-01 
 8.632800000000e-09  3.001096875831e-01 
 8.642800000000e-09  1.726657616510e-01 
 8.652800000000e-09  2.601516296467e-02 
 8.662800000000e-09 -1.263311716269e-01 
 8.672800000000e-09 -2.672694782770e-01 
 8.682800000000e-09 -3.777207701771e-01 
 8.692800000000e-09 -4.418720890223e-01 
 8.702800000000e-09 -4.521873882854e-01 
 8.712800000000e-09 -4.095522694672e-01 
 8.722800000000e-09 -3.213673482599e-01 
 8.732800000000e-09 -1.990389056796e-01 
 8.742800000000e-09 -5.510832700804e-02 
 8.752800000000e-09  9.734434110451e-02 
 8.762800000000e-09  2.419544737050e-01 
 8.772800000000e-09  3.596825161158e-01 
 8.782800000000e-09  4.336167390996e-01 
 8.792800000000e-09  4.544460791743e-01 
 8.802800000000e-09  4.215879492203e-01 
 8.812800000000e-09  3.413581743241e-01 
 8.822800000000e-09  2.246110674311e-01 
 8.832800000000e-09  8.387089352324e-02 
 8.842800000000e-09 -6.808280362120e-02 
 8.852800000000e-09 -2.156481660018e-01 
 8.862800000000e-09 -3.400092118287e-01 
 8.872800000000e-09 -4.233782880823e-01 
 8.882800000000e-09 -4.547023485184e-01 
 8.892800000000e-09 -4.318585458419e-01 
 8.902800000000e-09 -3.599901569673e-01 
 8.912800000000e-09 -2.492954932534e-01 
 8.922800000000e-09 -1.122060984547e-01 
 8.932800000000e-09  3.867622934669e-02 
 8.942800000000e-09  1.884888047370e-01 
 8.952800000000e-09  3.188045139609e-01 
 8.962800000000e-09  4.111891862406e-01 
 8.972800000000e-09  4.529350325803e-01 
 8.982800000000e-09  4.403011034465e-01 
 8.992800000000e-09  3.771795313720e-01 
 9.002800000000e-09  2.730090584451e-01 
 9.012800000000e-09  1.400260679437e-01 
 9.022800000000e-09 -9.243148837999e-03 
 9.032800000000e-09 -1.606094611165e-01 
 9.042800000000e-09 -2.961778628053e-01 
 9.052800000000e-09 -3.970948361696e-01 
 9.062800000000e-09 -4.491341917265e-01 
 9.072800000000e-09 -4.468594679611e-01 
 9.082800000000e-09 -3.928459470423e-01 
 9.092800000000e-09 -2.956666461502e-01 
 9.102800000000e-09 -1.672450980247e-01 
 9.112800000000e-09 -2.010389969556e-02 
 9.122800000000e-09  1.321437160062e-01 
 9.132800000000e-09  2.722520102292e-01 
 9.142800000000e-09  3.811578477535e-01 
 9.152800000000e-09  4.432960730188e-01 
 9.162800000000e-09  4.514888549730e-01 
 9.172800000000e-09  4.069103739765e-01 
 9.182800000000e-09  3.171689675953e-01 
 9.192800000000e-09  1.937695639504e-01 
 9.202800000000e-09  4.925127922932e-02 
 9.212800000000e-09 -1.032293354036e-01 
 9.222800000000e-09 -2.471549096714e-01 
 9.232800000000e-09 -3.634625397515e-01 
 9.242800000000e-09 -4.354450084546e-01 
 9.252800000000e-09 -4.541490904047e-01 
 9.262800000000e-09 -4.192945223092e-01 
 9.272800000000e-09 -3.374237141692e-01 
 9.282800000000e-09 -2.195109789350e-01 
 9.292800000000e-09 -7.808892016669e-02 
 9.302800000000e-09  7.401250127795e-02 
 9.312800000000e-09  2.210377170382e-01 
 9.322800000000e-09  3.441116057489e-01 
 9.332800000000e-09  4.256052083136e-01 
 9.342800000000e-09  4.548122514076e-01 
 9.352800000000e-09  4.299273622624e-01 
 9.362800000000e-09  3.563373954042e-01 
 9.372800000000e-09  2.443815621869e-01 
 9.382800000000e-09  1.065177374548e-01 
 9.392800000000e-09 -4.462546093769e-02 
 9.402800000000e-09 -1.940400471237e-01 
 9.412800000000e-09 -3.232080088267e-01 
 9.422800000000e-09 -4.138073843882e-01 
 9.432800000000e-09 -4.534552856198e-01 
 9.442800000000e-09 -4.387441621481e-01 
 9.452800000000e-09 -3.738249139076e-01 
 9.462800000000e-09 -2.682981997272e-01 
 9.472800000000e-09 -1.344487993787e-01 
 9.482800000000e-09  1.518854200728e-02 
 9.492800000000e-09  1.662956016209e-01 
 9.502800000000e-09  3.008595175412e-01 
 9.512800000000e-09  4.000936493494e-01 
 9.522800000000e-09  4.500656977019e-01 
 9.532800000000e-09  4.456889226545e-01 
 9.542800000000e-09  3.898061894296e-01 
 9.552800000000e-09  2.911751726391e-01 
 9.562800000000e-09  1.617952654047e-01 
 9.572800000000e-09  1.418384124443e-02 
 9.582800000000e-09 -1.379382770593e-01 
 9.592800000000e-09 -2.771867282179e-01 
 9.602800000000e-09 -3.845225847066e-01 
 9.612800000000e-09 -4.446368574081e-01 
 9.622800000000e-09 -4.507088767258e-01 
 9.632800000000e-09 -4.041987790723e-01 
 9.642800000000e-09 -3.129185595077e-01 
 9.652800000000e-09 -1.884673609714e-01 
 9.662800000000e-09 -4.338096078483e-02 
 9.672800000000e-09  1.091022468089e-01 
 9.682800000000e-09  2.523135778514e-01 
 9.692800000000e-09  3.671744731857e-01 
 9.702800000000e-09  4.371913027099e-01 
 9.712800000000e-09  4.537695938798e-01 
 9.722800000000e-09  4.169285593425e-01 
 9.732800000000e-09  3.334335151002e-01 
 9.742800000000e-09  2.143745173910e-01 
 9.752800000000e-09  7.228962892036e-02 
 9.762800000000e-09 -7.993560441960e-02 
 9.772800000000e-09 -2.263913382345e-01 
 9.782800000000e-09 -3.481502568331e-01 
 9.792800000000e-09 -4.277515389152e-01 
 9.802800000000e-09 -4.548388407542e-01 
 9.812800000000e-09 -4.279211274526e-01 
 9.822800000000e-09 -3.526255329913e-01 
 9.832800000000e-09 -2.394279486083e-01 
 9.842800000000e-09 -1.008084683942e-01 
 9.852800000000e-09  5.057303352753e-02 
 9.862800000000e-09  1.995608971012e-01 
 9.872800000000e-09  3.275522841581e-01 
 9.882800000000e-09  4.163468477857e-01 
 9.892800000000e-09  4.538918585244e-01 
 9.902800000000e-09  4.371100053318e-01 
 9.912800000000e-09  3.704080187790e-01 
 9.922800000000e-09  2.635442077445e-01 
 9.932800000000e-09  1.288470914835e-01 
 9.942800000000e-09 -2.113697124720e-02 
 9.952800000000e-09 -1.719568713664e-01 
 9.962800000000e-09 -3.054869030711e-01 
 9.972800000000e-09 -4.030163418407e-01 
 9.982800000000e-09 -4.509136949016e-01 
 9.992800000000e-09 -4.444374323019e-01 
 1.000000000000e-08 -4.073057703126e-01 
