% time-domain current integration by openEMS v0.0.35-108-gc651cce @Mon Jan 26 10:15:40 2026
% start-coordinates: (-7.296e-05,-4.46197e-05,0.00016068) m -> [11,42,30]
% stop-coordinates: (-7.196e-05,-4.11275e-05,0.00016068) m -> [13,48,30]
% t/s	current
4.51346598274e-16	0
3.57015159235e-13	5.91366419809e-14
7.13578971872e-13	6.493978532e-13
1.07014278451e-12	5.38677121572e-13
1.42670659714e-12	-7.26999406855e-13
1.78327040978e-12	-3.17224566927e-12
2.13983422242e-12	-9.06118149263e-12
2.49639803505e-12	-1.87150885067e-11
2.85296184769e-12	-3.11919240437e-11
3.20952566033e-12	-4.16316668639e-11
3.56608947296e-12	-3.85797609137e-11
3.9226532856e-12	-4.14484158801e-12
4.27921709824e-12	8.02211005957e-11
4.63578091087e-12	2.2331880789e-10
4.99234472351e-12	4.09618283737e-10
5.34890853615e-12	5.85771597894e-10
5.70547234878e-12	6.64790777982e-10
6.06203616142e-12	5.45881451153e-10
6.41859997406e-12	1.64194824404e-10
6.77516378669e-12	-4.62491656084e-10
7.13172759933e-12	-1.20268950354e-09
7.48829141197e-12	-1.83178039403e-09
7.8448552246e-12	-2.10471728934e-09
8.20141903724e-12	-1.85903548111e-09
8.55798284988e-12	-1.10098796746e-09
8.91454666251e-12	-2.48550763304e-11
9.27111047515e-12	1.05082320623e-09
9.62767428779e-12	1.80787662618e-09
9.98423810042e-12	2.05256855956e-09
1.03408019131e-11	1.78098036319e-09
1.06973657257e-11	1.15922393906e-09
1.10539295383e-11	4.34626501455e-10
1.1410493351e-11	-1.68682262602e-10
1.17670571636e-11	-5.25129939533e-10
1.21236209762e-11	-6.23826990065e-10
1.24801847889e-11	-5.35496647025e-10
1.28367486015e-11	-3.61394747461e-10
1.31933124142e-11	-1.86193907514e-10
1.35498762268e-11	-5.71569111485e-11
1.39064400394e-11	1.40105860941e-11
1.42630038521e-11	3.90347650037e-11
1.46195676647e-11	3.75555246623e-11
1.49761314773e-11	2.60884855385e-11
1.533269529e-11	1.45815946123e-11
1.56892591026e-11	6.42496472691e-12
1.60458229152e-11	1.96739803268e-12
1.64023867279e-11	1.94576871434e-13
1.67589505405e-11	-4.10738744449e-13
1.71155143532e-11	3.30069766007e-14
1.74720781658e-11	4.10158777601e-13
1.78286419784e-11	3.99785781736e-13
1.81852057911e-11	3.20909043696e-13
1.85417696037e-11	2.59845503404e-13
1.88983334163e-11	2.5735582285e-13
1.9254897229e-11	2.01081257764e-13
1.96114610416e-11	2.88847532047e-13
1.99680248543e-11	2.3679452496e-13
2.03245886669e-11	2.41086935571e-13
2.06811524795e-11	1.47097395028e-13
2.10377162922e-11	3.13089371052e-13
2.13942801048e-11	9.18876858825e-14
2.17508439174e-11	2.71732560498e-13
2.21074077301e-11	7.56592732258e-14
2.24639715427e-11	5.03496441588e-14
2.28205353553e-11	2.75769505972e-13
2.3177099168e-11	3.5450041882e-13
2.35336629806e-11	2.40328048261e-13
2.38902267933e-11	7.64712525616e-14
2.42467906059e-11	8.32642535107e-14
2.46033544185e-11	1.54492331471e-13
2.49599182312e-11	2.09048530981e-13
2.53164820438e-11	2.16624678265e-13
