 1.628000000000e-10  7.464396464763e-03 
 1.728000000000e-10 -6.943846441356e-03 
 1.828000000000e-10 -2.085374547545e-02 
 1.928000000000e-10 -3.229260126003e-02 
 2.028000000000e-10 -3.956681295974e-02 
 2.128000000000e-10 -4.151555179340e-02 
 2.228000000000e-10 -3.769385072508e-02 
 2.328000000000e-10 -2.845462718966e-02 
 2.428000000000e-10 -1.491806645887e-02 
 2.528000000000e-10  1.161342848640e-03 
 2.628000000000e-10  1.761367956235e-02 
 2.728000000000e-10  3.213668347564e-02 
 2.828000000000e-10  4.261609181570e-02 
 2.928000000000e-10  4.743872112043e-02 
 3.028000000000e-10  4.574463272615e-02 
 3.128000000000e-10  3.756983576200e-02 
 3.228000000000e-10  2.385878347728e-02 
 3.328000000000e-10  6.352666657675e-03 
 3.428000000000e-10 -1.262404759954e-02 
 3.528000000000e-10 -3.045782852073e-02 
 3.628000000000e-10 -4.459700458346e-02 
 3.728000000000e-10 -5.292123289503e-02 
 3.828000000000e-10 -5.406833043427e-02 
 3.928000000000e-10 -4.765448488059e-02 
 4.028000000000e-10 -3.434724072754e-02 
 4.128000000000e-10 -1.579052449188e-02 
 4.228000000000e-10  5.594590781048e-03 
 4.328000000000e-10  2.690703371048e-02 
 4.428000000000e-10  4.514202398154e-02 
 4.528000000000e-10  5.761535544596e-02 
 4.628000000000e-10  6.237421761656e-02 
 4.728000000000e-10  5.851069547736e-02 
 4.828000000000e-10  4.631254175088e-02 
 4.928000000000e-10  2.723454848445e-02 
 5.028000000000e-10  3.718852327801e-03 
 5.128000000000e-10 -2.109909891271e-02 
 5.228000000000e-10 -4.377849376041e-02 
 5.328000000000e-10 -6.103882913194e-02 
 5.428000000000e-10 -7.025190038132e-02 
 5.528000000000e-10 -6.986435952821e-02 
 5.628000000000e-10 -5.965169021305e-02 
 5.728000000000e-10 -4.075344805597e-02 
 5.828000000000e-10 -1.554162971399e-02 
 5.928000000000e-10  1.267369721025e-02 
 6.028000000000e-10  4.005218649827e-02 
 6.128000000000e-10  6.269730706249e-02 
 6.228000000000e-10  7.722735434297e-02 
 6.328000000000e-10  8.132200842137e-02 
 6.428000000000e-10  7.410556266794e-02 
 6.528000000000e-10  5.628243813776e-02 
 6.628000000000e-10  3.003071174226e-02 
 6.728000000000e-10 -1.273495377126e-03 
 6.828000000000e-10 -3.344360676013e-02 
 6.928000000000e-10 -6.198227670920e-02 
 7.028000000000e-10 -8.270171045895e-02 
 7.128000000000e-10 -9.238936154739e-02 
 7.228000000000e-10 -8.935290304784e-02 
 7.328000000000e-10 -7.369062643821e-02 
 7.428000000000e-10 -4.725324915340e-02 
 7.528000000000e-10 -1.338075439011e-02 
 7.628000000000e-10  2.348426019892e-02 
 7.728000000000e-10  5.828809254165e-02 
 7.828000000000e-10  8.600927140256e-02 
 7.928000000000e-10  1.024324451214e-01 
 8.028000000000e-10  1.048777155237e-01 
 8.128000000000e-10  9.265391923251e-02 
 8.228000000000e-10  6.712527771231e-02 
 8.328000000000e-10  3.146655114760e-02 
 8.428000000000e-10 -9.735553804636e-03 
 8.528000000000e-10 -5.095928640223e-02 
 8.628000000000e-10 -8.637332996822e-02 
 8.728000000000e-10 -1.106780428625e-01 
 8.828000000000e-10 -1.200269215093e-01 
 8.928000000000e-10 -1.127197904166e-01 
 9.028000000000e-10 -8.943698235928e-02 
 9.128000000000e-10 -5.303738770252e-02 
 9.228000000000e-10 -8.129664731232e-03 
 9.328000000000e-10  3.940904864717e-02 
 9.428000000000e-10  8.300967216623e-02 
 9.528000000000e-10  1.162182009444e-01 
 9.628000000000e-10  1.338897763380e-01 
 9.728000000000e-10  1.331379114827e-01 
 9.828000000000e-10  1.137021115771e-01 
 9.928000000000e-10  7.792735968089e-02 
 1.002800000000e-09  3.030830999316e-02 
 1.012800000000e-09 -2.307876034681e-02 
 1.022800000000e-09 -7.499539041265e-02 
 1.032800000000e-09 -1.179649700112e-01 
 1.042800000000e-09 -1.454878690057e-01 
 1.052800000000e-09 -1.531023693625e-01 
 1.062800000000e-09 -1.393312834187e-01 
 1.072800000000e-09 -1.058155520731e-01 
 1.082800000000e-09 -5.671430213226e-02 
 1.092800000000e-09  1.777138054586e-03 
 1.102800000000e-09  6.189068904120e-02 
 1.112800000000e-09  1.151536399857e-01 
 1.122800000000e-09  1.535924671792e-01 
 1.132800000000e-09  1.712104612527e-01 
 1.142800000000e-09  1.650788323417e-01 
 1.152800000000e-09  1.357566916697e-01 
 1.162800000000e-09  8.699298890505e-02 
 1.172800000000e-09  2.482658578839e-02 
 1.182800000000e-09 -4.280181307931e-02 
 1.192800000000e-09 -1.065494275545e-01 
 1.202800000000e-09 -1.570271330294e-01 
 1.212800000000e-09 -1.864428955288e-01 
 1.222800000000e-09 -1.900772131282e-01 
 1.232800000000e-09 -1.670985472323e-01 
 1.242800000000e-09 -1.205374243979e-01 
 1.252800000000e-09 -5.622708891786e-02 
 1.262800000000e-09  1.780970421901e-02 
 1.272800000000e-09  9.168576048677e-02 
 1.282800000000e-09  1.547647562743e-01 
 1.292800000000e-09  1.973491526416e-01 
 1.302800000000e-09  2.127078718294e-01 
 1.312800000000e-09  1.983551081093e-01 
 1.322800000000e-09  1.562270657819e-01 
 1.332800000000e-09  9.176070390083e-02 
 1.342800000000e-09  1.294495061249e-02 
 1.352800000000e-09 -7.007783496896e-02 
 1.362800000000e-09 -1.457254240184e-01 
 1.372800000000e-09 -2.025312201207e-01 
 1.382800000000e-09 -2.315445779274e-01 
 1.392800000000e-09 -2.281833701319e-01 
 1.402800000000e-09 -1.928925406529e-01 
 1.412800000000e-09 -1.304975493764e-01 
 1.422800000000e-09 -4.886720977393e-02 
 1.432800000000e-09  4.181721461126e-02 
 1.442800000000e-09  1.294006239638e-01 
 1.452800000000e-09  2.009080102421e-01 
 1.462800000000e-09  2.450542628502e-01 
 1.472800000000e-09  2.548650833549e-01 
 1.482800000000e-09  2.289632653731e-01 
 1.492800000000e-09  1.711640529481e-01 
 1.502800000000e-09  8.904264768345e-02 
 1.512800000000e-09 -7.287729950449e-03 
 1.522800000000e-09 -1.054753128195e-01 
 1.532800000000e-09 -1.914646548994e-01 
 1.542800000000e-09 -2.518049682367e-01 
 1.552800000000e-09 -2.768774521906e-01 
 1.562800000000e-09 -2.629676689528e-01 
 1.572800000000e-09 -2.124643736012e-01 
 1.582800000000e-09 -1.324226512340e-01 
 1.592800000000e-09 -3.276604042709e-02 
 1.602800000000e-09  7.419410454511e-02 
 1.612800000000e-09  1.738075059214e-01 
 1.622800000000e-09  2.507950361713e-01 
 1.632800000000e-09  2.928193308123e-01 
 1.642800000000e-09  2.934056124222e-01 
 1.652800000000e-09  2.529110019652e-01 
 1.662800000000e-09  1.775236111806e-01 
 1.672800000000e-09  7.705817688404e-02 
 1.682800000000e-09 -3.634528474979e-02 
 1.692800000000e-09 -1.479715327860e-01 
 1.702800000000e-09 -2.412544757398e-01 
 1.712800000000e-09 -3.011878840569e-01 
 1.722800000000e-09 -3.182582192846e-01 
 1.732800000000e-09 -2.904781134832e-01 
 1.742800000000e-09 -2.226293837441e-01 
 1.752800000000e-09 -1.241418890595e-01 
 1.762800000000e-09 -7.029035554708e-03 
 1.772800000000e-09  1.142856403982e-01 
 1.782800000000e-09  2.226406408166e-01 
 1.792800000000e-09  3.008323131074e-01 
 1.802800000000e-09  3.361878436161e-01 
 1.812800000000e-09  3.237150138608e-01 
 1.822800000000e-09  2.662436319540e-01 
 1.832800000000e-09  1.725269857292e-01 
 1.842800000000e-09  5.449257871035e-02 
 1.852800000000e-09 -7.384039854593e-02 
 1.862800000000e-09 -1.953735678407e-01 
 1.872800000000e-09 -2.913418853715e-01 
 1.882800000000e-09 -3.459337397213e-01 
 1.892800000000e-09 -3.507864884435e-01 
 1.902800000000e-09 -3.065211017483e-01 
 1.912800000000e-09 -2.206147629719e-01 
 1.922800000000e-09 -1.046048701265e-01 
 1.932800000000e-09  2.776451915815e-02 
 1.942800000000e-09  1.599145426253e-01 
 1.952800000000e-09  2.723279623665e-01 
 1.962800000000e-09  3.465712907410e-01 
 1.972800000000e-09  3.706823481313e-01 
 1.982800000000e-09  3.422010242795e-01 
 1.992800000000e-09  2.668154689897e-01 
 2.002800000000e-09  1.556342325584e-01 
 2.012800000000e-09  2.222744393789e-02 
 2.022800000000e-09 -1.175833023580e-01 
 2.032800000000e-09 -2.443475742573e-01 
 2.042800000000e-09 -3.377168759398e-01 
 2.052800000000e-09 -3.821258322636e-01 
 2.062800000000e-09 -3.715502960424e-01 
 2.072800000000e-09 -3.096118732910e-01 
 2.082800000000e-09 -2.062985489352e-01 
 2.092800000000e-09 -7.481691242806e-02 
 2.102800000000e-09  6.956189632543e-02 
 2.112800000000e-09  2.080701226260e-01 
 2.122800000000e-09  3.193099954799e-01 
 2.132800000000e-09  3.845632153082e-01 
 2.142800000000e-09  3.938462919934e-01 
 2.152800000000e-09  3.478061927517e-01 
 2.162800000000e-09  2.548721632700e-01 
 2.172800000000e-09  1.280852174885e-01 
 2.182800000000e-09 -1.770651879268e-02 
 2.192800000000e-09 -1.648405605906e-01 
 2.202800000000e-09 -2.917895168035e-01 
 2.212800000000e-09 -3.774300978515e-01 
 2.222800000000e-09 -4.077848145622e-01 
 2.232800000000e-09 -3.799471162762e-01 
 2.242800000000e-09 -3.001809855173e-01 
 2.252800000000e-09 -1.807786959680e-01 
 2.262800000000e-09 -3.648969946207e-02 
 2.272800000000e-09  1.160777336258e-01 
 2.282800000000e-09  2.560885816027e-01 
 2.292800000000e-09  3.609349962897e-01 
 2.302800000000e-09  4.128668068391e-01 
 2.312800000000e-09  4.049670189507e-01 
 2.322800000000e-09  3.409957941313e-01 
 2.332800000000e-09  2.317684640734e-01 
 2.342800000000e-09  9.175184809618e-02 
 2.352800000000e-09 -6.310967481227e-02 
 2.362800000000e-09 -2.131941621273e-01 
 2.372800000000e-09 -3.353951283255e-01 
 2.382800000000e-09 -4.088723372700e-01 
 2.392800000000e-09 -4.223746352012e-01 
 2.402800000000e-09 -3.763472716502e-01 
 2.412800000000e-09 -2.797142152551e-01 
 2.422800000000e-09 -1.465109256966e-01 
 2.432800000000e-09  7.645337134627e-03 
 2.442800000000e-09  1.645623305902e-01 
 2.452800000000e-09  3.015444421437e-01 
 2.462800000000e-09  3.956176454921e-01 
 2.472800000000e-09  4.312932828088e-01 
 2.482800000000e-09  4.051598531695e-01 
 2.492800000000e-09  3.236538006348e-01 
 2.502800000000e-09  1.997179675705e-01 
 2.512800000000e-09  4.896593332750e-02 
 2.522800000000e-09 -1.115978818854e-01 
 2.532800000000e-09 -2.604287784612e-01 
 2.542800000000e-09 -3.734779739417e-01 
 2.552800000000e-09 -4.314218465645e-01 
 2.562800000000e-09 -4.265515010823e-01 
 2.572800000000e-09 -3.624777433843e-01 
 2.582800000000e-09 -2.503984380339e-01 
 2.592800000000e-09 -1.055986228678e-01 
 2.602800000000e-09  5.556280723937e-02 
 2.612800000000e-09  2.130949587183e-01 
 2.622800000000e-09  3.428988242526e-01 
 2.632800000000e-09  4.226765224487e-01 
 2.642800000000e-09  4.401499193917e-01 
 2.652800000000e-09  3.954015960144e-01 
 2.662800000000e-09  2.974863603000e-01 
 2.672800000000e-09  1.609728033999e-01 
 2.682800000000e-09  2.019902020088e-03 
 2.692800000000e-09 -1.609767752604e-01 
 2.702800000000e-09 -3.047271238002e-01 
 2.712800000000e-09 -4.050597764037e-01 
 2.722800000000e-09 -4.453321210718e-01 
 2.732800000000e-09 -4.215700649121e-01 
 2.742800000000e-09 -3.402261549046e-01 
 2.752800000000e-09 -2.144320064663e-01 
 2.762800000000e-09 -6.018093163801e-02 
 2.772800000000e-09  1.052396910366e-01 
 2.782800000000e-09  2.599547966386e-01 
 2.792800000000e-09  3.790469196721e-01 
 2.802800000000e-09  4.421659426486e-01 
 2.812800000000e-09  4.407489510233e-01 
 2.822800000000e-09  3.778361717764e-01 
 2.832800000000e-09  2.648036829318e-01 
 2.842800000000e-09  1.175065376406e-01 
 2.852800000000e-09 -4.742721168725e-02 
 2.862800000000e-09 -2.099025242329e-01 
 2.872800000000e-09 -3.452656475935e-01 
 2.882800000000e-09 -4.301826596805e-01 
 2.892800000000e-09 -4.514698872603e-01 
 2.902800000000e-09 -4.087554637802e-01 
 2.912800000000e-09 -3.110084079029e-01 
 2.922800000000e-09 -1.730445861877e-01 
 2.932800000000e-09 -1.140621585228e-02 
 2.942800000000e-09  1.554751080743e-01 
 2.952800000000e-09  3.040491322203e-01 
 2.962800000000e-09  4.093520981686e-01 
 2.972800000000e-09  4.537936076671e-01 
 2.982800000000e-09  4.327934129038e-01 
 2.992800000000e-09  3.525259437285e-01 
 3.002800000000e-09  2.261990356391e-01 
 3.012800000000e-09  7.021199754423e-02 
 3.022800000000e-09 -9.808929533061e-02 
 3.032800000000e-09 -2.567840500020e-01 
 3.042800000000e-09 -3.804509962750e-01 
 3.052800000000e-09 -4.478685041685e-01 
 3.062800000000e-09 -4.497357930218e-01 
 3.072800000000e-09 -3.886768781207e-01 
 3.082800000000e-09 -2.759984316576e-01 
 3.092800000000e-09 -1.277868812942e-01 
 3.102800000000e-09  3.915256537007e-02 
 3.112800000000e-09  2.047815509460e-01 
 3.122800000000e-09  3.441977592174e-01 
 3.132800000000e-09  4.333461746932e-01 
 3.142800000000e-09  4.582381025793e-01 
 3.152800000000e-09  4.179959931197e-01 
 3.162800000000e-09  3.213692923354e-01 
 3.172800000000e-09  1.832248170189e-01 
 3.182800000000e-09  2.035357967984e-02 
 3.192800000000e-09 -1.488751951218e-01 
 3.202800000000e-09 -3.008677558361e-01 
 3.212800000000e-09 -4.101652831154e-01 
 3.222800000000e-09 -4.583893786193e-01 
 3.232800000000e-09 -4.403371226242e-01 
 3.242800000000e-09 -3.618198033561e-01 
 3.252800000000e-09 -2.359770011328e-01 
 3.262800000000e-09 -7.943364794293e-02 
 3.272800000000e-09  9.046273706426e-02 
 3.282800000000e-09  2.518876663141e-01 
 3.292800000000e-09  3.791579259255e-01 
 3.302800000000e-09  4.503789268450e-01 
 3.312800000000e-09  4.555296830615e-01 
 3.322800000000e-09  3.967589993664e-01 
 3.332800000000e-09  2.851980811809e-01 
 3.342800000000e-09  1.370141962009e-01 
 3.352800000000e-09 -3.087592313393e-02 
 3.362800000000e-09 -1.985757599679e-01 
 3.372800000000e-09 -3.411158454587e-01 
 3.382800000000e-09 -4.339213902145e-01 
 3.392800000000e-09 -4.622647737240e-01 
 3.402800000000e-09 -4.247339531617e-01 
 3.412800000000e-09 -3.299473376881e-01 
 3.422800000000e-09 -1.925764504329e-01 
 3.432800000000e-09 -2.930537635936e-02 
 3.442800000000e-09  1.414625944061e-01 
 3.452800000000e-09  2.961630716561e-01 
 3.462800000000e-09  4.090079750459e-01 
 3.472800000000e-09  4.608432242792e-01 
 3.482800000000e-09  4.458559053455e-01 
 3.492800000000e-09  3.695358882397e-01 
 3.502800000000e-09  2.448311944369e-01 
 3.512800000000e-09  8.844257947556e-02 
 3.522800000000e-09 -8.230332840226e-02 
 3.532800000000e-09 -2.457667759526e-01 
 3.542800000000e-09 -3.761451004937e-01 
 3.552800000000e-09 -4.507878270457e-01 
 3.562800000000e-09 -4.590689154344e-01 
 3.572800000000e-09 -4.029550456924e-01 
 3.582800000000e-09 -2.932059308925e-01 
 3.592800000000e-09 -1.458252524285e-01 
 3.602800000000e-09  2.219924214229e-02 
 3.612800000000e-09  1.911829970721e-01 
 3.622800000000e-09  3.362327252341e-01 
 3.632800000000e-09  4.323984476329e-01 
 3.642800000000e-09  4.642381738179e-01 
 3.652800000000e-09  4.297499130816e-01 
 3.662800000000e-09  3.371577739002e-01 
 3.672800000000e-09  2.009852140320e-01 
 3.682800000000e-09  3.803558454113e-02 
 3.692800000000e-09 -1.334560903046e-01 
 3.702800000000e-09 -2.901160986504e-01 
 3.712800000000e-09 -4.059888647844e-01 
 3.722800000000e-09 -4.612913302871e-01 
 3.732800000000e-09 -4.495459249800e-01 
 3.742800000000e-09 -3.757865392492e-01 
 3.752800000000e-09 -2.527247780781e-01 
 3.762800000000e-09 -9.707252220924e-02 
 3.772800000000e-09  7.389469203574e-02 
 3.782800000000e-09  2.387811769961e-01 
 3.792800000000e-09  3.717866880297e-01 
 3.802800000000e-09  4.497831783884e-01 
 3.812800000000e-09  4.614319382011e-01 
 3.822800000000e-09  4.081803679745e-01 
 3.832800000000e-09  3.004710327597e-01 
 3.842800000000e-09  1.541991272589e-01 
 3.852800000000e-09 -1.361042267105e-02 
 3.862800000000e-09 -1.834998383229e-01 
 3.872800000000e-09 -3.307106758865e-01 
 3.882800000000e-09 -4.300040841470e-01 
 3.892800000000e-09 -4.652583174320e-01 
 3.902800000000e-09 -4.338711834820e-01 
 3.912800000000e-09 -3.436482936346e-01 
 3.922800000000e-09 -2.089258659381e-01 
 3.932800000000e-09 -4.658142287189e-02 
 3.942800000000e-09  1.253151692373e-01 
 3.952800000000e-09  2.836197628593e-01 
 3.962800000000e-09  4.022799819658e-01 
 3.972800000000e-09  4.609362801750e-01 
 3.982800000000e-09  4.524417260193e-01 
 3.992800000000e-09  3.813604058685e-01 
 4.002800000000e-09  2.601376980832e-01 
 4.012800000000e-09  1.054513091083e-01 
 4.022800000000e-09 -6.547419866839e-02 
 4.032800000000e-09 -2.315050553537e-01 
 4.042800000000e-09 -3.668987732848e-01 
 4.052800000000e-09 -4.481091037265e-01 
 4.062800000000e-09 -4.630963282784e-01 
 4.072800000000e-09 -4.127765068566e-01 
 4.082800000000e-09 -3.072524568592e-01 
 4.092800000000e-09 -1.622750183946e-01 
 4.102800000000e-09  5.103653821662e-03 
 4.112800000000e-09  1.756562726840e-01 
 4.122800000000e-09  3.247965526672e-01 
 4.132800000000e-09  4.270574490467e-01 
 4.142800000000e-09  4.656666805724e-01 
 4.152800000000e-09  4.374124695546e-01 
 4.162800000000e-09  3.496660873270e-01 
 4.172800000000e-09  2.165511192610e-01 
 4.182800000000e-09  5.498809445370e-02 
 4.192800000000e-09 -1.171095131000e-01 
 4.202800000000e-09 -2.768496017991e-01 
 4.212800000000e-09 -3.981321302948e-01 
 4.222800000000e-09 -4.601618376701e-01 
 4.232800000000e-09 -4.550474241378e-01 
 4.242800000000e-09 -3.867005832316e-01 
 4.252800000000e-09 -2.673488341261e-01 
 4.262800000000e-09 -1.136766347227e-01 
 4.272800000000e-09  5.713610444884e-02 
 4.282800000000e-09  2.242144173386e-01 
 4.292800000000e-09  3.618938749931e-01 
 4.302800000000e-09  4.462426700933e-01 
 4.312800000000e-09  4.645305534746e-01 
 4.322800000000e-09  4.171393205832e-01 
 4.332800000000e-09  3.138244354755e-01 
 4.342800000000e-09  1.701798145325e-01 
 4.352800000000e-09  3.288390096806e-03 
 4.362800000000e-09 -1.678416710842e-01 
 4.372800000000e-09 -3.188090978518e-01 
 4.382800000000e-09 -4.239501070074e-01 
 4.392800000000e-09 -4.658645380074e-01 
 4.402800000000e-09 -4.407275183217e-01 
 4.412800000000e-09 -3.554720411740e-01 
 4.422800000000e-09 -2.240006910179e-01 
 4.432800000000e-09 -6.326347097990e-02 
 4.442800000000e-09  1.089650014695e-01 
 4.452800000000e-09  2.700485245368e-01 
 4.462800000000e-09  3.938636717562e-01 
 4.472800000000e-09  4.591237103056e-01 
 4.482800000000e-09  4.572551539494e-01 
 4.492800000000e-09  3.916574763383e-01 
 4.502800000000e-09  2.742773725412e-01 
 4.512800000000e-09  1.217309288577e-01 
 4.522800000000e-09 -4.883337972309e-02 
 4.532800000000e-09 -2.168036022677e-01 
 4.542800000000e-09 -3.566236489424e-01 
 4.552800000000e-09 -4.440179539208e-01 
 4.562800000000e-09 -4.655777960760e-01 
 4.572800000000e-09 -4.211427002937e-01 
 4.582800000000e-09 -3.201073273742e-01 
 4.592800000000e-09 -1.778891481058e-01 
 4.602800000000e-09 -1.159653378586e-02 
 4.612800000000e-09  1.599747905303e-01 
 4.622800000000e-09  3.126282510493e-01 
 4.632800000000e-09  4.205432955273e-01 
 4.642800000000e-09  4.657173414708e-01 
 4.652800000000e-09  4.437053663333e-01 
 4.662800000000e-09  3.609925039711e-01 
 4.672800000000e-09  2.312467286935e-01 
 4.682800000000e-09  7.142649410167e-02 
 4.692800000000e-09 -1.008193788427e-01 
 4.702800000000e-09 -2.631197234565e-01 
 4.712800000000e-09 -3.893585176665e-01 
 4.722800000000e-09 -4.577915682513e-01 
 4.732800000000e-09 -4.591617765168e-01 
 4.742800000000e-09 -3.963454232271e-01 
 4.752800000000e-09 -2.809979826638e-01 
 4.762800000000e-09 -1.296490225463e-01 
 4.772800000000e-09  4.057624773958e-02 
 4.782800000000e-09  2.093272500268e-01 
 4.792800000000e-09  3.511778139855e-01 
 4.802800000000e-09  4.415435207245e-01 
 4.812800000000e-09  4.663492239795e-01 
 4.822800000000e-09  4.248851189472e-01 
 4.832800000000e-09  3.261746299897e-01 
 4.842800000000e-09  1.854449178327e-01 
 4.852800000000e-09  1.982606975895e-02 
 4.862800000000e-09 -1.520884751524e-01 
 4.872800000000e-09 -3.063204807419e-01 
 4.882800000000e-09 -4.169247354714e-01 
 4.892800000000e-09 -4.653198644910e-01 
 4.902800000000e-09 -4.464342980052e-01 
 4.912800000000e-09 -3.662976285789e-01 
 4.922800000000e-09 -2.383334784501e-01 
 4.932800000000e-09 -7.949166464146e-02 
 4.942800000000e-09  9.269046744915e-02 
 4.952800000000e-09  2.561112238136e-01 
 4.962800000000e-09  3.846861125481e-01 
 4.972800000000e-09  4.562440669305e-01 
 4.982800000000e-09  4.608440101724e-01 
 4.992800000000e-09  4.008287991872e-01 
 5.002800000000e-09  2.875547530856e-01 
 5.012800000000e-09  1.374511843483e-01 
 5.022800000000e-09 -3.237113811881e-02 
 5.032800000000e-09 -2.018180902298e-01 
 5.042800000000e-09 -3.456097436323e-01 
 5.052800000000e-09 -4.388834371725e-01 
 5.062800000000e-09 -4.669101595207e-01 
 5.072800000000e-09 -4.284242494576e-01 
 5.082800000000e-09 -3.322313378537e-01 
 5.092800000000e-09 -1.932277925533e-01 
 5.102800000000e-09 -2.830594882473e-02 
 5.112800000000e-09  1.439887710471e-01 
 5.122800000000e-09  2.998566092950e-01 
 5.132800000000e-09  4.132361270456e-01 
 5.142800000000e-09  4.649014809498e-01 
 5.152800000000e-09  4.491697412854e-01 
 5.162800000000e-09  3.716898570066e-01 
 5.172800000000e-09  2.455974192261e-01 
 5.182800000000e-09  8.778755209411e-02 
 5.192800000000e-09 -8.429334627630e-02 
 5.202800000000e-09 -2.488242806451e-01 
 5.212800000000e-09 -3.797671765235e-01 
 5.222800000000e-09 -4.543495243248e-01 
 5.232800000000e-09 -4.620453274601e-01 
 5.242800000000e-09 -4.049639853857e-01 
 5.252800000000e-09 -2.940269831444e-01 
 5.262800000000e-09 -1.454091449598e-01 
 5.272800000000e-09  2.378564268733e-02 
 5.282800000000e-09  1.937382763029e-01 
 5.292800000000e-09  3.393619276251e-01 
 5.302800000000e-09  4.355561676140e-01 
 5.312800000000e-09  4.669293959242e-01 
 5.322800000000e-09  4.316178272724e-01 
 5.332800000000e-09  3.379924079372e-01 
 5.342800000000e-09  2.007253511313e-01 
 5.352800000000e-09  3.673995470651e-02 
 5.362800000000e-09 -1.356301147674e-01 
 5.372800000000e-09 -2.928535719086e-01 
 5.382800000000e-09 -4.088196779705e-01 
 5.392800000000e-09 -4.637460500469e-01 
 5.402800000000e-09 -4.512885879051e-01 
 5.412800000000e-09 -3.766156333536e-01 
 5.422800000000e-09 -2.525726084493e-01 
 5.432800000000e-09 -9.599041075057e-02 
 5.442800000000e-09  7.577807279276e-02 
 5.452800000000e-09  2.412086286513e-01 
 5.462800000000e-09  3.743567787539e-01 
 5.472800000000e-09  4.520531315610e-01 
 5.482800000000e-09  4.630756460841e-01 
 5.492800000000e-09  4.090022182043e-01 
 5.502800000000e-09  3.004005406266e-01 
 5.512800000000e-09  1.532798855074e-01 
 5.522800000000e-09 -1.526566333254e-02 
 5.532800000000e-09 -1.856799690479e-01 
 5.542800000000e-09 -3.330757965008e-01 
 5.552800000000e-09 -4.321416408260e-01 
 5.562800000000e-09 -4.668372635892e-01 
 5.572800000000e-09 -4.346954557772e-01 
 5.582800000000e-09 -3.436467820450e-01 
 5.592800000000e-09 -2.081340320950e-01 
 5.602800000000e-09 -4.510372785428e-02 
 5.612800000000e-09  1.273024414818e-01 
 5.622800000000e-09  2.858257883558e-01 
 5.632800000000e-09  4.043247820172e-01 
 5.642800000000e-09  4.624824853768e-01 
 5.652800000000e-09  4.532888227528e-01 
 5.662800000000e-09  3.814292322590e-01 
 5.672800000000e-09  2.594533086673e-01 
 5.682800000000e-09  1.041158983063e-01 
 5.692800000000e-09 -6.730787209233e-02 
 5.702800000000e-09 -2.335855323505e-01 
 5.712800000000e-09 -3.688806193719e-01 
 5.722800000000e-09 -4.496510699961e-01 
 5.732800000000e-09 -4.639842491278e-01 
 5.742800000000e-09 -4.129208921051e-01 
 5.752800000000e-09 -3.066692002830e-01 
 5.762800000000e-09 -1.610627280501e-01 
 5.772800000000e-09  6.805952334973e-03 
 5.782800000000e-09  1.776325173404e-01 
 5.792800000000e-09  3.267373373234e-01 
 5.802800000000e-09  4.286236762730e-01 
 5.812800000000e-09  4.666187337641e-01 
 5.822800000000e-09  4.376450379985e-01 
 5.832800000000e-09  3.491872252538e-01 
 5.842800000000e-09  2.154523284698e-01 
 5.852800000000e-09  5.340119071713e-02 
 5.862800000000e-09 -1.189981022595e-01 
 5.872800000000e-09 -2.787626894549e-01 
 5.882800000000e-09 -3.997393995508e-01 
 5.892800000000e-09 -4.611946824650e-01 
 5.902800000000e-09 -4.553796081520e-01 
 5.912800000000e-09 -3.863283965777e-01 
 5.922800000000e-09 -2.663542482957e-01 
 5.932800000000e-09 -1.121924872383e-01 
 5.942800000000e-09  5.894370016493e-02 
 5.952800000000e-09  2.260982669235e-01 
 5.962800000000e-09  3.635406605718e-01 
 5.972800000000e-09  4.473685445805e-01 
 5.982800000000e-09  4.649849961523e-01 
 5.992800000000e-09  4.168937989832e-01 
 6.002800000000e-09  3.129451155711e-01 
 6.012800000000e-09  1.687981751109e-01 
 6.022800000000e-09  1.558452266853e-03 
 6.032800000000e-09 -1.697023354428e-01 
 6.042800000000e-09 -3.205091430644e-01 
 6.052800000000e-09 -4.251918816855e-01 
 6.062800000000e-09 -4.664597161268e-01 
 6.072800000000e-09 -4.406224189936e-01 
 6.082800000000e-09 -3.547201172065e-01 
 6.092800000000e-09 -2.227260219886e-01 
 6.102800000000e-09 -6.161445120496e-02 
 6.112800000000e-09  1.107972276329e-01 
 6.122800000000e-09  2.717956135641e-01 
 6.132800000000e-09  3.952235824039e-01 
 6.142800000000e-09  4.598683525183e-01 
 6.152800000000e-09  4.573009317776e-01 
 6.162800000000e-09  3.910402484924e-01 
 6.172800000000e-09  2.731098179646e-01 
 6.182800000000e-09  1.201643411244e-01 
 6.192800000000e-09 -5.062616442457e-02 
 6.202800000000e-09 -2.185791432183e-01 
 6.212800000000e-09 -3.580869961927e-01 
 6.222800000000e-09 -4.449162446005e-01 
 6.232800000000e-09 -4.657946714863e-01 
 6.242800000000e-09 -4.206829902169e-01 
 6.252800000000e-09 -3.190652562145e-01 
 6.262800000000e-09 -1.764151200818e-01 
 6.272800000000e-09 -9.852789210475e-03 
 6.282800000000e-09  1.617713594005e-01 
 6.292800000000e-09  3.141972872041e-01 
 6.302800000000e-09  4.216095882982e-01 
 6.312800000000e-09  4.661194095671e-01 
 6.322800000000e-09  4.434172810605e-01 
 6.332800000000e-09  3.600925210605e-01 
 6.342800000000e-09  2.298769908092e-01 
 6.352800000000e-09  6.974531408530e-02 
 6.362800000000e-09 -1.026194201273e-01 
 6.372800000000e-09 -2.647764600016e-01 
 6.382800000000e-09 -3.905856348778e-01 
 6.392800000000e-09 -4.583818141413e-01 
 6.402800000000e-09 -4.590538746377e-01 
 6.412800000000e-09 -3.955967221903e-01 
 6.422800000000e-09 -2.797381473219e-01 
 6.432800000000e-09 -1.280402249328e-01 
 6.442800000000e-09  4.235828997323e-02 
 6.452800000000e-09  2.110428461564e-01 
 6.462800000000e-09  3.525430010168e-01 
 6.472800000000e-09  4.423215947152e-01 
 6.482800000000e-09  4.664410437283e-01 
 6.492800000000e-09  4.243129408496e-01 
 6.502800000000e-09  3.250477780628e-01 
 6.512800000000e-09  1.839243565452e-01 
 6.522800000000e-09  1.807837007888e-02 
 6.532800000000e-09 -1.538484879332e-01 
 6.542800000000e-09 -3.078197325994e-01 
 6.552800000000e-09 -4.178999462330e-01 
 6.562800000000e-09 -4.656224542664e-01 
 6.572800000000e-09 -4.460523508210e-01 
 6.582800000000e-09 -3.653222909385e-01 
 6.592800000000e-09 -2.369164281257e-01 
 6.602800000000e-09 -7.779715378389e-02 
 6.612800000000e-09  9.447036743361e-02 
 6.622800000000e-09  2.577192693564e-01 
 6.632800000000e-09  3.858449253387e-01 
 6.642800000000e-09  4.567561319904e-01 
 6.652800000000e-09  4.606586705145e-01 
 6.662800000000e-09  4.000144612129e-01 
 6.672800000000e-09  2.862500860406e-01 
 6.682800000000e-09  1.358246423306e-01 
 6.692800000000e-09 -3.414317355242e-02 
 6.702800000000e-09 -2.034998582298e-01 
 6.712800000000e-09 -3.469243803133e-01 
 6.722800000000e-09 -4.396021712897e-01 
 6.732800000000e-09 -4.669413572790e-01 
 6.742800000000e-09 -4.277984030704e-01 
 6.752800000000e-09 -3.310692314698e-01 
 6.762800000000e-09 -1.916970088034e-01 
 6.772800000000e-09 -2.656960944834e-02 
 6.782800000000e-09  1.457209976361e-01 
 6.792800000000e-09  3.013179950442e-01 
 6.802800000000e-09  4.141699344897e-01 
 6.812800000000e-09  4.651658429445e-01 
 6.822800000000e-09  4.487584774652e-01 
 6.832800000000e-09  3.706956681507e-01 
 6.842800000000e-09  2.441736965801e-01 
 6.852800000000e-09  8.610102707001e-02 
 6.862800000000e-09 -8.605331846849e-02 
 6.872800000000e-09 -2.504058244139e-01 
 6.882800000000e-09 -3.808983968985e-01 
 6.892800000000e-09 -4.548413432081e-01 
 6.902800000000e-09 -4.618517083762e-01 
 6.912800000000e-09 -4.041481871247e-01 
 6.922800000000e-09 -2.927250526842e-01 
 6.932800000000e-09 -1.437915545851e-01 
 6.942800000000e-09  2.554427506446e-02 
 6.952800000000e-09  1.954068442563e-01 
 6.962800000000e-09  3.406679266039e-01 
 6.972800000000e-09  4.362715250095e-01 
 6.982800000000e-09  4.669607135822e-01 
 6.992800000000e-09  4.309949820255e-01 
 7.002800000000e-09  3.368359614229e-01 
 7.012800000000e-09  1.992031376123e-01 
 7.022800000000e-09  3.501550707323e-02 
 7.032800000000e-09 -1.373510437801e-01 
 7.042800000000e-09 -2.943083902124e-01 
 7.052800000000e-09 -4.097530418984e-01 
 7.062800000000e-09 -4.640139845414e-01 
 7.072800000000e-09 -4.508836774445e-01 
 7.082800000000e-09 -3.756296324276e-01 
 7.092800000000e-09 -2.511583058150e-01 
 7.102800000000e-09 -9.431561400633e-02 
 7.112800000000e-09  7.752688276058e-02 
 7.122800000000e-09  2.427838393029e-01 
 7.132800000000e-09  3.754889360754e-01 
 7.142800000000e-09  4.525514277225e-01 
 7.152800000000e-09  4.628916228825e-01 
 7.162800000000e-09  4.081975043832e-01 
 7.172800000000e-09  2.991103465113e-01 
 7.182800000000e-09  1.516752177708e-01 
 7.192800000000e-09 -1.701198741105e-02 
 7.202800000000e-09 -1.873413653051e-01 
 7.212800000000e-09 -3.343832369284e-01 
 7.222800000000e-09 -4.328661533145e-01 
 7.232800000000e-09 -4.668816147422e-01 
 7.242800000000e-09 -4.340870620125e-01 
 7.252800000000e-09 -3.425044881415e-01 
 7.262800000000e-09 -2.066248837455e-01 
 7.272800000000e-09 -4.339147554552e-02 
 7.282800000000e-09  1.290158276177e-01 
 7.292800000000e-09  2.872813300518e-01 
 7.302800000000e-09  4.052674102618e-01 
 7.312800000000e-09  4.627645868186e-01 
 7.322800000000e-09  4.529001430309e-01 
 7.332800000000e-09  3.804592427617e-01 
 7.342800000000e-09  2.580532672583e-01 
 7.352800000000e-09  1.024542811418e-01 
 7.362800000000e-09 -6.904744315694e-02 
 7.372800000000e-09 -2.351594815372e-01 
 7.382800000000e-09 -3.700212557347e-01 
 7.392800000000e-09 -4.501646623380e-01 
 7.402800000000e-09 -4.638184484479e-01 
 7.412800000000e-09 -4.121344674726e-01 
 7.422800000000e-09 -3.053956571403e-01 
 7.432800000000e-09 -1.594729998020e-01 
 7.442800000000e-09  8.540793641497e-03 
 7.452800000000e-09  1.792902621842e-01 
 7.462800000000e-09  3.280519332201e-01 
 7.472800000000e-09  4.293644052098e-01 
 7.482800000000e-09  4.666833454970e-01 
 7.492800000000e-09  4.370574323719e-01 
 7.502800000000e-09  3.480637146139e-01 
 7.512800000000e-09  2.139585565028e-01 
 7.522800000000e-09  5.170108931712e-02 
 7.532800000000e-09 -1.207061747475e-01 
 7.542800000000e-09 -2.802230541917e-01 
 7.552800000000e-09 -4.006967016443e-01 
 7.562800000000e-09 -4.614935279577e-01 
 7.572800000000e-09 -4.550049108506e-01 
 7.582800000000e-09 -3.853713959861e-01 
 7.592800000000e-09 -2.649668635678e-01 
 7.602800000000e-09 -1.105437448497e-01 
 7.612800000000e-09  6.067286564602e-02 
 7.622800000000e-09  2.276684635035e-01 
 7.632800000000e-09  3.646864453424e-01 
 7.642800000000e-09  4.478939689245e-01 
 7.652800000000e-09  4.648342784615e-01 
 7.662800000000e-09  4.161232424805e-01 
 7.672800000000e-09  3.116868243658e-01 
 7.682800000000e-09  1.672230226427e-01 
 7.692800000000e-09 -1.640274823180e-04 
 7.702800000000e-09 -1.713543482342e-01 
 7.712800000000e-09 -3.218278885763e-01 
 7.722800000000e-09 -4.259455495881e-01 
 7.732800000000e-09 -4.665415948692e-01 
 7.742800000000e-09 -4.400532986790e-01 
 7.752800000000e-09 -3.536140516432e-01 
 7.762800000000e-09 -2.212473075469e-01 
 7.772800000000e-09 -5.992730162609e-02 
 7.782800000000e-09  1.124980138309e-01 
 7.792800000000e-09  2.732579142992e-01 
 7.802800000000e-09  3.961923539123e-01 
 7.812800000000e-09  4.601839583330e-01 
 7.822800000000e-09  4.569446507914e-01 
 7.832800000000e-09  3.901011947146e-01 
 7.842800000000e-09  2.717384761030e-01 
 7.852800000000e-09  1.185301316256e-01 
 7.862800000000e-09 -5.234501945636e-02 
 7.872800000000e-09 -2.201474409928e-01 
 7.882800000000e-09 -3.592413763822e-01 
 7.892800000000e-09 -4.454580663654e-01 
 7.902800000000e-09 -4.656638719964e-01 
 7.912800000000e-09 -4.199326825070e-01 
 7.922800000000e-09 -3.178255652695e-01 
 7.932800000000e-09 -1.748563529382e-01 
 7.942800000000e-09 -8.143007824495e-03 
 7.952800000000e-09  1.634187179322e-01 
 7.962800000000e-09  3.155225304120e-01 
 7.972800000000e-09  4.223795427751e-01 
 7.982800000000e-09  4.662223403116e-01 
 7.992800000000e-09  4.428702714927e-01 
 8.002800000000e-09  3.590068892571e-01 
 8.012800000000e-09  2.284152587357e-01 
 8.022800000000e-09  6.807189430508e-02 
 8.032800000000e-09 -1.043132134064e-01 
 8.042800000000e-09 -2.662420277234e-01 
 8.052800000000e-09 -3.915681705940e-01 
 8.062800000000e-09 -4.587170902853e-01 
 8.072800000000e-09 -4.587189715990e-01 
 8.082800000000e-09 -3.946782270403e-01 
 8.092800000000e-09 -2.783848394708e-01 
 8.102800000000e-09 -1.264216457322e-01 
 8.112800000000e-09  4.406656485621e-02 
 8.122800000000e-09  2.126098389500e-01 
 8.132800000000e-09  3.537074541306e-01 
 8.142800000000e-09  4.428820466767e-01 
 8.152800000000e-09  4.663326728835e-01 
 8.162800000000e-09  4.235852699276e-01 
 8.172800000000e-09  3.238286158939e-01 
 8.182800000000e-09  1.823830800916e-01 
 8.192800000000e-09  1.638168975468e-02 
 8.202800000000e-09 -1.554914258539e-01 
 8.212800000000e-09 -3.091523058138e-01 
 8.222800000000e-09 -4.186876093177e-01 
 8.232800000000e-09 -4.657482156169e-01 
 8.242800000000e-09 -4.455292767424e-01 
 8.252800000000e-09 -3.642587211809e-01 
 8.262800000000e-09 -2.354728614093e-01 
 8.272800000000e-09 -7.613814723410e-02 
 8.282800000000e-09  9.615690124815e-02 
 8.292800000000e-09  2.591882986796e-01 
 8.302800000000e-09  3.868419953968e-01 
 8.312800000000e-09  4.571123498021e-01 
 8.322800000000e-09  4.603465915170e-01 
 8.332800000000e-09  3.991179332091e-01 
 8.342800000000e-09  2.849160510831e-01 
 8.352800000000e-09  1.342225393301e-01 
 8.362800000000e-09 -3.584032239824e-02 
 8.372800000000e-09 -2.050653560575e-01 
 8.382800000000e-09 -3.480991986928e-01 
 8.392800000000e-09 -4.401821077319e-01 
 8.402800000000e-09 -4.668565835896e-01 
 8.412800000000e-09 -4.270946372922e-01 
 8.422800000000e-09 -3.298757588875e-01 
 8.432800000000e-09 -1.901831523595e-01 
 8.442800000000e-09 -2.489517139606e-02 
 8.452800000000e-09  1.473534113385e-01 
 8.462800000000e-09  3.026558486930e-01 
 8.472800000000e-09  4.149778048732e-01 
 8.482800000000e-09  4.653229234744e-01 
 8.492800000000e-09  4.482731731216e-01 
 8.502800000000e-09  3.696690484106e-01 
 8.512800000000e-09  2.427614356793e-01 
 8.522800000000e-09  8.446669093365e-02 
 8.532800000000e-09 -8.772622438540e-02 
 8.542800000000e-09 -2.518769548503e-01 
 8.552800000000e-09 -3.819140753372e-01 
 8.562800000000e-09 -4.554071632940e-01 
 8.572800000000e-09 -4.619911375137e-01 
 8.582800000000e-09 -4.036807075553e-01 
 8.592800000000e-09 -2.916492256304e-01 
 8.602800000000e-09 -1.422689572757e-01 
 8.612800000000e-09  2.734823502824e-02 
 8.622800000000e-09  1.972556785651e-01 
 8.632800000000e-09  3.422615428255e-01 
 8.642800000000e-09  4.373321718217e-01 
 8.652800000000e-09  4.673396082847e-01 
 8.662800000000e-09  4.306732481311e-01 
 8.672800000000e-09  3.358952511659e-01 
 8.682800000000e-09  1.977878464311e-01 
 8.692800000000e-09  3.328113818763e-02 
 8.702800000000e-09 -1.391963900668e-01 
 8.712800000000e-09 -2.959849884191e-01 
 8.722800000000e-09 -4.109674893065e-01 
 8.732800000000e-09 -4.645755480526e-01 
 8.742800000000e-09 -4.507420689246e-01 
 8.752800000000e-09 -3.748422607719e-01 
 8.762800000000e-09 -2.498547698349e-01 
 8.772800000000e-09 -9.265467561331e-02 
 8.782800000000e-09  7.935915835784e-02 
 8.792800000000e-09  2.445284414246e-01 
 8.802800000000e-09  3.768489447770e-01 
 8.812800000000e-09  4.532966015210e-01 
 8.822800000000e-09  4.629364938876e-01 
 8.832800000000e-09  4.075727539580e-01 
 8.842800000000e-09  2.979296439336e-01 
 8.852800000000e-09  1.500989863447e-01 
 8.862800000000e-09 -1.881205666135e-02 
 8.872800000000e-09 -1.891316649416e-01 
 8.882800000000e-09 -3.358747944260e-01 
 8.892800000000e-09 -4.337981687416e-01 
 8.902800000000e-09 -4.671239190692e-01 
 8.912800000000e-09 -4.336397725853e-01 
 8.922800000000e-09 -3.414663018828e-01 
 8.932800000000e-09 -2.051520481100e-01 
 8.942800000000e-09 -4.164572346536e-02 
 8.952800000000e-09  1.308277270747e-01 
 8.962800000000e-09  2.888862434182e-01 
 8.972800000000e-09  4.063846816380e-01 
 8.982800000000e-09  4.632176673466e-01 
 8.992800000000e-09  4.526543553699e-01 
 9.002800000000e-09  3.795859483297e-01 
 9.012800000000e-09  2.566930246036e-01 
 9.022800000000e-09  1.007728979220e-01 
 9.032800000000e-09 -7.086327596009e-02 
 9.042800000000e-09 -2.368554759027e-01 
 9.052800000000e-09 -3.713096561369e-01 
 9.062800000000e-09 -4.508263259021e-01 
 9.072800000000e-09 -4.637792493178e-01 
 9.082800000000e-09 -4.114366710571e-01 
 9.092800000000e-09 -3.041627083516e-01 
 9.102800000000e-09 -1.578725163977e-01 
 9.112800000000e-09  1.033545430448e-02 
 9.122800000000e-09  1.810488703079e-01 
 9.132800000000e-09  3.294925931835e-01 
 9.142800000000e-09  4.302345759333e-01 
 9.152800000000e-09  4.668605876940e-01 
 9.162800000000e-09  4.365506211688e-01 
 9.172800000000e-09  3.469797811168e-01 
 9.182800000000e-09  2.124597481781e-01 
 9.192800000000e-09  4.995287337460e-02 
 9.202800000000e-09 -1.224991402840e-01 
 9.212800000000e-09 -2.817925170446e-01 
 9.222800000000e-09 -4.017685494429e-01 
 9.232800000000e-09 -4.618934477701e-01 
 9.242800000000e-09 -4.547038389564e-01 
 9.252800000000e-09 -3.844520586872e-01 
 9.262800000000e-09 -2.635777966560e-01 
 9.272800000000e-09 -1.088551670686e-01 
 9.282800000000e-09  6.247500112841e-02 
 9.292800000000e-09  2.293343687140e-01 
 9.302800000000e-09  3.659347206353e-01 
 9.312800000000e-09  4.485111501957e-01 
 9.322800000000e-09  4.647515153658e-01 
 9.332800000000e-09  4.153886331533e-01 
 9.342800000000e-09  3.104290755993e-01 
 9.352800000000e-09  1.656140123327e-01 
 9.362800000000e-09 -1.950486100801e-03 
 9.372800000000e-09 -1.730918665959e-01 
 9.382800000000e-09 -3.232400413898e-01 
 9.392800000000e-09 -4.267843254135e-01 
 9.402800000000e-09 -4.666873218570e-01 
 9.412800000000e-09 -4.395188306904e-01 
 9.422800000000e-09 -3.525102458625e-01 
 9.432800000000e-09 -2.197394274177e-01 
 9.442800000000e-09 -5.818317830265e-02 
 9.452800000000e-09  1.142764299891e-01 
 9.462800000000e-09  2.748068121726e-01 
 9.472800000000e-09  3.972417124764e-01 
 9.482800000000e-09  4.605609578661e-01 
 9.492800000000e-09  4.566225967375e-01 
 9.502800000000e-09  3.891660503149e-01 
 9.512800000000e-09  2.703414882436e-01 
 9.522800000000e-09  1.168442408179e-01 
 9.532800000000e-09 -5.413547217588e-02 
 9.542800000000e-09 -2.217970107222e-01 
 9.552800000000e-09 -3.604730008642e-01 
 9.562800000000e-09 -4.460599537173e-01 
 9.572800000000e-09 -4.655678266887e-01 
 9.582800000000e-09 -4.191883155306e-01 
 9.592800000000e-09 -3.165634546918e-01 
 9.602800000000e-09 -1.732503445373e-01 
 9.612800000000e-09 -6.366574007799e-03 
 9.622800000000e-09  1.651432680599e-01 
 9.632800000000e-09  3.169230988016e-01 
 9.642800000000e-09  4.232098413227e-01 
 9.652800000000e-09  4.663616969947e-01 
 9.662800000000e-09  4.423318223407e-01 
 9.672800000000e-09  3.579022687045e-01 
 9.682800000000e-09  2.269104727033e-01 
 9.692800000000e-09  6.633621822249e-02 
 9.702800000000e-09 -1.060808532834e-01 
 9.712800000000e-09 -2.677818404842e-01 
 9.722800000000e-09 -3.926124273249e-01 
 9.732800000000e-09 -4.590915510621e-01 
 9.742800000000e-09 -4.583961054553e-01 
 9.752800000000e-09 -3.937445209226e-01 
 9.762800000000e-09 -2.769921963106e-01 
 9.772800000000e-09 -1.247445258716e-01 
 9.782800000000e-09  4.584588361902e-02 
 9.792800000000e-09  2.142502470164e-01 
 9.802800000000e-09  3.549352298884e-01 
 9.812800000000e-09  4.434849558320e-01 
 9.822800000000e-09  4.662404926409e-01 
 9.832800000000e-09  4.228466602959e-01 
 9.842800000000e-09  3.225740289299e-01 
 9.852800000000e-09  1.807869259563e-01 
 9.862800000000e-09  1.461672116239e-02 
 9.872800000000e-09 -1.572070837345e-01 
 9.882800000000e-09 -3.105503125862e-01 
 9.892800000000e-09 -4.195219796556e-01 
 9.902800000000e-09 -4.658952052198e-01 
 9.912800000000e-09 -4.450002268091e-01 
 9.922800000000e-09 -3.631642504140e-01 
 9.932800000000e-09 -2.339783895178e-01 
 9.942800000000e-09 -7.441383232139e-02 
 9.952800000000e-09  9.791531692211e-02 
 9.962800000000e-09  2.607248924694e-01 
 9.972800000000e-09  3.878904959493e-01 
 9.982800000000e-09  4.574955410419e-01 
 9.992800000000e-09  4.600342655467e-01 
 1.000000000000e-08  4.210373810273e-01 
