 1.628000000000e-10  2.225328905021e-02 
 1.728000000000e-10  1.363219396679e-02 
 1.828000000000e-10  3.262115094031e-03 
 1.928000000000e-10 -7.712530107185e-03 
 2.028000000000e-10 -1.804981083207e-02 
 2.128000000000e-10 -2.654753561769e-02 
 2.228000000000e-10 -3.219050473977e-02 
 2.328000000000e-10 -3.426847830304e-02 
 2.428000000000e-10 -3.246734644712e-02 
 2.528000000000e-10 -2.691047427758e-02 
 2.628000000000e-10 -1.815468439828e-02 
 2.728000000000e-10 -7.133258557732e-03 
 2.828000000000e-10  4.942306345206e-03 
 2.928000000000e-10  1.671562015736e-02 
 3.028000000000e-10  2.683239717467e-02 
 3.128000000000e-10  3.409852275641e-02 
 3.228000000000e-10  3.761987322180e-02 
 3.328000000000e-10  3.691357817561e-02 
 3.428000000000e-10  3.197024006734e-02 
 3.528000000000e-10  2.326498806494e-02 
 3.628000000000e-10  1.170811191809e-02 
 3.728000000000e-10 -1.443623259379e-03 
 3.828000000000e-10 -1.472060269731e-02 
 3.928000000000e-10 -2.660415386498e-02 
 4.028000000000e-10 -3.570029473574e-02 
 4.128000000000e-10 -4.090409917887e-02 
 4.228000000000e-10 -4.153563600509e-02 
 4.328000000000e-10 -3.742587411161e-02 
 4.428000000000e-10 -2.894669871331e-02 
 4.528000000000e-10 -1.697526671171e-02 
 4.628000000000e-10 -2.803844542477e-03 
 4.728000000000e-10  1.199731142061e-02 
 4.828000000000e-10  2.574874138566e-02 
 4.928000000000e-10  3.685221433672e-02 
 5.028000000000e-10  4.397665155413e-02 
 5.128000000000e-10  4.622034871480e-02 
 5.228000000000e-10  4.322364302944e-02 
 5.328000000000e-10  3.522046151274e-02 
 5.428000000000e-10  2.301742592935e-02 
 5.528000000000e-10  7.915801083472e-03 
 5.628000000000e-10 -8.422871419624e-03 
 5.728000000000e-10 -2.415646774845e-02 
 5.828000000000e-10 -3.746746520294e-02 
 5.928000000000e-10 -4.677375325373e-02 
 6.028000000000e-10 -5.092132104945e-02 
 6.128000000000e-10 -4.932674362353e-02 
 6.228000000000e-10 -4.205515037694e-02 
 6.328000000000e-10 -2.982099127270e-02 
 6.428000000000e-10 -1.391580294680e-02 
 6.528000000000e-10  3.925615321564e-03 
 6.628000000000e-10  2.170768774815e-02 
 6.728000000000e-10  3.739284656894e-02 
 6.828000000000e-10  4.913464126430e-02 
 6.928000000000e-10  5.549977742014e-02 
 7.028000000000e-10  5.564559148462e-02 
 7.128000000000e-10  4.942920536115e-02 
 7.228000000000e-10  3.743044403842e-02 
 7.328000000000e-10  2.089633595664e-02 
 7.428000000000e-10  1.614364014571e-03 
 7.528000000000e-10 -1.827448572687e-02 
 7.628000000000e-10 -3.650619021640e-02 
 7.728000000000e-10 -5.094967834070e-02 
 7.828000000000e-10 -5.986178436559e-02 
 7.928000000000e-10 -6.210353616898e-02 
 8.028000000000e-10 -5.728453118540e-02 
 8.128000000000e-10 -4.581598915998e-02 
 8.228000000000e-10 -2.887142403156e-02 
 8.328000000000e-10 -8.265021920660e-03 
 8.428000000000e-10  1.373437381959e-02 
 8.528000000000e-10  3.464269791181e-02 
 8.628000000000e-10  5.203592158258e-02 
 8.728000000000e-10  6.383627322946e-02 
 8.828000000000e-10  6.856947237030e-02 
 8.928000000000e-10  6.555120878899e-02 
 9.028000000000e-10  5.497531801167e-02 
 9.128000000000e-10  3.789836557951e-02 
 9.228000000000e-10  1.612940352807e-02 
 9.328000000000e-10 -7.954838722526e-03 
 9.428000000000e-10 -3.165533965477e-02 
 9.528000000000e-10 -5.224373402462e-02 
 9.628000000000e-10 -6.728036323259e-02 
 9.728000000000e-10 -7.491567302823e-02 
 9.828000000000e-10 -7.412578246609e-02 
 9.928000000000e-10 -6.484227333156e-02 
 1.002800000000e-09 -4.796317805318e-02 
 1.012800000000e-09 -2.525636092155e-02 
 1.022800000000e-09  8.213941956099e-04 
 1.032800000000e-09  2.737316507920e-02 
 1.042800000000e-09  5.136747439606e-02 
 1.052800000000e-09  6.998408065503e-02 
 1.062800000000e-09  8.096011571460e-02 
 1.072800000000e-09  8.287996987261e-02 
 1.082800000000e-09  7.535531154815e-02 
 1.092800000000e-09  5.907231596964e-02 
 1.102800000000e-09  3.571400695324e-02 
 1.112800000000e-09  7.784754271436e-03 
 1.122800000000e-09 -2.163964549910e-02 
 1.132800000000e-09 -4.922677385318e-02 
 1.142800000000e-09 -7.175800061186e-02 
 1.152800000000e-09 -8.651982675599e-02 
 1.162800000000e-09 -9.165343320873e-02 
 1.172800000000e-09 -8.639432847006e-02 
 1.182800000000e-09 -7.116319368667e-02 
 1.192800000000e-09 -4.751080362006e-02 
 1.202800000000e-09 -1.794977725009e-02 
 1.212800000000e-09  1.429503107581e-02 
 1.222800000000e-09  4.560561921388e-02 
 1.232800000000e-09  7.235867672946e-02 
 1.242800000000e-09  9.135813187304e-02 
 1.252800000000e-09  1.002481107848e-01 
 1.262800000000e-09  9.782227042099e-02 
 1.272800000000e-09  8.417060536731e-02 
 1.282800000000e-09  6.065535371438e-02 
 1.292800000000e-09  2.975239436938e-02 
 1.302800000000e-09 -5.197918389837e-03 
 1.312800000000e-09 -4.031148034924e-02 
 1.322800000000e-09 -7.155914958873e-02 
 1.332800000000e-09 -9.523520363309e-02 
 1.342800000000e-09 -1.084356105281e-01 
 1.352800000000e-09 -1.094468486181e-01 
 1.362800000000e-09 -9.796052311233e-02 
 1.372800000000e-09 -7.508973072049e-02 
 1.382800000000e-09 -4.322287762411e-02 
 1.392800000000e-09 -5.773288859179e-03 
 1.402800000000e-09  3.314097768760e-02 
 1.412800000000e-09  6.909808067349e-02 
 1.422800000000e-09  9.786637402439e-02 
 1.432800000000e-09  1.159454196049e-01 
 1.442800000000e-09  1.210431631029e-01 
 1.452800000000e-09  1.123752133553e-01 
 1.462800000000e-09  9.073519949247e-02 
 1.472800000000e-09  5.836631719748e-02 
 1.482800000000e-09  1.870845355916e-02 
 1.492800000000e-09 -2.392358270509e-02 
 1.502800000000e-09 -6.473697594951e-02 
 1.512800000000e-09 -9.896820802137e-02 
 1.522800000000e-09 -1.224800447095e-01 
 1.532800000000e-09 -1.323334725780e-01 
 1.542800000000e-09 -1.271873245649e-01 
 1.552800000000e-09 -1.074391876416e-01 
 1.562800000000e-09 -7.512333654985e-02 
 1.572800000000e-09 -3.365315512492e-02 
 1.582800000000e-09  1.250692861423e-02 
 1.592800000000e-09  5.822980963474e-02 
 1.602800000000e-09  9.823060296499e-02 
 1.612800000000e-09  1.277058102129e-01 
 1.622800000000e-09  1.430018214622e-01 
 1.632800000000e-09  1.421321870462e-01 
 1.642800000000e-09  1.250110115359e-01 
 1.652800000000e-09  9.339128158825e-02 
 1.662800000000e-09  5.060288069971e-02 
 1.672800000000e-09  1.209687367808e-03 
 1.682800000000e-09 -4.937216343446e-02 
 1.692800000000e-09 -9.536199634563e-02 
 1.702800000000e-09 -1.312761949747e-01 
 1.712800000000e-09 -1.526881068974e-01 
 1.722800000000e-09 -1.568777996806e-01 
 1.732800000000e-09 -1.431815111194e-01 
 1.742800000000e-09 -1.129898583746e-01 
 1.752800000000e-09 -6.948606685548e-02 
 1.762800000000e-09 -1.727778383191e-02 
 1.772800000000e-09  3.798611087539e-02 
 1.782800000000e-09  9.007375791137e-02 
 1.792800000000e-09  1.328276440852e-01 
 1.802800000000e-09  1.610011741928e-01 
 1.812800000000e-09  1.710517120808e-01 
 1.822800000000e-09  1.616335787850e-01 
 1.832800000000e-09  1.336823630926e-01 
 1.842800000000e-09  9.016476053567e-02 
 1.852800000000e-09  3.567601297141e-02 
 1.862800000000e-09 -2.396183549682e-02 
 1.872800000000e-09 -8.212502523241e-02 
 1.882800000000e-09 -1.320115936913e-01 
 1.892800000000e-09 -1.675280167909e-01 
 1.902800000000e-09 -1.842281941029e-01 
 1.912800000000e-09 -1.799768590425e-01 
 1.922800000000e-09 -1.551509031981e-01 
 1.932800000000e-09 -1.124205303421e-01 
 1.942800000000e-09 -5.630875696239e-02 
 1.952800000000e-09  7.251493646973e-03 
 1.962800000000e-09  7.131755653389e-02 
 1.972800000000e-09  1.284978592565e-01 
 1.982800000000e-09  1.718498145329e-01 
 1.992800000000e-09  1.959549987435e-01 
 2.002800000000e-09  1.977776012090e-01 
 2.012800000000e-09  1.770199477540e-01 
 2.022800000000e-09  1.359633878729e-01 
 2.032800000000e-09  7.899552726963e-02 
 2.042800000000e-09  1.210166125573e-02 
 2.052800000000e-09 -5.753482577169e-02 
 2.062800000000e-09 -1.220111362578e-01 
 2.072800000000e-09 -1.735647201927e-01 
 2.082800000000e-09 -2.057581823720e-01 
 2.092800000000e-09 -2.145500085132e-01 
 2.102800000000e-09 -1.988440589032e-01 
 2.112800000000e-09 -1.604254365720e-01 
 2.122800000000e-09 -1.034734395391e-01 
 2.132800000000e-09 -3.396970748499e-02 
 2.142800000000e-09  4.073964241191e-02 
 2.152800000000e-09  1.123385432874e-01 
 2.162800000000e-09  1.723071023788e-01 
 2.172800000000e-09  2.131709491597e-01 
 2.182800000000e-09  2.297886284216e-01 
 2.192800000000e-09  2.201353004682e-01 
 2.202800000000e-09  1.853777353579e-01 
 2.212800000000e-09  1.294008098438e-01 
 2.222800000000e-09  5.812847413212e-02 
 2.232800000000e-09 -2.099907066061e-02 
 2.242800000000e-09 -9.936017710517e-02 
 2.252800000000e-09 -1.677748602935e-01 
 2.262800000000e-09 -2.177511537484e-01 
 2.272800000000e-09 -2.429747955760e-01 
 2.282800000000e-09 -2.403640302657e-01 
 2.292800000000e-09 -2.103326493212e-01 
 2.302800000000e-09 -1.563665266203e-01 
 2.312800000000e-09 -8.427169705848e-02 
 2.322800000000e-09 -1.525261339237e-03 
 2.332800000000e-09  8.305224432369e-02 
 2.342800000000e-09  1.597468239596e-01 
 2.352800000000e-09  2.191097205884e-01 
 2.362800000000e-09  2.536107093438e-01 
 2.372800000000e-09  2.589902842065e-01 
 2.382800000000e-09  2.347660137306e-01 
 2.392800000000e-09  1.839025099564e-01 
 2.402800000000e-09  1.120147234414e-01 
 2.412800000000e-09  2.657067266433e-02 
 2.422800000000e-09 -6.350298499269e-02 
 2.432800000000e-09 -1.481029142782e-01 
 2.442800000000e-09 -2.169296669130e-01 
 2.452800000000e-09 -2.612340224784e-01 
 2.462800000000e-09 -2.754746840427e-01 
 2.472800000000e-09 -2.581271953700e-01 
 2.482800000000e-09 -2.114971890891e-01 
 2.492800000000e-09 -1.409143598785e-01 
 2.502800000000e-09 -5.379374741712e-02 
 2.512800000000e-09  4.090296645349e-02 
 2.522800000000e-09  1.328313231783e-01 
 2.532800000000e-09  2.109874814417e-01 
 2.542800000000e-09  2.654471270867e-01 
 2.552800000000e-09  2.893098440846e-01 
 2.562800000000e-09  2.798650026695e-01 
 2.572800000000e-09  2.386121344957e-01 
 2.582800000000e-09  1.704801108550e-01 
 2.592800000000e-09  8.277816331580e-02 
 2.602800000000e-09 -1.554400417502e-02 
 2.612800000000e-09 -1.140350259000e-01 
 2.622800000000e-09 -2.011646643554e-01 
 2.632800000000e-09 -2.659299445647e-01 
 2.642800000000e-09 -3.000329816413e-01 
 2.652800000000e-09 -2.994421506084e-01 
 2.662800000000e-09 -2.646976304256e-01 
 2.672800000000e-09 -2.001933973942e-01 
 2.682800000000e-09 -1.130596415578e-01 
 2.692800000000e-09 -1.220316012776e-02 
 2.702800000000e-09  9.192320079326e-02 
 2.712800000000e-09  1.874560195026e-01 
 2.722800000000e-09  2.624599879394e-01 
 2.732800000000e-09  3.072505199771e-01 
 2.742800000000e-09  3.163602395039e-01 
 2.752800000000e-09  2.892122966335e-01 
 2.762800000000e-09  2.295210466657e-01 
 2.772800000000e-09  1.441391709216e-01 
 2.782800000000e-09  4.190267233712e-02 
 2.792800000000e-09 -6.680272623787e-02 
 2.802800000000e-09 -1.699682338635e-01 
 2.812800000000e-09 -2.549191450577e-01 
 2.822800000000e-09 -3.106504422515e-01 
 2.832800000000e-09 -3.301744508122e-01 
 2.842800000000e-09 -3.116414016891e-01 
 2.852800000000e-09 -2.579341274541e-01 
 2.862800000000e-09 -1.755050100548e-01 
 2.872800000000e-09 -7.307922004639e-02 
 2.882800000000e-09  3.905886766854e-02 
 2.892800000000e-09  1.489163245078e-01 
 2.902800000000e-09  2.433022226018e-01 
 2.912800000000e-09  3.100160812558e-01 
 2.922800000000e-09  3.405106055189e-01 
 2.932800000000e-09  3.315142744377e-01 
 2.942800000000e-09  2.849215799118e-01 
 2.952800000000e-09  2.066454076952e-01 
 2.962800000000e-09  1.052356021939e-01 
 2.972800000000e-09 -9.135483500777e-03 
 2.982800000000e-09 -1.246086286653e-01 
 2.992800000000e-09 -2.277123828715e-01 
 3.002800000000e-09 -3.052295843633e-01 
 3.012800000000e-09 -3.470708035534e-01 
 3.022800000000e-09 -3.484147437498e-01 
 3.032800000000e-09 -3.100039384602e-01 
 3.042800000000e-09 -2.370639878693e-01 
 3.052800000000e-09 -1.378747171436e-01 
 3.062800000000e-09 -2.249180875150e-02 
 3.072800000000e-09  9.742683517743e-02 
 3.082800000000e-09  2.083525656182e-01 
 3.092800000000e-09  2.962773437757e-01 
 3.102800000000e-09  3.496476900637e-01 
 3.112800000000e-09  3.619946420361e-01 
 3.122800000000e-09  3.327466007541e-01 
 3.132800000000e-09  2.662896842148e-01 
 3.142800000000e-09  1.705109164415e-01 
 3.152800000000e-09  5.533347625812e-02 
 3.162800000000e-09 -6.780755543730e-02 
 3.172800000000e-09 -1.855148487958e-01 
 3.182800000000e-09 -2.832441530969e-01 
 3.192800000000e-09 -3.481199174458e-01 
 3.202800000000e-09 -3.719751856419e-01 
 3.212800000000e-09 -3.527667540230e-01 
 3.222800000000e-09 -2.938850332457e-01 
 3.232800000000e-09 -2.026824876797e-01 
 3.242800000000e-09 -8.890770512449e-02 
 3.252800000000e-09  3.621632943816e-02 
 3.262800000000e-09  1.595592545253e-01 
 3.272800000000e-09  2.663054109964e-01 
 3.282800000000e-09  3.424541817060e-01 
 3.292800000000e-09  3.781496297670e-01 
 3.302800000000e-09  3.697367460255e-01 
 3.312800000000e-09  3.194488551667e-01 
 3.322800000000e-09  2.339557481075e-01 
 3.332800000000e-09  1.227515309043e-01 
 3.342800000000e-09 -3.128188035521e-03 
 3.352800000000e-09 -1.308941671962e-01 
 3.362800000000e-09 -2.457118317916e-01 
 3.372800000000e-09 -3.326999868724e-01 
 3.382800000000e-09 -3.803866580999e-01 
 3.392800000000e-09 -3.833897415826e-01 
 3.402800000000e-09 -3.426280581556e-01 
 3.412800000000e-09 -2.639350285932e-01 
 3.422800000000e-09 -1.564334915263e-01 
 3.432800000000e-09 -3.099156683953e-02 
 3.442800000000e-09  9.995948460836e-02 
 3.452800000000e-09  2.217830533603e-01 
 3.462800000000e-09  3.189884953378e-01 
 3.472800000000e-09  3.786283708542e-01 
 3.482800000000e-09  3.935176494140e-01 
 3.492800000000e-09  3.631034157066e-01 
 3.502800000000e-09  2.922400299643e-01 
 3.512800000000e-09  1.895406374997e-01 
 3.522800000000e-09  6.569118820263e-02 
 3.532800000000e-09 -6.720761345258e-02 
 3.542800000000e-09 -1.948795199159e-01 
 3.552800000000e-09 -3.015063343187e-01 
 3.562800000000e-09 -3.728674083943e-01 
 3.572800000000e-09 -3.999581326614e-01 
 3.582800000000e-09 -3.806086289167e-01 
 3.592800000000e-09 -3.185382216441e-01 
 3.602800000000e-09 -2.217013336038e-01 
 3.612800000000e-09 -1.005528984426e-01 
 3.622800000000e-09  3.308722947966e-02 
 3.632800000000e-09  1.653987476162e-01 
 3.642800000000e-09  2.805089532299e-01 
 3.652800000000e-09  3.631716824777e-01 
 3.662800000000e-09  4.026138108511e-01 
 3.672800000000e-09  3.949202108694e-01 
 3.682800000000e-09  3.425222060869e-01 
 3.692800000000e-09  2.525702298408e-01 
 3.702800000000e-09  1.351893094720e-01 
 3.712800000000e-09  1.969790196902e-03 
 3.722800000000e-09 -1.337517129519e-01 
 3.732800000000e-09 -2.562924785974e-01 
 3.742800000000e-09 -3.496628272924e-01 
 3.752800000000e-09 -4.014404608848e-01 
 3.762800000000e-09 -4.058608449427e-01 
 3.772800000000e-09 -3.639228343807e-01 
 3.782800000000e-09 -2.818291973227e-01 
 3.792800000000e-09 -1.692427202626e-01 
 3.802800000000e-09 -3.755307422350e-02 
 3.812800000000e-09  1.003588040159e-01 
 3.822800000000e-09  2.291962289683e-01 
 3.832800000000e-09  3.325182673730e-01 
 3.842800000000e-09  3.964411870334e-01 
 3.852800000000e-09  4.132948208096e-01 
 3.862800000000e-09  3.825044055098e-01 
 3.872800000000e-09  3.091818648500e-01 
 3.882800000000e-09  2.023815724727e-01 
 3.892800000000e-09  7.327932058507e-02 
 3.902800000000e-09 -6.563539937827e-02 
 3.912800000000e-09 -1.995834043184e-01 
 3.922800000000e-09 -3.119599799825e-01 
 3.932800000000e-09 -3.876635790059e-01 
 3.942800000000e-09 -4.171258469099e-01 
 3.952800000000e-09 -3.980627553390e-01 
 3.962800000000e-09 -3.343532025331e-01 
 3.972800000000e-09 -2.342985310324e-01 
 3.982800000000e-09 -1.087954803100e-01 
 3.992800000000e-09  2.998132327464e-02 
 4.002800000000e-09  1.678298627604e-01 
 4.012800000000e-09  2.882487485625e-01 
 4.022800000000e-09  3.751980287507e-01 
 4.032800000000e-09  4.172944655897e-01 
 4.042800000000e-09  4.104244479021e-01 
 4.052800000000e-09  3.570927103646e-01 
 4.062800000000e-09  2.647097760698e-01 
 4.072800000000e-09  1.437792255805e-01 
 4.082800000000e-09  6.226622653318e-03 
 4.092800000000e-09 -1.343146020885e-01 
 4.102800000000e-09 -2.616763609512e-01 
 4.112800000000e-09 -3.591826978722e-01 
 4.122800000000e-09 -4.137890001882e-01 
 4.132800000000e-09 -4.194552935387e-01 
 4.142800000000e-09 -3.771807700159e-01 
 4.152800000000e-09 -2.933490013043e-01 
 4.162800000000e-09 -1.779304441862e-01 
 4.172800000000e-09 -4.263237847325e-02 
 4.182800000000e-09  9.942069622058e-02 
 4.192800000000e-09  2.325693418967e-01 
 4.202800000000e-09  3.398019862508e-01 
 4.212800000000e-09  4.066329933772e-01 
 4.222800000000e-09  4.250518702241e-01 
 4.232800000000e-09  3.944212346845e-01 
 4.242800000000e-09  3.199623813511e-01 
 4.252800000000e-09  2.109672915634e-01 
 4.262800000000e-09  7.890458968562e-02 
 4.272800000000e-09 -6.352233012632e-02 
 4.282800000000e-09 -2.012696132950e-01 
 4.292800000000e-09 -3.172755527553e-01 
 4.302800000000e-09 -3.958842140266e-01 
 4.312800000000e-09 -4.271403303656e-01 
 4.322800000000e-09 -4.086407466223e-01 
 4.332800000000e-09 -3.443112292029e-01 
 4.342800000000e-09 -2.426271758390e-01 
 4.352800000000e-09 -1.147393470093e-01 
 4.362800000000e-09  2.697718740322e-02 
 4.372800000000e-09  1.681263407444e-01 
 4.382800000000e-09  2.918553717668e-01 
 4.392800000000e-09  3.816366444551e-01 
 4.402800000000e-09  4.256766035513e-01 
 4.412800000000e-09  4.196904910159e-01 
 4.422800000000e-09  3.661765156689e-01 
 4.432800000000e-09  2.726620106738e-01 
 4.442800000000e-09  1.498573909300e-01 
 4.452800000000e-09  9.880493909710e-03 
 4.462800000000e-09 -1.334872633181e-01 
 4.472800000000e-09 -2.638187309524e-01 
 4.482800000000e-09 -3.640277015357e-01 
 4.492800000000e-09 -4.206596194617e-01 
 4.502800000000e-09 -4.274561720342e-01 
 4.512800000000e-09 -3.853652059574e-01 
 4.522800000000e-09 -3.008356996914e-01 
 4.532800000000e-09 -1.839953254462e-01 
 4.542800000000e-09 -4.673280953268e-02 
 4.552800000000e-09  9.770513148135e-02 
 4.562800000000e-09  2.334760482598e-01 
 4.572800000000e-09  3.432381402123e-01 
 4.582800000000e-09  4.121178585125e-01 
 4.592800000000e-09  4.318480906047e-01 
 4.602800000000e-09  4.017011665440e-01 
 4.612800000000e-09  3.269182434360e-01 
 4.622800000000e-09  2.169018542687e-01 
 4.632800000000e-09  8.328304993855e-02 
 4.642800000000e-09 -6.112405954967e-02 
 4.652800000000e-09 -2.011503966863e-01 
 4.662800000000e-09 -3.194808842391e-01 
 4.672800000000e-09 -4.001084675374e-01 
 4.682800000000e-09 -4.327984928433e-01 
 4.692800000000e-09 -4.150244888536e-01 
 4.702800000000e-09 -3.506901467393e-01 
 4.712800000000e-09 -2.483400318550e-01 
 4.722800000000e-09 -1.192590276780e-01 
 4.732800000000e-09  2.407097551574e-02 
 4.742800000000e-09  1.671679564706e-01 
 4.752800000000e-09  2.929945788145e-01 
 4.762800000000e-09  3.847247428807e-01 
 4.772800000000e-09  4.302753490888e-01 
 4.782800000000e-09  4.252030304724e-01 
 4.792800000000e-09  3.719529601803e-01 
 4.802800000000e-09  2.780840204969e-01 
 4.812800000000e-09  1.544072842417e-01 
 4.822800000000e-09  1.314472791613e-02 
 4.832800000000e-09 -1.318591040749e-01 
 4.842800000000e-09 -2.640512568894e-01 
 4.852800000000e-09 -3.661027755388e-01 
 4.862800000000e-09 -4.242776503530e-01 
 4.872800000000e-09 -4.321301099429e-01 
 4.882800000000e-09 -3.905264293175e-01 
 4.892800000000e-09 -3.059137528649e-01 
 4.902800000000e-09 -1.884864779372e-01 
 4.912800000000e-09 -5.023053540559e-02 
 4.922800000000e-09  9.555440958476e-02 
 4.932800000000e-09  2.329467918425e-01 
 4.942800000000e-09  3.444179469163e-01 
 4.952800000000e-09  4.148351934938e-01 
 4.962800000000e-09  4.357224226448e-01 
 4.972800000000e-09  4.062449526159e-01 
 4.982800000000e-09  3.316125326659e-01 
 4.992800000000e-09  2.212632198057e-01 
 5.002800000000e-09  8.691116764577e-02 
 5.012800000000e-09 -5.857867074639e-02 
 5.022800000000e-09 -1.999915489838e-01 
 5.032800000000e-09 -3.198778417315e-01 
 5.042800000000e-09 -4.020042679763e-01 
 5.052800000000e-09 -4.359162813707e-01 
 5.062800000000e-09 -4.189568894321e-01 
 5.072800000000e-09 -3.549725873779e-01 
 5.082800000000e-09 -2.525157251976e-01 
 5.092800000000e-09 -1.229334946847e-01 
 5.102800000000e-09  2.124016602198e-02 
 5.112800000000e-09  1.654980332845e-01 
 5.122800000000e-09  2.927145106975e-01 
 5.132800000000e-09  3.858767671534e-01 
 5.142800000000e-09  4.326828938893e-01 
 5.152800000000e-09  4.285361055917e-01 
 5.162800000000e-09  3.758053768489e-01 
 5.172800000000e-09  2.820313913473e-01 
 5.182800000000e-09  1.580607404226e-01 
 5.192800000000e-09  1.616933882639e-02 
 5.202800000000e-09 -1.297827994959e-01 
 5.212800000000e-09 -2.631928959900e-01 
 5.222800000000e-09 -3.665871309229e-01 
 5.232800000000e-09 -4.260232633400e-01 
 5.242800000000e-09 -4.348852589586e-01 
 5.252800000000e-09 -3.939405764054e-01 
 5.262800000000e-09 -3.095965347379e-01 
 5.272800000000e-09 -1.920618188642e-01 
 5.282800000000e-09 -5.336976340646e-02 
 5.292800000000e-09  9.316588057531e-02 
 5.302800000000e-09  2.316029876180e-01 
 5.312800000000e-09  3.443089812470e-01 
 5.322800000000e-09  4.159672267864e-01 
 5.332800000000e-09  4.379198600058e-01 
 5.342800000000e-09  4.092154358294e-01 
 5.352800000000e-09  3.350035455719e-01 
 5.362800000000e-09  2.247147620028e-01 
 5.372800000000e-09  9.009978763350e-02 
 5.382800000000e-09 -5.595950849050e-02 
 5.392800000000e-09 -1.982470616116e-01 
 5.402800000000e-09 -3.192470253987e-01 
 5.412800000000e-09 -4.025711854702e-01 
 5.422800000000e-09 -4.375805717961e-01 
 5.432800000000e-09 -4.214845415192e-01 
 5.442800000000e-09 -3.580513984915e-01 
 5.452800000000e-09 -2.558065329263e-01 
 5.462800000000e-09 -1.261176989816e-01 
 5.472800000000e-09  1.846055726226e-02 
 5.482800000000e-09  1.634294164903e-01 
 5.492800000000e-09  2.916298714041e-01 
 5.502800000000e-09  3.859269417852e-01 
 5.512800000000e-09  4.338409788711e-01 
 5.522800000000e-09  4.306274361347e-01 
 5.532800000000e-09  3.785581418249e-01 
 5.542800000000e-09  2.851300411805e-01 
 5.552800000000e-09  1.611947132256e-01 
 5.562800000000e-09  1.904811740799e-02 
 5.572800000000e-09 -1.274599514375e-01 
 5.582800000000e-09 -2.617198881844e-01 
 5.592800000000e-09 -3.661692881436e-01 
 5.602800000000e-09 -4.267035274813e-01 
 5.612800000000e-09 -4.365460764235e-01 
 5.622800000000e-09 -3.963559360427e-01 
 5.632800000000e-09 -3.124791841080e-01 
 5.642800000000e-09 -1.951089508264e-01 
 5.652800000000e-09 -5.629707270681e-02 
 5.662800000000e-09  9.065005050369e-02 
 5.672800000000e-09  2.298025218067e-01 
 5.682800000000e-09  3.434712722661e-01 
 5.692800000000e-09  4.161994081842e-01 
 5.702800000000e-09  4.391630618513e-01 
 5.712800000000e-09  4.112885073380e-01 
 5.722800000000e-09  3.376490312063e-01 
 5.732800000000e-09  2.276433772792e-01 
 5.742800000000e-09  9.303187955506e-02 
 5.752800000000e-09 -5.330556356185e-02 
 5.762800000000e-09 -1.961761502892e-01 
 5.772800000000e-09 -3.180366620973e-01 
 5.782800000000e-09 -4.023852480541e-01 
 5.792800000000e-09 -4.384191547392e-01 
 5.802800000000e-09 -4.232122926891e-01 
 5.812800000000e-09 -3.604429726478e-01 
 5.822800000000e-09 -2.585900296339e-01 
 5.832800000000e-09 -1.290177771846e-01 
 5.842800000000e-09  1.571632866945e-02 
 5.852800000000e-09  1.611403240639e-01 
 5.862800000000e-09  2.900928002418e-01 
 5.872800000000e-09  3.853538897632e-01 
 5.882800000000e-09  4.342901518750e-01 
 5.892800000000e-09  4.320100122485e-01 
 5.902800000000e-09  3.806829300356e-01 
 5.912800000000e-09  2.877455476922e-01 
 5.922800000000e-09  1.640312336470e-01 
 5.932800000000e-09  2.184075350118e-02 
 5.942800000000e-09 -1.250008127299e-01 
 5.952800000000e-09 -2.599010950916e-01 
 5.962800000000e-09 -3.652414290732e-01 
 5.972800000000e-09 -4.267802132550e-01 
 5.982800000000e-09 -4.375860564248e-01 
 5.992800000000e-09 -3.982038840313e-01 
 6.002800000000e-09 -3.149064767372e-01 
 6.012800000000e-09 -1.978543783456e-01 
 6.022800000000e-09 -5.910144264483e-02 
 6.032800000000e-09  8.806501803179e-02 
 6.042800000000e-09  2.277455413803e-01 
 6.052800000000e-09  3.422217196750e-01 
 6.062800000000e-09  4.159217203797e-01 
 6.072800000000e-09  4.398648593194e-01 
 6.082800000000e-09  4.128518041265e-01 
 6.092800000000e-09  3.398704077918e-01 
 6.102800000000e-09  2.302737150675e-01 
 6.112800000000e-09  9.581628462122e-02 
 6.122800000000e-09 -5.063436572401e-02 
 6.132800000000e-09 -1.939221770200e-01 
 6.142800000000e-09 -3.164987429790e-01 
 6.152800000000e-09 -4.017724839883e-01 
 6.162800000000e-09 -4.387889745273e-01 
 6.172800000000e-09 -4.244854566181e-01 
 6.182800000000e-09 -3.624435316378e-01 
 6.192800000000e-09 -2.610842995673e-01 
 6.202800000000e-09 -1.317548878709e-01 
 6.212800000000e-09  1.299421178177e-02 
 6.222800000000e-09  1.587278667176e-01 
 6.232800000000e-09  2.882999088809e-01 
 6.242800000000e-09  3.844271369524e-01 
 6.252800000000e-09  4.343364014952e-01 
 6.262800000000e-09  4.329900595414e-01 
 6.272800000000e-09  3.824503897138e-01 
 6.282800000000e-09  2.900848404416e-01 
 6.292800000000e-09  1.666968192461e-01 
 6.302800000000e-09  2.458221821765e-02 
 6.312800000000e-09 -1.224662199679e-01 
 6.322800000000e-09 -2.578869741037e-01 
 6.332800000000e-09 -3.640238067355e-01 
 6.342800000000e-09 -4.265131465556e-01 
 6.352800000000e-09 -4.382719745131e-01 
 6.362800000000e-09 -3.997278363824e-01 
 6.372800000000e-09 -3.170732755787e-01 
 6.382800000000e-09 -2.004265065503e-01 
 6.392800000000e-09 -6.183395408121e-02 
 6.402800000000e-09  8.544239375933e-02 
 6.412800000000e-09  2.255436694378e-01 
 6.422800000000e-09  3.407378148020e-01 
 6.432800000000e-09  4.153530264598e-01 
 6.442800000000e-09  4.402572315424e-01 
 6.452800000000e-09  4.141234398623e-01 
 6.462800000000e-09  3.418487751048e-01 
 6.472800000000e-09  2.327326298404e-01 
 6.482800000000e-09  9.851487873828e-02 
 6.492800000000e-09 -4.795492488018e-02 
 6.502800000000e-09 -1.915648365797e-01 
 6.512800000000e-09 -3.147740681953e-01 
 6.522800000000e-09 -4.009154553291e-01 
 6.532800000000e-09 -4.388901424817e-01 
 6.542800000000e-09 -4.254978557187e-01 
 6.552800000000e-09 -3.642195340427e-01 
 6.562800000000e-09 -2.634121005049e-01 
 6.572800000000e-09 -1.343974989188e-01 
 6.582800000000e-09  1.028614653324e-02 
 6.592800000000e-09  1.562458511017e-01 
 6.602800000000e-09  2.863608376631e-01 
 6.612800000000e-09  3.832973277182e-01 
 6.622800000000e-09  4.341509452914e-01 
 6.632800000000e-09  4.337384426148e-01 
 6.642800000000e-09  3.840120205261e-01 
 6.652800000000e-09  2.922647632734e-01 
 6.662800000000e-09  1.692632586306e-01 
 6.672800000000e-09  2.729309179720e-02 
 6.682800000000e-09 -1.198892922301e-01 
 6.692800000000e-09 -2.557609776807e-01 
 6.702800000000e-09 -3.626392251676e-01 
 6.712800000000e-09 -4.260475783674e-01 
 6.722800000000e-09 -4.387532874867e-01 
 6.732800000000e-09 -4.010644419889e-01 
 6.742800000000e-09 -3.190892653878e-01 
 6.752800000000e-09 -2.028979369055e-01 
 6.762800000000e-09 -6.452401741473e-02 
 6.772800000000e-09  8.279903061398e-02 
 6.782800000000e-09  2.232586042838e-01 
 6.792800000000e-09  3.391183018058e-01 
 6.802800000000e-09  4.146154529394e-01 
 6.812800000000e-09  4.404699075611e-01 
 6.822800000000e-09  4.152256335112e-01 
 6.832800000000e-09  3.436858583713e-01 
 6.842800000000e-09  2.350916400836e-01 
 6.852800000000e-09  1.011629375647e-01 
 6.862800000000e-09 -4.527156148850e-02 
 6.872800000000e-09 -1.891479971066e-01 
 6.882800000000e-09 -3.129408011918e-01 
 6.892800000000e-09 -3.999158595340e-01 
 6.902800000000e-09 -4.388343880608e-01 
 6.912800000000e-09 -4.263579195518e-01 
 6.922800000000e-09 -3.658643121957e-01 
 6.932800000000e-09 -2.656424782649e-01 
 6.942800000000e-09 -1.369844160436e-01 
 6.952800000000e-09  7.587025581202e-03 
 6.962800000000e-09  1.537237320641e-01 
 6.972800000000e-09  2.843363191254e-01 
 6.982800000000e-09  3.820482462128e-01 
 6.992800000000e-09  4.338292406511e-01 
 7.002800000000e-09  4.343506080404e-01 
 7.012800000000e-09  3.854526313108e-01 
 7.022800000000e-09  2.943509051697e-01 
 7.032800000000e-09  1.717710775426e-01 
 7.042800000000e-09  2.998536748453e-02 
 7.052800000000e-09 -1.172879967214e-01 
 7.062800000000e-09 -2.535692232073e-01 
 7.072800000000e-09 -3.611558780126e-01 
 7.082800000000e-09 -4.254643806084e-01 
 7.092800000000e-09 -4.391133726821e-01 
 7.102800000000e-09 -4.022900878956e-01 
 7.112800000000e-09 -3.210159109328e-01 
 7.122800000000e-09 -2.053095340805e-01 
 7.132800000000e-09 -6.718845769541e-02 
 7.142800000000e-09  8.014388588402e-02 
 7.152800000000e-09  2.209243482357e-01 
 7.162800000000e-09  3.374179294811e-01 
 7.172800000000e-09  4.137769118660e-01 
 7.182800000000e-09  4.405751732366e-01 
 7.192800000000e-09  4.162266189882e-01 
 7.202800000000e-09  3.454385775066e-01 
 7.212800000000e-09  2.373909089206e-01 
 7.222800000000e-09  1.037804723352e-01 
 7.232800000000e-09 -4.258630935291e-02 
 7.242800000000e-09 -1.866957525831e-01 
 7.252800000000e-09 -3.110422132166e-01 
 7.262800000000e-09 -3.988301841650e-01 
 7.272800000000e-09 -4.386839008418e-01 
 7.282800000000e-09 -4.271261153646e-01 
 7.292800000000e-09 -3.674300215744e-01 
 7.302800000000e-09 -2.678141346816e-01 
 7.312800000000e-09 -1.395375428045e-01 
 7.322800000000e-09  4.893690645428e-03 
 7.332800000000e-09  1.511776112779e-01 
 7.342800000000e-09  2.822599217869e-01 
 7.352800000000e-09  3.807263793513e-01 
 7.362800000000e-09  4.334243672663e-01 
 7.372800000000e-09  4.348797277853e-01 
 7.382800000000e-09  3.868195589859e-01 
 7.392800000000e-09  2.963799716210e-01 
 7.402800000000e-09  1.742430730014e-01 
 7.412800000000e-09  3.266598327283e-02 
 7.422800000000e-09 -1.146720766853e-01 
 7.432800000000e-09 -2.513371558402e-01 
 7.442800000000e-09 -3.596115610134e-01 
 7.452800000000e-09 -4.248084803953e-01 
 7.462800000000e-09 -4.393986346836e-01 
 7.472800000000e-09 -4.034473653286e-01 
 7.482800000000e-09 -3.228875629629e-01 
 7.492800000000e-09 -2.076842290688e-01 
 7.502800000000e-09 -6.983685456847e-02 
 7.512800000000e-09  7.748172393982e-02 
 7.522800000000e-09  2.185596220065e-01 
 7.532800000000e-09  3.356670090122e-01 
 7.542800000000e-09  4.128750986525e-01 
 7.552800000000e-09  4.406132260628e-01 
 7.562800000000e-09  4.171644062549e-01 
 7.572800000000e-09  3.471387062019e-01 
 7.582800000000e-09  2.396529304031e-01 
 7.592800000000e-09  1.063787931991e-01 
 7.602800000000e-09 -3.990011476523e-02 
 7.612800000000e-09 -1.842213329709e-01 
 7.622800000000e-09 -3.091022362402e-01 
 7.632800000000e-09 -3.976897600390e-01 
 7.642800000000e-09 -4.384732382422e-01 
 7.652800000000e-09 -4.278360986934e-01 
 7.662800000000e-09 -3.689457462036e-01 
 7.672800000000e-09 -2.699487102780e-01 
 7.682800000000e-09 -1.420692038557e-01 
 7.692800000000e-09  2.204232499516e-03 
 7.702800000000e-09  1.486162975184e-01 
 7.712800000000e-09  2.801501923556e-01 
 7.722800000000e-09  3.793574935897e-01 
 7.732800000000e-09  4.329657997541e-01 
 7.742800000000e-09  4.353551094708e-01 
 7.752800000000e-09  3.881409558391e-01 
 7.762800000000e-09  2.983759445685e-01 
 7.772800000000e-09  1.766946532748e-01 
 7.782800000000e-09  3.534070903416e-02 
 7.792800000000e-09 -1.120460885575e-01 
 7.802800000000e-09 -2.490792232320e-01 
 7.812800000000e-09 -3.580287204392e-01 
 7.822800000000e-09 -4.241072046048e-01 
 7.832800000000e-09 -4.396378279468e-01 
 7.842800000000e-09 -4.045631497648e-01 
 7.852800000000e-09 -3.247264069008e-01 
 7.862800000000e-09 -2.100374365418e-01 
 7.872800000000e-09 -7.247654152341e-02 
 7.882800000000e-09  7.481404814006e-02 
 7.892800000000e-09  2.161746875104e-01 
 7.902800000000e-09  3.338832773647e-01 
 7.912800000000e-09  4.119327532883e-01 
 7.922800000000e-09  4.406088507175e-01 
 7.932800000000e-09  4.180629097360e-01 
 7.942800000000e-09  3.488067223025e-01 
 7.952800000000e-09  2.418927589541e-01 
 7.962800000000e-09  1.089662390816e-01 
 7.972800000000e-09 -3.721215029625e-02 
 7.982800000000e-09 -1.817315916212e-01 
 7.992800000000e-09 -3.071346014732e-01 
 8.002800000000e-09 -3.965132928952e-01 
 8.012800000000e-09 -4.382235774268e-01 
 8.022800000000e-09 -4.285089659175e-01 
 8.032800000000e-09 -3.704301841916e-01 
 8.042800000000e-09 -2.720606347128e-01 
 8.052800000000e-09 -1.445882943081e-01 
 8.062800000000e-09 -4.839045868303e-04 
 8.072800000000e-09  1.460439045658e-01 
 8.082800000000e-09  2.780174766966e-01 
 8.092800000000e-09  3.779567590180e-01 
 8.102800000000e-09  4.324714544520e-01 
 8.112800000000e-09  4.357959967924e-01 
 8.122800000000e-09  3.894283887844e-01 
 8.132800000000e-09  3.003419944951e-01 
 8.142800000000e-09  1.791270730189e-01 
 8.152800000000e-09  3.800798117671e-02 
 8.162800000000e-09 -1.094141941031e-01 
 8.172800000000e-09 -2.468017275482e-01 
 8.182800000000e-09 -3.564149219782e-01 
 8.192800000000e-09 -4.233683643073e-01 
 8.202800000000e-09 -4.398380518343e-01 
 8.212800000000e-09 -4.056430850483e-01 
 8.222800000000e-09 -3.265360675212e-01 
 8.232800000000e-09 -2.123704899483e-01 
 8.242800000000e-09 -7.510644722061e-02 
 8.252800000000e-09  7.214424250092e-02 
 8.262800000000e-09  2.137748866753e-01 
 8.272800000000e-09  3.320733119809e-01 
 8.282800000000e-09  4.109567813956e-01 
 8.292800000000e-09  4.405684112428e-01 
 8.302800000000e-09  4.189272632922e-01 
 8.312800000000e-09  3.504460160914e-01 
 8.322800000000e-09  2.441117722460e-01 
 8.332800000000e-09  1.115420781460e-01 
 8.342800000000e-09 -3.452519420362e-02 
 8.352800000000e-09 -1.792310792747e-01 
 8.362800000000e-09 -3.051450389333e-01 
 8.372800000000e-09 -3.953069007024e-01 
 8.382800000000e-09 -4.379406250641e-01 
 8.392800000000e-09 -4.291493870052e-01 
 8.402800000000e-09 -3.718864914987e-01 
 8.412800000000e-09 -2.741512890055e-01 
 8.422800000000e-09 -1.470943287836e-01 
 8.432800000000e-09 -3.168415212639e-03 
 8.442800000000e-09  1.434643480074e-01 
 8.452800000000e-09  2.758668104144e-01 
 8.462800000000e-09  3.765296339119e-01 
 8.472800000000e-09  4.319464751385e-01 
 8.482800000000e-09  4.362058446954e-01 
 8.492800000000e-09  3.906901161859e-01 
 8.502800000000e-09  3.022899163646e-01 
 8.512800000000e-09  1.815478668613e-01 
 8.522800000000e-09  4.067121733632e-02 
 8.532800000000e-09 -1.067775746016e-01 
 8.542800000000e-09 -2.445103311283e-01 
 8.552800000000e-09 -3.547795875750e-01 
 8.562800000000e-09 -4.226037982174e-01 
 8.572800000000e-09 -4.400120788610e-01 
 8.582800000000e-09 -4.066993745879e-01 
 8.592800000000e-09 -3.283269118501e-01 
 8.602800000000e-09 -2.146909182378e-01 
 8.612800000000e-09 -7.773062910909e-02 
 8.622800000000e-09  6.947215747049e-02 
 8.632800000000e-09  2.113640192727e-01 
 8.642800000000e-09  3.302444045317e-01 
 8.652800000000e-09  4.099569289646e-01 
 8.662800000000e-09  4.405028446717e-01 
 8.672800000000e-09  4.197682878359e-01 
 8.682800000000e-09  3.520661313813e-01 
 8.692800000000e-09  2.463172883438e-01 
 8.702800000000e-09  1.141107732263e-01 
 8.712800000000e-09 -3.183808388312e-02 
 8.722800000000e-09 -1.767220856233e-01 
 8.732800000000e-09 -3.031390410871e-01 
 8.742800000000e-09 -3.940784965631e-01 
 8.752800000000e-09 -4.376336587515e-01 
 8.762800000000e-09 -4.297668645899e-01 
 8.772800000000e-09 -3.733233540098e-01 
 8.782800000000e-09 -2.762276521697e-01 
 8.792800000000e-09 -1.495919679466e-01 
 8.802800000000e-09 -5.851200625097e-03 
 8.812800000000e-09  1.408787073957e-01 
 8.822800000000e-09  2.737021588180e-01 
 8.832800000000e-09  3.750824164615e-01 
 8.842800000000e-09  4.313986277771e-01 
 8.852800000000e-09  4.365931808560e-01 
 8.862800000000e-09  3.919321851580e-01 
 8.872800000000e-09  3.042227951731e-01 
 8.882800000000e-09  1.839591311675e-01 
 8.892800000000e-09  4.333105871765e-02 
 8.902800000000e-09 -1.041370930050e-01 
 8.912800000000e-09 -2.422073228858e-01 
 8.922800000000e-09 -3.531261037690e-01 
 8.932800000000e-09 -4.218175275434e-01 
 8.942800000000e-09 -4.401640540510e-01 
 8.952800000000e-09 -4.077358328853e-01 
 8.962800000000e-09 -3.301020171097e-01 
 8.972800000000e-09 -2.170004422330e-01 
 8.982800000000e-09 -8.034994586286e-02 
 8.992800000000e-09  6.679779139358e-02 
 9.002800000000e-09  2.089433345545e-01 
 9.012800000000e-09  3.283989172201e-01 
 9.022800000000e-09  4.089363163729e-01 
 9.032800000000e-09  4.404156169718e-01 
 9.042800000000e-09  4.205894094563e-01 
 9.052800000000e-09  3.536700664858e-01 
 9.062800000000e-09  2.485116095613e-01 
 9.072800000000e-09  1.166737049186e-01 
 9.082800000000e-09 -2.915048547026e-02 
 9.092800000000e-09 -1.742053958105e-01 
 9.102800000000e-09 -3.011183905784e-01 
 9.112800000000e-09 -3.928306214324e-01 
 9.122800000000e-09 -4.373056180834e-01 
 9.132800000000e-09 -4.303644076836e-01 
 9.142800000000e-09 -3.747435022626e-01 
 9.152800000000e-09 -2.782919206496e-01 
 9.162800000000e-09 -1.520826615702e-01 
 9.172800000000e-09 -8.532834072039e-03 
 9.182800000000e-09  1.382873808944e-01 
 9.192800000000e-09  2.715248269285e-01 
 9.202800000000e-09  3.736171426055e-01 
 9.212800000000e-09  4.308303792441e-01 
 9.222800000000e-09  4.369606205873e-01 
 9.232800000000e-09  3.931570530311e-01 
 9.242800000000e-09  3.061426918213e-01 
 9.252800000000e-09  1.863623324155e-01 
 9.262800000000e-09  4.598824767756e-02 
 9.272800000000e-09 -1.014928386186e-01 
 9.282800000000e-09 -2.398936020908e-01 
 9.292800000000e-09 -3.514560608223e-01 
 9.302800000000e-09 -4.210115907900e-01 
 9.312800000000e-09 -4.402962264903e-01 
 9.322800000000e-09 -4.087546516831e-01 
 9.332800000000e-09 -3.318632988019e-01 
 9.342800000000e-09 -2.193012209064e-01 
 9.352800000000e-09 -8.296528368835e-02 
 9.362800000000e-09  6.412184526373e-02 
 9.372800000000e-09  2.065142889951e-01 
 9.382800000000e-09  3.265391526459e-01 
 9.392800000000e-09  4.078957559085e-01 
 9.402800000000e-09  4.403058335477e-01 
 9.412800000000e-09  4.213903590693e-01 
 9.422800000000e-09  3.552578530946e-01 
 9.432800000000e-09  2.506950758620e-01 
 9.442800000000e-09  1.192315136179e-01 
 9.452800000000e-09 -2.646158994984e-02 
 9.462800000000e-09 -1.716800745601e-01 
 9.472800000000e-09 -2.990821779186e-01 
 9.482800000000e-09 -3.915624547299e-01 
 9.492800000000e-09 -4.369559189328e-01 
 9.502800000000e-09 -4.309417026580e-01 
 9.512800000000e-09 -3.761469599414e-01 
 9.522800000000e-09 -2.803444104750e-01 
 9.532800000000e-09 -1.545670187387e-01 
 9.542800000000e-09 -1.121410036337e-02 
 9.552800000000e-09  1.356894598920e-01 
 9.562800000000e-09  2.693339215079e-01 
 9.572800000000e-09  3.721329986258e-01 
 9.582800000000e-09  4.302411352063e-01 
 9.592800000000e-09  4.373078343214e-01 
 9.602800000000e-09  3.943647222218e-01 
 9.612800000000e-09  3.080499012520e-01 
 9.622800000000e-09  1.887580579458e-01 
 9.632800000000e-09  4.864355592047e-02 
 9.642800000000e-09 -9.884391812230e-02 
 9.652800000000e-09 -2.375682824964e-01 
 9.662800000000e-09 -3.497686497323e-01 
 9.672800000000e-09 -4.201853816287e-01 
 9.682800000000e-09 -4.404082504284e-01 
 9.692800000000e-09 -4.097558065313e-01 
 9.702800000000e-09 -3.336110262637e-01 
 9.712800000000e-09 -2.215934560013e-01 
 9.722800000000e-09 -8.557738218065e-02 
 9.732800000000e-09  6.144301026364e-02 
 9.742800000000e-09  2.040755469417e-01 
 9.752800000000e-09  3.246632183877e-01 
 9.762800000000e-09  4.068370837302e-01 
 9.772800000000e-09  4.401790618406e-01 
 9.782800000000e-09  4.221753667088e-01 
 9.792800000000e-09  3.568326788347e-01 
 9.802800000000e-09  2.528694757823e-01 
 9.812800000000e-09  1.217844147479e-01 
 9.822800000000e-09 -2.377273236022e-02 
 9.832800000000e-09 -1.691489320102e-01 
 9.842800000000e-09 -2.970342817297e-01 
 9.852800000000e-09 -3.902784471238e-01 
 9.862800000000e-09 -4.365889517850e-01 
 9.872800000000e-09 -4.315026177919e-01 
 9.882800000000e-09 -3.775366296909e-01 
 9.892800000000e-09 -2.823868303597e-01 
 9.902800000000e-09 -1.570453833535e-01 
 9.912800000000e-09 -1.389398554859e-02 
 9.922800000000e-09  1.330872735787e-01 
 9.932800000000e-09  2.671327610987e-01 
 9.942800000000e-09  3.706338730302e-01 
 9.952800000000e-09  4.296347826683e-01 
 9.962800000000e-09  4.376382905656e-01 
 9.972800000000e-09  3.955578367329e-01 
 9.982800000000e-09  3.099460297490e-01 
 9.992800000000e-09  1.911467194210e-01 
 1.000000000000e-08  9.145220716264e-02 
