 1.628000000000e-10  7.262464227518e-03 
 1.728000000000e-10 -6.222717664205e-03 
 1.828000000000e-10 -1.918196495621e-02 
 1.928000000000e-10 -2.979261317593e-02 
 2.028000000000e-10 -3.651128571463e-02 
 2.128000000000e-10 -3.830082343956e-02 
 2.228000000000e-10 -3.478938958151e-02 
 2.328000000000e-10 -2.633686593202e-02 
 2.428000000000e-10 -1.399832155271e-02 
 2.528000000000e-10  6.061271628677e-04 
 2.628000000000e-10  1.549913220203e-02 
 2.728000000000e-10  2.860782260356e-02 
 2.828000000000e-10  3.805147999125e-02 
 2.928000000000e-10  4.241473865770e-02 
 3.028000000000e-10  4.096256406243e-02 
 3.128000000000e-10  3.375826473132e-02 
 3.228000000000e-10  2.166780929158e-02 
 3.328000000000e-10  6.253615765811e-03 
 3.428000000000e-10 -1.042322367508e-02 
 3.528000000000e-10 -2.607045395674e-02 
 3.628000000000e-10 -3.847428743879e-02 
 3.728000000000e-10 -4.581499647197e-02 
 3.828000000000e-10 -4.693893226609e-02 
 3.928000000000e-10 -4.153901105376e-02 
 4.028000000000e-10 -3.021215542757e-02 
 4.128000000000e-10 -1.439040121963e-02 
 4.228000000000e-10  3.838606299714e-03 
 4.328000000000e-10  2.199747871954e-02 
 4.428000000000e-10  3.754671807963e-02 
 4.528000000000e-10  4.823978469965e-02 
 4.628000000000e-10  5.245572989802e-02 
 4.728000000000e-10  4.944918377390e-02 
 4.828000000000e-10  3.947153893264e-02 
 4.928000000000e-10  2.374739604208e-02 
 5.028000000000e-10  4.320872431522e-03 
 5.128000000000e-10 -1.620177216884e-02 
 5.228000000000e-10 -3.498713761234e-02 
 5.328000000000e-10 -4.935957513377e-02 
 5.428000000000e-10 -5.718973225537e-02 
 5.528000000000e-10 -5.722070249483e-02 
 5.628000000000e-10 -4.926683577966e-02 
 5.728000000000e-10 -3.425198715112e-02 
 5.828000000000e-10 -1.409334338757e-02 
 5.928000000000e-10  8.540107662628e-03 
 6.028000000000e-10  3.055949997164e-02 
 6.128000000000e-10  4.886767809684e-02 
 6.228000000000e-10  6.080023559770e-02 
 6.328000000000e-10  6.452261678024e-02 
 6.428000000000e-10  5.932390609680e-02 
 6.528000000000e-10  4.573037948041e-02 
 6.628000000000e-10  2.543836517822e-02 
 6.728000000000e-10  1.097744137139e-03 
 6.828000000000e-10 -2.401647334706e-02 
 6.928000000000e-10 -4.641959630179e-02 
 7.028000000000e-10 -6.289494102214e-02 
 7.128000000000e-10 -7.097415124691e-02 
 7.228000000000e-10 -6.932624538624e-02 
 7.328000000000e-10 -5.796833558011e-02 
 7.428000000000e-10 -3.826694889425e-02 
 7.528000000000e-10 -1.275639223739e-02 
 7.628000000000e-10  1.517621874985e-02 
 7.728000000000e-10  4.170740874751e-02 
 7.828000000000e-10  6.307929710453e-02 
 7.928000000000e-10  7.614638624854e-02 
 8.028000000000e-10  7.887016467117e-02 
 8.128000000000e-10  7.064524454137e-02 
 8.228000000000e-10  5.238941464652e-02 
 8.328000000000e-10  2.641067941145e-02 
 8.428000000000e-10 -3.888921912441e-03 
 8.528000000000e-10 -3.442241940250e-02 
 8.628000000000e-10 -6.092740595157e-02 
 8.728000000000e-10 -7.956021300079e-02 
 8.828000000000e-10 -8.749374400494e-02 
 8.928000000000e-10 -8.337757687167e-02 
 9.028000000000e-10 -6.754219513746e-02 
 9.128000000000e-10 -4.194652689400e-02 
 9.228000000000e-10 -9.904317321006e-03 
 9.328000000000e-10  2.432847705684e-02 
 9.428000000000e-10  5.604696261193e-02 
 9.528000000000e-10  8.071654573042e-02 
 9.628000000000e-10  9.466178922922e-02 
 9.728000000000e-10  9.567065940948e-02 
 9.828000000000e-10  8.335029961378e-02 
 9.928000000000e-10  5.916283353387e-02 
 1.002800000000e-09  2.619541071026e-02 
 1.012800000000e-09 -1.123123699018e-02 
 1.022800000000e-09 -4.805715170997e-02 
 1.032800000000e-09 -7.910032444698e-02 
 1.042800000000e-09 -9.980254330523e-02 
 1.052800000000e-09 -1.069791250374e-01 
 1.062800000000e-09 -9.935412931485e-02 
 1.072800000000e-09 -7.773528823416e-02 
 1.082800000000e-09 -4.484713117766e-02 
 1.092800000000e-09 -4.948575540338e-03 
 1.102800000000e-09  3.665619760179e-02 
 1.112800000000e-09  7.421489096534e-02 
 1.122800000000e-09  1.022929988071e-01 
 1.132800000000e-09  1.166469981613e-01 
 1.142800000000e-09  1.149622787689e-01 
 1.152800000000e-09  9.721441042046e-02 
 1.162800000000e-09  6.560270236874e-02 
 1.172800000000e-09  2.418490496294e-02 
 1.182800000000e-09 -2.161906901115e-02 
 1.192800000000e-09 -6.559977239342e-02 
 1.202800000000e-09 -1.014998672310e-01 
 1.212800000000e-09 -1.239657717788e-01 
 1.222800000000e-09 -1.294943332897e-01 
 1.232800000000e-09 -1.170332404268e-01 
 1.242800000000e-09 -8.806981065062e-02 
 1.252800000000e-09 -4.630655358932e-02 
 1.262800000000e-09  2.856990806318e-03 
 1.272800000000e-09  5.289054978082e-02 
 1.282800000000e-09  9.681843323052e-02 
 1.292800000000e-09  1.281516699059e-01 
 1.302800000000e-09  1.420979098470e-01 
 1.312800000000e-09  1.364211659518e-01 
 1.322800000000e-09  1.116638865306e-01 
 1.332800000000e-09  7.097688691917e-02 
 1.342800000000e-09  1.959243658759e-02 
 1.352800000000e-09 -3.579472854103e-02 
 1.362800000000e-09 -8.762029310458e-02 
 1.372800000000e-09 -1.284079270788e-01 
 1.382800000000e-09 -1.519972067366e-01 
 1.392800000000e-09 -1.546494168364e-01 
 1.402800000000e-09 -1.357544606817e-01 
 1.412800000000e-09 -9.772987751814e-02 
 1.422800000000e-09 -4.547706549974e-02 
 1.432800000000e-09  1.431019128750e-02 
 1.442800000000e-09  7.362391491847e-02 
 1.452800000000e-09  1.240651225364e-01 
 1.462800000000e-09  1.581479478898e-01 
 1.472800000000e-09  1.705785457944e-01 
 1.482800000000e-09  1.593337807317e-01 
 1.492800000000e-09  1.258121810191e-01 
 1.502800000000e-09  7.437025190064e-02 
 1.512800000000e-09  1.154485377287e-02 
 1.522800000000e-09 -5.444818795901e-02 
 1.532800000000e-09 -1.144167439007e-01 
 1.542800000000e-09 -1.596443780486e-01 
 1.552800000000e-09 -1.832560676957e-01 
 1.562800000000e-09 -1.814778135424e-01 
 1.572800000000e-09 -1.543799785628e-01 
 1.582800000000e-09 -1.055900893602e-01 
 1.592800000000e-09 -4.132875046628e-02 
 1.602800000000e-09  3.016090155043e-02 
 1.612800000000e-09  9.917783658876e-02 
 1.622800000000e-09  1.558077060818e-01 
 1.632800000000e-09  1.915548731798e-01 
 1.642800000000e-09  2.009041570764e-01 
 1.652800000000e-09  1.822786359067e-01 
 1.662800000000e-09  1.382056068060e-01 
 1.672800000000e-09  7.442185434989e-02 
 1.682800000000e-09 -9.659700301352e-04 
 1.692800000000e-09 -7.801086293722e-02 
 1.702800000000e-09 -1.459042757764e-01 
 1.712800000000e-09 -1.946010702610e-01 
 1.722800000000e-09 -2.166146794187e-01 
 1.732800000000e-09 -2.084462260145e-01 
 1.742800000000e-09 -1.712233566667e-01 
 1.752800000000e-09 -1.099722555559e-01 
 1.762800000000e-09 -3.251839756772e-02 
 1.772800000000e-09  5.116025423597e-02 
 1.782800000000e-09  1.296663990212e-01 
 1.792800000000e-09  1.915094735308e-01 
 1.802800000000e-09  2.272642827132e-01 
 1.812800000000e-09  2.314366321665e-01 
 1.822800000000e-09  2.033578758969e-01 
 1.832800000000e-09  1.470228252209e-01 
 1.842800000000e-09  6.976201876886e-02 
 1.852800000000e-09 -1.870282105505e-02 
 1.862800000000e-09 -1.066483104978e-01 
 1.872800000000e-09 -1.815120123484e-01 
 1.882800000000e-09 -2.319938496907e-01 
 1.892800000000e-09 -2.502960897759e-01 
 1.902800000000e-09 -2.336097460225e-01 
 1.912800000000e-09 -1.844795918274e-01 
 1.922800000000e-09 -1.095929606876e-01 
 1.932800000000e-09 -1.841934484006e-02 
 1.942800000000e-09  7.732700028904e-02 
 1.952800000000e-09  1.644146823106e-01 
 1.962800000000e-09  2.298137189123e-01 
 1.972800000000e-09  2.634298310343e-01 
 1.982800000000e-09  2.602095725373e-01 
 1.992800000000e-09  2.208014854598e-01 
 2.002800000000e-09  1.508239781623e-01 
 2.012800000000e-09  5.936628059002e-02 
 2.022800000000e-09 -4.204691030440e-02 
 2.032800000000e-09 -1.399254043395e-01 
 2.042800000000e-09 -2.199876669097e-01 
 2.052800000000e-09 -2.699203416339e-01 
 2.062800000000e-09 -2.820562803844e-01 
 2.072800000000e-09 -2.547566771984e-01 
 2.082800000000e-09 -1.922272660096e-01 
 2.092800000000e-09 -1.029695711462e-01 
 2.102800000000e-09  1.778077254798e-03 
 2.112800000000e-09  1.085822769562e-01 
 2.122800000000e-09  2.023970048835e-01 
 2.132800000000e-09  2.688635507916e-01 
 2.142800000000e-09  2.976617386922e-01 
 2.152800000000e-09  2.847021203454e-01 
 2.162800000000e-09  2.323535347974e-01 
 2.172800000000e-09  1.480769407055e-01 
 2.182800000000e-09  4.263124360178e-02 
 2.192800000000e-09 -7.076980900076e-02 
 2.202800000000e-09 -1.767938716386e-01 
 2.212800000000e-09 -2.595738757021e-01 
 2.222800000000e-09 -3.061152300201e-01 
 2.232800000000e-09 -3.094622555842e-01 
 2.242800000000e-09 -2.697644057408e-01 
 2.252800000000e-09 -1.931091415718e-01 
 2.262800000000e-09 -8.967987332293e-02 
 2.272800000000e-09  2.765434597719e-02 
 2.282800000000e-09  1.437192358381e-01 
 2.292800000000e-09  2.417372166925e-01 
 2.302800000000e-09  3.063835625613e-01 
 2.312800000000e-09  3.276675589696e-01 
 2.322800000000e-09  3.030067611914e-01 
 2.332800000000e-09  2.366690080127e-01 
 2.342800000000e-09  1.380148669590e-01 
 2.352800000000e-09  1.951586382471e-02 
 2.362800000000e-09 -1.040473824290e-01 
 2.372800000000e-09 -2.156012754229e-01 
 2.382800000000e-09 -2.980088294354e-01 
 2.392800000000e-09 -3.383051856612e-01 
 2.402800000000e-09 -3.307813460066e-01 
 2.412800000000e-09 -2.774755527583e-01 
 2.422800000000e-09 -1.864689691368e-01 
 2.432800000000e-09 -6.959638683502e-02 
 2.442800000000e-09  5.875459803696e-02 
 2.452800000000e-09  1.816845642190e-01 
 2.462800000000e-09  2.809014354931e-01 
 2.472800000000e-09  3.406096944847e-01 
 2.482800000000e-09  3.517967829946e-01 
 2.492800000000e-09  3.138815426011e-01 
 2.502800000000e-09  2.332117157095e-01 
 2.512800000000e-09  1.208765444638e-01 
 2.522800000000e-09 -9.202885007435e-03 
 2.532800000000e-09 -1.406811079769e-01 
 2.542800000000e-09 -2.548465988158e-01 
 2.552800000000e-09 -3.337167060360e-01 
 2.562800000000e-09 -3.649172465326e-01 
 2.572800000000e-09 -3.446187396973e-01 
 2.582800000000e-09 -2.769627635244e-01 
 2.592800000000e-09 -1.719822531886e-01 
 2.602800000000e-09 -4.311094097234e-02 
 2.612800000000e-09  9.394561182680e-02 
 2.622800000000e-09  2.206956229997e-01 
 2.632800000000e-09  3.177014052107e-01 
 2.642800000000e-09  3.693576974522e-01 
 2.652800000000e-09  3.683137774768e-01 
 2.662800000000e-09  3.162850808310e-01 
 2.672800000000e-09  2.216256266691e-01 
 2.682800000000e-09  9.691482740391e-02 
 2.692800000000e-09 -4.264210284910e-02 
 2.702800000000e-09 -1.791770300384e-01 
 2.712800000000e-09 -2.926102429315e-01 
 2.722800000000e-09 -3.646919868046e-01 
 2.732800000000e-09 -3.843671094432e-01 
 2.742800000000e-09 -3.501180583622e-01 
 2.752800000000e-09 -2.682727193544e-01 
 2.762800000000e-09 -1.505287203286e-01 
 2.772800000000e-09 -1.154551555941e-02 
 2.782800000000e-09  1.316513792818e-01 
 2.792800000000e-09  2.590905495414e-01 
 2.802800000000e-09  3.506624361056e-01 
 2.812800000000e-09  3.917812056868e-01 
 2.822800000000e-09  3.772324753691e-01 
 2.832800000000e-09  3.109094924411e-01 
 2.842800000000e-09  2.030461761307e-01 
 2.852800000000e-09  6.750639375145e-02 
 2.862800000000e-09 -7.932008181074e-02 
 2.872800000000e-09 -2.180847384603e-01 
 2.882800000000e-09 -3.276796722329e-01 
 2.892800000000e-09 -3.902505626537e-01 
 2.902800000000e-09 -3.967120921889e-01 
 2.912800000000e-09 -3.480231215756e-01 
 2.922800000000e-09 -2.525361161653e-01 
 2.932800000000e-09 -1.233623890021e-01 
 2.942800000000e-09  2.378055714050e-02 
 2.952800000000e-09  1.705484612757e-01 
 2.962800000000e-09  2.957134085849e-01 
 2.972800000000e-09  3.790430819801e-01 
 2.982800000000e-09  4.075290855105e-01 
 2.992800000000e-09  3.785075254869e-01 
 3.002800000000e-09  2.979739241014e-01 
 3.012800000000e-09  1.778978461941e-01 
 3.022800000000e-09  3.343157837947e-02 
 3.032800000000e-09 -1.180738066632e-01 
 3.042800000000e-09 -2.559709830360e-01 
 3.052800000000e-09 -3.585951516688e-01 
 3.062800000000e-09 -4.092534691332e-01 
 3.072800000000e-09 -4.013344311386e-01 
 3.082800000000e-09 -3.382428633247e-01 
 3.092800000000e-09 -2.301157498797e-01 
 3.102800000000e-09 -9.118915278090e-02 
 3.112800000000e-09  6.186735489105e-02 
 3.122800000000e-09  2.094011008074e-01 
 3.132800000000e-09  3.292664837380e-01 
 3.142800000000e-09  4.017943695104e-01 
 3.152800000000e-09  4.161948834177e-01 
 3.162800000000e-09  3.724328075051e-01 
 3.172800000000e-09  2.785453207250e-01 
 3.182800000000e-09  1.478522091425e-01 
 3.192800000000e-09 -3.634689932059e-03 
 3.202800000000e-09 -1.574472778808e-01 
 3.212800000000e-09 -2.917793951183e-01 
 3.222800000000e-09 -3.849468999363e-01 
 3.232800000000e-09 -4.221633862201e-01 
 3.242800000000e-09 -3.994602593110e-01 
 3.252800000000e-09 -3.224220346919e-01 
 3.262800000000e-09 -2.027848800021e-01 
 3.272800000000e-09 -5.567328588417e-02 
 3.282800000000e-09  1.012851725177e-01 
 3.292800000000e-09  2.471662055631e-01 
 3.302800000000e-09  3.592844473443e-01 
 3.312800000000e-09  4.192063821002e-01 
 3.322800000000e-09  4.187701103418e-01 
 3.332800000000e-09  3.604714060842e-01 
 3.342800000000e-09  2.541438616173e-01 
 3.352800000000e-09  1.142066731371e-01 
 3.362800000000e-09 -4.255184879104e-02 
 3.372800000000e-09 -1.964886001597e-01 
 3.382800000000e-09 -3.248916693809e-01 
 3.392800000000e-09 -4.066468464849e-01 
 3.402800000000e-09 -4.292854121135e-01 
 3.412800000000e-09 -3.915928923848e-01 
 3.422800000000e-09 -3.010417956848e-01 
 3.432800000000e-09 -1.708929078579e-01 
 3.442800000000e-09 -1.731370866939e-02 
 3.452800000000e-09  1.412991197322e-01 
 3.462800000000e-09  2.829535730112e-01 
 3.472800000000e-09  3.849326407345e-01 
 3.482800000000e-09  4.307157280186e-01 
 3.492800000000e-09  4.149872037562e-01 
 3.502800000000e-09  3.426174802427e-01 
 3.512800000000e-09  2.249923604218e-01 
 3.522800000000e-09  7.734991792243e-02 
 3.532800000000e-09 -8.274374546241e-02 
 3.542800000000e-09 -2.344603688700e-01 
 3.552800000000e-09 -3.545433423346e-01 
 3.562800000000e-09 -4.231223993080e-01 
 3.572800000000e-09 -4.304683200002e-01 
 3.582800000000e-09 -3.780032836085e-01 
 3.592800000000e-09 -2.750416210052e-01 
 3.602800000000e-09 -1.359466741376e-01 
 3.612800000000e-09  2.247848546018e-02 
 3.622800000000e-09  1.807944358656e-01 
 3.632800000000e-09  3.161013597014e-01 
 3.642800000000e-09  4.062089448692e-01 
 3.652800000000e-09  4.370625968777e-01 
 3.662800000000e-09  4.061436099790e-01 
 3.672800000000e-09  3.204251923592e-01 
 3.682800000000e-09  1.926611066018e-01 
 3.692800000000e-09  3.868515190183e-02 
 3.702800000000e-09 -1.230537483898e-01 
 3.712800000000e-09 -2.705972235211e-01 
 3.722800000000e-09 -3.805469786102e-01 
 3.732800000000e-09 -4.348664368984e-01 
 3.742800000000e-09 -4.267395373758e-01 
 3.752800000000e-09 -3.600364822835e-01 
 3.762800000000e-09 -2.456746438787e-01 
 3.772800000000e-09 -9.887652668312e-02 
 3.782800000000e-09  6.290696511459e-02 
 3.792800000000e-09  2.191190501552e-01 
 3.802800000000e-09  3.462283111603e-01 
 3.812800000000e-09  4.231521241684e-01 
 3.822800000000e-09  4.385681823098e-01 
 3.832800000000e-09  3.926912708149e-01 
 3.842800000000e-09  2.941565970360e-01 
 3.852800000000e-09  1.570994815778e-01 
 3.862800000000e-09 -1.717089183705e-03 
 3.872800000000e-09 -1.631475379482e-01 
 3.882800000000e-09 -3.043447571359e-01 
 3.892800000000e-09 -4.023065159063e-01 
 3.902800000000e-09 -4.414602320121e-01 
 3.912800000000e-09 -4.178669363496e-01 
 3.922800000000e-09 -3.375508623677e-01 
 3.932800000000e-09 -2.128720932490e-01 
 3.942800000000e-09 -5.968388639002e-02 
 3.952800000000e-09  1.038230622183e-01 
 3.962800000000e-09  2.559721859315e-01 
 3.972800000000e-09  3.729788307590e-01 
 3.982800000000e-09  4.354832192138e-01 
 3.992800000000e-09  4.351378158191e-01 
 4.002800000000e-09  3.747111917469e-01 
 4.012800000000e-09  2.645207580979e-01 
 4.022800000000e-09  1.196235172234e-01 
 4.032800000000e-09 -4.267149859149e-02 
 4.042800000000e-09 -2.021767327456e-01 
 4.052800000000e-09 -3.353292725588e-01 
 4.062800000000e-09 -4.200779517648e-01 
 4.072800000000e-09 -4.435548960006e-01 
 4.082800000000e-09 -4.046799081488e-01 
 4.092800000000e-09 -3.112927945583e-01 
 4.102800000000e-09 -1.771633850077e-01 
 4.112800000000e-09 -1.896608949162e-02 
 4.122800000000e-09  1.444866183613e-01 
 4.132800000000e-09  2.905738860448e-01 
 4.142800000000e-09  3.957394464068e-01 
 4.152800000000e-09  4.429110796358e-01 
 4.162800000000e-09  4.267667353367e-01 
 4.172800000000e-09  3.524326613734e-01 
 4.182800000000e-09  2.316789345278e-01 
 4.192800000000e-09  8.022608339770e-02 
 4.202800000000e-09 -8.399759350880e-02 
 4.212800000000e-09 -2.397148343833e-01 
 4.222800000000e-09 -3.629899636538e-01 
 4.232800000000e-09 -4.335856150698e-01 
 4.242800000000e-09 -4.414130051775e-01 
 4.252800000000e-09 -3.876500436355e-01 
 4.262800000000e-09 -2.821018932421e-01 
 4.272800000000e-09 -1.396842468231e-01 
 4.282800000000e-09  2.244679152678e-02 
 4.292800000000e-09  1.844970252060e-01 
 4.302800000000e-09  3.230160518472e-01 
 4.312800000000e-09  4.151758889784e-01 
 4.322800000000e-09  4.466257551851e-01 
 4.332800000000e-09  4.149357800523e-01 
 4.342800000000e-09  3.273302743622e-01 
 4.352800000000e-09  1.968932701458e-01 
 4.362800000000e-09  3.982273360225e-02 
 4.372800000000e-09 -1.251459420621e-01 
 4.382800000000e-09 -2.756560377849e-01 
 4.392800000000e-09 -3.877536551588e-01 
 4.402800000000e-09 -4.430132580048e-01 
 4.412800000000e-09 -4.346089675921e-01 
 4.422800000000e-09 -3.665874449991e-01 
 4.432800000000e-09 -2.501245620503e-01 
 4.442800000000e-09 -1.007725369556e-01 
 4.452800000000e-09  6.376373719731e-02 
 4.462800000000e-09  2.226366728544e-01 
 4.472800000000e-09  3.518752313990e-01 
 4.482800000000e-09  4.299715539210e-01 
 4.492800000000e-09  4.454901414115e-01 
 4.502800000000e-09  3.987602795184e-01 
 4.512800000000e-09  2.986228074037e-01 
 4.522800000000e-09  1.594806028816e-01 
 4.532800000000e-09 -1.655361663106e-03 
 4.542800000000e-09 -1.654230011122e-01 
 4.552800000000e-09 -3.086431574446e-01 
 4.562800000000e-09 -4.079113914880e-01 
 4.572800000000e-09 -4.474511729110e-01 
 4.582800000000e-09 -4.233784705725e-01 
 4.592800000000e-09 -3.418789146627e-01 
 4.602800000000e-09 -2.155200955104e-01 
 4.612800000000e-09 -6.039225342500e-02 
 4.622800000000e-09  1.051313630570e-01 
 4.632800000000e-09  2.591337860014e-01 
 4.642800000000e-09  3.774893507369e-01 
 4.652800000000e-09  4.405826885297e-01 
 4.662800000000e-09  4.400559587503e-01 
 4.672800000000e-09  3.787931890943e-01 
 4.682800000000e-09  2.672770195893e-01 
 4.692800000000e-09  1.207723803285e-01 
 4.702800000000e-09 -4.324349819086e-02 
 4.712800000000e-09 -2.044056032304e-01 
 4.722800000000e-09 -3.388843930841e-01 
 4.732800000000e-09 -4.243580493761e-01 
 4.742800000000e-09 -4.478804212963e-01 
 4.752800000000e-09 -4.084494145115e-01 
 4.762800000000e-09 -3.140393300802e-01 
 4.772800000000e-09 -1.785886672881e-01 
 4.782800000000e-09 -1.893558095003e-02 
 4.792800000000e-09  1.459718931050e-01 
 4.802800000000e-09  2.933112710203e-01 
 4.812800000000e-09  3.992766850316e-01 
 4.822800000000e-09  4.466633874996e-01 
 4.832800000000e-09  4.301894323518e-01 
 4.842800000000e-09  3.550863206821e-01 
 4.852800000000e-09  2.332568470597e-01 
 4.862800000000e-09  8.057650054385e-02 
 4.872800000000e-09 -8.490781743786e-02 
 4.882800000000e-09 -2.417710175817e-01 
 4.892800000000e-09 -3.658689169573e-01 
 4.902800000000e-09 -4.368011797627e-01 
 4.912800000000e-09 -4.444718566647e-01 
 4.922800000000e-09 -3.901443194671e-01 
 4.932800000000e-09 -2.837363012221e-01 
 4.942800000000e-09 -1.402919182538e-01 
 4.952800000000e-09  2.292024067758e-02 
 4.962800000000e-09  1.859952503239e-01 
 4.972800000000e-09  3.253198155754e-01 
 4.982800000000e-09  4.178971082161e-01 
 4.992800000000e-09  4.493280503811e-01 
 5.002800000000e-09  4.172419393246e-01 
 5.012800000000e-09  3.289575495424e-01 
 5.022800000000e-09  1.976642209386e-01 
 5.032800000000e-09  3.966832176867e-02 
 5.042800000000e-09 -1.262049070437e-01 
 5.052800000000e-09 -2.774754811095e-01 
 5.062800000000e-09 -3.900357998993e-01 
 5.072800000000e-09 -4.453787360354e-01 
 5.082800000000e-09 -4.367128345269e-01 
 5.092800000000e-09 -3.681608229431e-01 
 5.102800000000e-09 -2.509873806228e-01 
 5.112800000000e-09 -1.008450563801e-01 
 5.122800000000e-09  6.448267920154e-02 
 5.132800000000e-09  2.240549814347e-01 
 5.142800000000e-09  3.537727944269e-01 
 5.152800000000e-09  4.320279329375e-01 
 5.162800000000e-09  4.473894359662e-01 
 5.172800000000e-09  4.002496551136e-01 
 5.182800000000e-09  2.995265248559e-01 
 5.192800000000e-09  1.597093397129e-01 
 5.202800000000e-09 -2.115986356694e-03 
 5.212800000000e-09 -1.665161145848e-01 
 5.222800000000e-09 -3.102101513666e-01 
 5.232800000000e-09 -4.096898492524e-01 
 5.242800000000e-09 -4.491534885663e-01 
 5.252800000000e-09 -4.247671070350e-01 
 5.262800000000e-09 -3.427868171798e-01 
 5.272800000000e-09 -2.158514855181e-01 
 5.282800000000e-09 -6.012256630483e-02 
 5.292800000000e-09  1.059671296590e-01 
 5.302800000000e-09  2.604217012499e-01 
 5.312800000000e-09  3.790206536250e-01 
 5.322800000000e-09  4.421021501211e-01 
 5.332800000000e-09  4.413416812432e-01 
 5.342800000000e-09  3.796832996679e-01 
 5.352800000000e-09  2.676729795856e-01 
 5.362800000000e-09  1.206422370906e-01 
 5.372800000000e-09 -4.387877561010e-02 
 5.382800000000e-09 -2.054638368107e-01 
 5.392800000000e-09 -3.402030617378e-01 
 5.402800000000e-09 -4.257149080514e-01 
 5.412800000000e-09 -4.490658496163e-01 
 5.422800000000e-09 -4.093074005636e-01 
 5.432800000000e-09 -3.144723468470e-01 
 5.442800000000e-09 -1.785584340017e-01 
 5.452800000000e-09 -1.845446775965e-02 
 5.462800000000e-09  1.468439860581e-01 
 5.472800000000e-09  2.944484268728e-01 
 5.482800000000e-09  4.004896114295e-01 
 5.492800000000e-09  4.477558252445e-01 
 5.502800000000e-09  4.310108284771e-01 
 5.512800000000e-09  3.555407652911e-01 
 5.522800000000e-09  2.333002793098e-01 
 5.532800000000e-09  8.021381999181e-02 
 5.542800000000e-09 -8.563122295889e-02 
 5.552800000000e-09 -2.427565577130e-01 
 5.562800000000e-09 -3.669582510539e-01 
 5.572800000000e-09 -4.378111479654e-01 
 5.582800000000e-09 -4.452512179519e-01 
 5.592800000000e-09 -3.905947682809e-01 
 5.602800000000e-09 -2.838178744597e-01 
 5.612800000000e-09 -1.400109171631e-01 
 5.622800000000e-09  2.352746102901e-02 
 5.632800000000e-09  1.868501516486e-01 
 5.642800000000e-09  3.262921243871e-01 
 5.652800000000e-09  4.188232981548e-01 
 5.662800000000e-09  4.500645785017e-01 
 5.672800000000e-09  4.176944624888e-01 
 5.682800000000e-09  3.290812765908e-01 
 5.692800000000e-09  1.974553573714e-01 
 5.702800000000e-09  3.915598878417e-02 
 5.712800000000e-09 -1.269573547094e-01 
 5.722800000000e-09 -2.783599766192e-01 
 5.732800000000e-09 -3.909058447917e-01 
 5.742800000000e-09 -4.460931808337e-01 
 5.752800000000e-09 -4.371750395081e-01 
 5.762800000000e-09 -3.683213826231e-01 
 5.772800000000e-09 -2.508371573730e-01 
 5.782800000000e-09 -1.004091959342e-01 
 5.792800000000e-09  6.515114339306e-02 
 5.802800000000e-09  2.248655109319e-01 
 5.812800000000e-09  3.545961715770e-01 
 5.822800000000e-09  4.327266763039e-01 
 5.832800000000e-09  4.478622340256e-01 
 5.842800000000e-09  4.004425734938e-01 
 5.852800000000e-09  2.994262941573e-01 
 5.862800000000e-09  1.593371390080e-01 
 5.872800000000e-09 -2.713832622236e-03 
 5.882800000000e-09 -1.672632291796e-01 
 5.892800000000e-09 -3.109937893700e-01 
 5.902800000000e-09 -4.103784917084e-01 
 5.912800000000e-09 -4.496397197434e-01 
 5.922800000000e-09 -4.249910242459e-01 
 5.932800000000e-09 -3.427327364536e-01 
 5.942800000000e-09 -2.155363466717e-01 
 5.952800000000e-09 -5.958677831484e-02 
 5.962800000000e-09  1.066583999546e-01 
 5.972800000000e-09  2.611701524901e-01 
 5.982800000000e-09  3.797030458801e-01 
 5.992800000000e-09  4.426073500625e-01 
 6.002800000000e-09  4.416027347397e-01 
 6.012800000000e-09  3.796770324549e-01 
 6.022800000000e-09  2.674105315595e-01 
 6.032800000000e-09  1.201610632417e-01 
 6.042800000000e-09 -4.452122825328e-02 
 6.052800000000e-09 -2.061817048234e-01 
 6.062800000000e-09 -3.408830431586e-01 
 6.072800000000e-09 -4.262432664655e-01 
 6.082800000000e-09 -4.493659878740e-01 
 6.092800000000e-09 -4.093484951382e-01 
 6.102800000000e-09 -3.142603671791e-01 
 6.112800000000e-09 -1.781273939697e-01 
 6.122800000000e-09 -1.785683571397e-02 
 6.132800000000e-09  1.475331166273e-01 
 6.142800000000e-09  2.951263027476e-01 
 6.152800000000e-09  4.010426949117e-01 
 6.162800000000e-09  4.480981358986e-01 
 6.172800000000e-09  4.311026617730e-01 
 6.182800000000e-09  3.553822898447e-01 
 6.192800000000e-09  2.329205160694e-01 
 6.202800000000e-09  7.966057106932e-02 
 6.212800000000e-09 -8.629175122478e-02 
 6.222800000000e-09 -2.434317625583e-01 
 6.232800000000e-09 -3.675377831737e-01 
 6.242800000000e-09 -4.381983525838e-01 
 6.252800000000e-09 -4.453947043685e-01 
 6.262800000000e-09 -3.904888076629e-01 
 6.272800000000e-09 -2.834870888026e-01 
 6.282800000000e-09 -1.395005596485e-01 
 6.292800000000e-09  2.415718483387e-02 
 6.302800000000e-09  1.875165420021e-01 
 6.312800000000e-09  3.268912518952e-01 
 6.322800000000e-09  4.192547010807e-01 
 6.332800000000e-09  4.502652759806e-01 
 6.342800000000e-09  4.176469096037e-01 
 6.352800000000e-09  3.288045795904e-01 
 6.362800000000e-09  1.969917536808e-01 
 6.372800000000e-09  3.855983768371e-02 
 6.382800000000e-09 -1.276127953549e-01 
 6.392800000000e-09 -2.789784275184e-01 
 6.402800000000e-09 -3.913840083360e-01 
 6.412800000000e-09 -4.463559597492e-01 
 6.422800000000e-09 -4.371934509699e-01 
 6.432800000000e-09 -3.681050503488e-01 
 6.442800000000e-09 -2.504223282370e-01 
 6.452800000000e-09 -9.984815074423e-02 
 6.462800000000e-09  6.579218767834e-02 
 6.472800000000e-09  2.254982982607e-01 
 6.482800000000e-09  3.551182623416e-01 
 6.492800000000e-09  4.330519191125e-01 
 6.502800000000e-09  4.479481536981e-01 
 6.512800000000e-09  4.002888841673e-01 
 6.522800000000e-09  2.990629241777e-01 
 6.532800000000e-09  1.588139852863e-01 
 6.542800000000e-09 -3.335414381882e-03 
 6.552800000000e-09 -1.679032755065e-01 
 6.562800000000e-09 -3.115540156483e-01 
 6.572800000000e-09 -4.107647784037e-01 
 6.582800000000e-09 -4.497945404044e-01 
 6.592800000000e-09 -4.249026265909e-01 
 6.602800000000e-09 -3.424257288952e-01 
 6.612800000000e-09 -2.150570705795e-01 
 6.622800000000e-09 -5.899190660723e-02 
 6.632800000000e-09  1.072970793820e-01 
 6.642800000000e-09  2.617604817389e-01 
 6.652800000000e-09  3.801469707178e-01 
 6.662800000000e-09  4.428341641664e-01 
 6.672800000000e-09  4.415877848734e-01 
 6.682800000000e-09  3.794342319007e-01 
 6.692800000000e-09  2.669797323447e-01 
 6.702800000000e-09  1.195972270515e-01 
 6.712800000000e-09 -4.515222075139e-02 
 6.722800000000e-09 -2.067947594318e-01 
 6.732800000000e-09 -3.413802008203e-01 
 6.742800000000e-09 -4.265418565039e-01 
 6.752800000000e-09 -4.494261459175e-01 
 6.762800000000e-09 -4.091730784021e-01 
 6.772800000000e-09 -3.138825252797e-01 
 6.782800000000e-09 -1.775994940661e-01 
 6.792800000000e-09 -1.724082370949e-02 
 6.802800000000e-09  1.481596544982e-01 
 6.812800000000e-09  2.956688256998e-01 
 6.822800000000e-09  4.014100505390e-01 
 6.832800000000e-09  4.482352787356e-01 
 6.842800000000e-09  4.309999749340e-01 
 6.852800000000e-09  3.550652910568e-01 
 6.862800000000e-09  2.324369064803e-01 
 6.872800000000e-09  7.906845323799e-02 
 6.882800000000e-09 -8.692202288420e-02 
 6.892800000000e-09 -2.440110387709e-01 
 6.902800000000e-09 -3.679706697769e-01 
 6.912800000000e-09 -4.384130826271e-01 
 6.922800000000e-09 -4.453687084721e-01 
 6.932800000000e-09 -3.902444072027e-01 
 6.942800000000e-09 -2.830626009333e-01 
 6.952800000000e-09 -1.389457902269e-01 
 6.962800000000e-09  2.477717239087e-02 
 6.972800000000e-09  1.881200247885e-01 
 6.982800000000e-09  3.273833207721e-01 
 6.992800000000e-09  4.195529939883e-01 
 7.002800000000e-09  4.503283305791e-01 
 7.012800000000e-09  4.174766403642e-01 
 7.022800000000e-09  3.284354360941e-01 
 7.032800000000e-09  1.964763322835e-01 
 7.042800000000e-09  3.795740123188e-02 
 7.052800000000e-09 -1.282282755737e-01 
 7.062800000000e-09 -2.795158979287e-01 
 7.072800000000e-09 -3.917533891840e-01 
 7.082800000000e-09 -4.465003883168e-01 
 7.092800000000e-09 -4.371014238855e-01 
 7.102800000000e-09 -3.678005837396e-01 
 7.112800000000e-09 -2.499520184665e-01 
 7.122800000000e-09 -9.926970503037e-02 
 7.132800000000e-09  6.641087887100e-02 
 7.142800000000e-09  2.260716405852e-01 
 7.152800000000e-09  3.555529291584e-01 
 7.162800000000e-09  4.332766062093e-01 
 7.172800000000e-09  4.479360365461e-01 
 7.182800000000e-09  4.000529839067e-01 
 7.192800000000e-09  2.986431404381e-01 
 7.202800000000e-09  1.582660941975e-01 
 7.212800000000e-09 -3.947816576596e-03 
 7.222800000000e-09 -1.685012346207e-01 
 7.232800000000e-09 -3.120451818648e-01 
 7.242800000000e-09 -4.110666135170e-01 
 7.252800000000e-09 -4.498633322585e-01 
 7.262800000000e-09 -4.247388684856e-01 
 7.272800000000e-09 -3.420634174325e-01 
 7.282800000000e-09 -2.145487012565e-01 
 7.292800000000e-09 -5.839678892248e-02 
 7.302800000000e-09  1.079072234434e-01 
 7.312800000000e-09  2.622972147756e-01 
 7.322800000000e-09  3.805208636254e-01 
 7.332800000000e-09  4.429863003859e-01 
 7.342800000000e-09  4.415046323047e-01 
 7.352800000000e-09  3.791385770123e-01 
 7.362800000000e-09  2.665175765694e-01 
 7.372800000000e-09  1.190265193728e-01 
 7.382800000000e-09 -4.576508926793e-02 
 7.392800000000e-09 -2.073669021029e-01 
 7.402800000000e-09 -3.418198206758e-01 
 7.412800000000e-09 -4.267760326812e-01 
 7.422800000000e-09 -4.494251480796e-01 
 7.432800000000e-09 -4.089480745766e-01 
 7.442800000000e-09 -3.134726054346e-01 
 7.452800000000e-09 -1.770602953151e-01 
 7.462800000000e-09 -1.663514339827e-02 
 7.472800000000e-09  1.487554496869e-01 
 7.482800000000e-09  2.961644896151e-01 
 7.492800000000e-09  4.017222186391e-01 
 7.502800000000e-09  4.483179759896e-01 
 7.512800000000e-09  4.308513231709e-01 
 7.522800000000e-09  3.547164975343e-01 
 7.532800000000e-09  2.319391553460e-01 
 7.542800000000e-09  7.848097931672e-02 
 7.552800000000e-09 -8.752950960703e-02 
 7.562800000000e-09 -2.445523657097e-01 
 7.572800000000e-09 -3.683564657309e-01 
 7.582800000000e-09 -4.385795584185e-01 
 7.592800000000e-09 -4.452982821284e-01 
 7.602800000000e-09 -3.899600119849e-01 
 7.612800000000e-09 -2.826103722010e-01 
 7.622800000000e-09 -1.383835522562e-01 
 7.632800000000e-09  2.538434274683e-02 
 7.642800000000e-09  1.886918761454e-01 
 7.652800000000e-09  3.278295916951e-01 
 7.662800000000e-09  4.197990533153e-01 
 7.672800000000e-09  4.503410923632e-01 
 7.682800000000e-09  4.172649566102e-01 
 7.692800000000e-09  3.280387381525e-01 
 7.702800000000e-09  1.959501084678e-01 
 7.712800000000e-09  3.736177658267e-02 
 7.722800000000e-09 -1.288201675391e-01 
 7.732800000000e-09 -2.800162085753e-01 
 7.742800000000e-09 -3.920781451481e-01 
 7.752800000000e-09 -4.466001473796e-01 
 7.762800000000e-09 -4.369711442205e-01 
 7.772800000000e-09 -3.674690765103e-01 
 7.782800000000e-09 -2.494688852098e-01 
 7.792800000000e-09 -9.869370337446e-02 
 7.802800000000e-09  6.701225563849e-02 
 7.812800000000e-09  2.266150102416e-01 
 7.822800000000e-09  3.559496178012e-01 
 7.832800000000e-09  4.334617440984e-01 
 7.842800000000e-09  4.478888437330e-01 
 7.852800000000e-09  3.997910782579e-01 
 7.862800000000e-09  2.982093887711e-01 
 7.872800000000e-09  1.577175322469e-01 
 7.882800000000e-09 -4.547744499712e-03 
 7.892800000000e-09 -1.690750827576e-01 
 7.902800000000e-09 -3.125040969569e-01 
 7.912800000000e-09 -4.113334722042e-01 
 7.922800000000e-09 -4.499000861337e-01 
 7.932800000000e-09 -4.245504208400e-01 
 7.942800000000e-09 -3.416866284638e-01 
 7.952800000000e-09 -2.140374783218e-01 
 7.962800000000e-09 -5.781048808980e-02 
 7.972800000000e-09  1.084979555929e-01 
 7.982800000000e-09  2.628065698156e-01 
 7.992800000000e-09  3.808638592564e-01 
 8.002800000000e-09  4.431091779542e-01 
 8.012800000000e-09  4.413980954517e-01 
 8.022800000000e-09  3.788282703132e-01 
 8.032800000000e-09  2.660510249188e-01 
 8.042800000000e-09  1.184618583548e-01 
 8.052800000000e-09 -4.636226341886e-02 
 8.062800000000e-09 -2.079157059067e-01 
 8.072800000000e-09 -3.422320333446e-01 
 8.082800000000e-09 -4.269833678617e-01 
 8.092800000000e-09 -4.494020125817e-01 
 8.102800000000e-09 -4.087084829956e-01 
 8.112800000000e-09 -3.130572009927e-01 
 8.122800000000e-09 -1.765250499413e-01 
 8.132800000000e-09 -1.604222141905e-02 
 8.142800000000e-09  1.493312283647e-01 
 8.152800000000e-09  2.966357516040e-01 
 8.162800000000e-09  4.020096693386e-01 
 8.172800000000e-09  4.483796470392e-01 
 8.182800000000e-09  4.306881834125e-01 
 8.192800000000e-09  3.543613545133e-01 
 8.202800000000e-09  2.314436835930e-01 
 8.212800000000e-09  7.790392486423e-02 
 8.222800000000e-09 -8.811968917554e-02 
 8.232800000000e-09 -2.450718274027e-01 
 8.242800000000e-09 -3.687193475993e-01 
 8.252800000000e-09 -4.387259500083e-01 
 8.262800000000e-09 -4.452135442589e-01 
 8.272800000000e-09 -3.896686943555e-01 
 8.282800000000e-09 -2.821591465660e-01 
 8.292800000000e-09 -1.378298648938e-01 
 8.302800000000e-09  2.597647965044e-02 
 8.312800000000e-09  1.892441143805e-01 
 8.322800000000e-09  3.282546377960e-01 
 8.332800000000e-09  4.200258589220e-01 
 8.342800000000e-09  4.503395630846e-01 
 8.352800000000e-09  4.170457240774e-01 
 8.362800000000e-09  3.276418635013e-01 
 8.372800000000e-09  1.954308217854e-01 
 8.382800000000e-09  3.677929155125e-02 
 8.392800000000e-09 -1.293942985199e-01 
 8.402800000000e-09 -2.804966581490e-01 
 8.412800000000e-09 -3.923842308638e-01 
 8.422800000000e-09 -4.466854706800e-01 
 8.432800000000e-09 -4.368325844644e-01 
 8.442800000000e-09 -3.671362451061e-01 
 8.452800000000e-09 -2.489912779602e-01 
 8.462800000000e-09 -9.812924165346e-02 
 8.472800000000e-09  6.759744687390e-02 
 8.482800000000e-09  2.271397020613e-01 
 8.492800000000e-09  3.563280984872e-01 
 8.502800000000e-09  4.336322000092e-01 
 8.512800000000e-09  4.478326206106e-01 
 8.522800000000e-09  3.995267621928e-01 
 8.532800000000e-09  2.977798660209e-01 
 8.542800000000e-09  1.571790969454e-01 
 8.552800000000e-09 -5.132881831249e-03 
 8.562800000000e-09 -1.696313229021e-01 
 8.572800000000e-09 -3.129452141628e-01 
 8.582800000000e-09 -4.115853386307e-01 
 8.592800000000e-09 -4.499270124046e-01 
 8.602800000000e-09 -4.243584844689e-01 
 8.612800000000e-09 -3.413128026828e-01 
 8.622800000000e-09 -2.135350446638e-01 
 8.632800000000e-09 -5.723768389005e-02 
 8.642800000000e-09  1.090720880886e-01 
 8.652800000000e-09  2.632985456950e-01 
 8.662800000000e-09  3.811915506277e-01 
 8.672800000000e-09  4.432213381316e-01 
 8.682800000000e-09  4.412868339633e-01 
 8.692800000000e-09  3.785195724004e-01 
 8.702800000000e-09  2.655919507114e-01 
 8.712800000000e-09  1.179094861697e-01 
 8.722800000000e-09 -4.694378101580e-02 
 8.732800000000e-09 -2.084475346383e-01 
 8.742800000000e-09 -3.426286064961e-01 
 8.752800000000e-09 -4.271790301302e-01 
 8.762800000000e-09 -4.493728757580e-01 
 8.772800000000e-09 -4.084691313711e-01 
 8.782800000000e-09 -3.126479576138e-01 
 8.792800000000e-09 -1.760009205356e-01 
 8.802800000000e-09 -1.546402513653e-02 
 8.812800000000e-09  1.498904799585e-01 
 8.822800000000e-09  2.970911131620e-01 
 8.832800000000e-09  4.022845121503e-01 
 8.842800000000e-09  4.484339843017e-01 
 8.852800000000e-09  4.305238131920e-01 
 8.862800000000e-09  3.540109415812e-01 
 8.872800000000e-09  2.309580763758e-01 
 8.882800000000e-09  7.734061575668e-02 
 8.892800000000e-09 -8.869385791046e-02 
 8.902800000000e-09 -2.455752155799e-01 
 8.912800000000e-09 -3.690687041359e-01 
 8.922800000000e-09 -4.388636476330e-01 
 8.932800000000e-09 -4.451261124547e-01 
 8.942800000000e-09 -3.893807074501e-01 
 8.952800000000e-09 -2.817165582257e-01 
 8.962800000000e-09 -1.372889268062e-01 
 8.972800000000e-09  2.655324603423e-02 
 8.982800000000e-09  1.897803347031e-01 
 8.992800000000e-09  3.286654844786e-01 
 9.002800000000e-09  4.202426766086e-01 
 9.012800000000e-09  4.503337408145e-01 
 9.022800000000e-09  4.168282418990e-01 
 9.032800000000e-09  3.272522274964e-01 
 9.042800000000e-09  1.949231537938e-01 
 9.052800000000e-09  3.621143297667e-02 
 9.062800000000e-09 -1.299525546322e-01 
 9.072800000000e-09 -2.809622767437e-01 
 9.082800000000e-09 -3.926790023242e-01 
 9.092800000000e-09 -4.467647992885e-01 
 9.102800000000e-09 -4.366940079493e-01 
 9.112800000000e-09 -3.668090785365e-01 
 9.122800000000e-09 -2.485240721287e-01 
 9.132800000000e-09 -9.757858516896e-02 
 9.142800000000e-09  6.816703657893e-02 
 9.152800000000e-09  2.276491000607e-01 
 9.162800000000e-09  3.566940450817e-01 
 9.172800000000e-09  4.337949698273e-01 
 9.182800000000e-09  4.477745830544e-01 
 9.192800000000e-09  3.992664732165e-01 
 9.202800000000e-09  2.973594311956e-01 
 9.212800000000e-09  1.566535419349e-01 
 9.222800000000e-09 -5.702853697383e-03 
 9.232800000000e-09 -1.701720200369e-01 
 9.242800000000e-09 -3.133727602262e-01 
 9.252800000000e-09 -4.118278925828e-01 
 9.262800000000e-09 -4.499503056884e-01 
 9.272800000000e-09 -4.241688702378e-01 
 9.282800000000e-09 -3.409466199769e-01 
 9.292800000000e-09 -2.130444076858e-01 
 9.302800000000e-09 -5.667941588354e-02 
 9.312800000000e-09  1.096306674917e-01 
 9.322800000000e-09  2.637761537043e-01 
 9.332800000000e-09  3.815084339786e-01 
 9.342800000000e-09  4.433279985166e-01 
 9.352800000000e-09  4.411759947088e-01 
 9.362800000000e-09  3.782168693684e-01 
 9.372800000000e-09  2.651434490927e-01 
 9.382800000000e-09  1.173708882369e-01 
 9.392800000000e-09 -4.750991799319e-02 
 9.402800000000e-09 -2.089644059359e-01 
 9.412800000000e-09 -3.430130048288e-01 
 9.422800000000e-09 -4.273673413794e-01 
 9.432800000000e-09 -4.493422252203e-01 
 9.442800000000e-09 -4.082340444512e-01 
 9.452800000000e-09 -3.122479343028e-01 
 9.462800000000e-09 -1.754896645937e-01 
 9.472800000000e-09 -1.490083990694e-02 
 9.482800000000e-09  1.504344332718e-01 
 9.492800000000e-09  2.975331573314e-01 
 9.502800000000e-09  4.025502565681e-01 
 9.512800000000e-09  4.484848382043e-01 
 9.522800000000e-09  4.303618398212e-01 
 9.532800000000e-09  3.536681919921e-01 
 9.542800000000e-09  2.304842291452e-01 
 9.552800000000e-09  7.679172445563e-02 
 9.562800000000e-09 -8.925263917892e-02 
 9.572800000000e-09 -2.460643795172e-01 
 9.582800000000e-09 -3.694073226684e-01 
 9.592800000000e-09 -4.389959020689e-01 
 9.602800000000e-09 -4.450391966185e-01 
 9.612800000000e-09 -3.890987865590e-01 
 9.622800000000e-09 -2.812845393168e-01 
 9.632800000000e-09 -1.367616660673e-01 
 9.642800000000e-09  2.711480892553e-02 
 9.652800000000e-09  1.903017874056e-01 
 9.662800000000e-09  3.290642881649e-01 
 9.672800000000e-09  4.204522036589e-01 
 9.682800000000e-09  4.503264253963e-01 
 9.692800000000e-09  4.166150162048e-01 
 9.702800000000e-09  3.268717291900e-01 
 9.712800000000e-09  1.944281846127e-01 
 9.722800000000e-09  3.565836019083e-02 
 9.732800000000e-09 -1.304957178002e-01 
 9.742800000000e-09 -2.814146883912e-01 
 9.752800000000e-09 -3.929646607889e-01 
 9.762800000000e-09 -4.468405409267e-01 
 9.772800000000e-09 -4.365576721380e-01 
 9.782800000000e-09 -3.664893895786e-01 
 9.792800000000e-09 -2.480684232096e-01 
 9.802800000000e-09 -9.704212036493e-02 
 9.812800000000e-09  6.872144649744e-02 
 9.822800000000e-09  2.281443872401e-01 
 9.832800000000e-09  3.570492222780e-01 
 9.842800000000e-09  4.339520987808e-01 
 9.852800000000e-09  4.477167368023e-01 
 9.862800000000e-09  3.990119045742e-01 
 9.872800000000e-09  2.969492601683e-01 
 9.882800000000e-09  1.561414040324e-01 
 9.892800000000e-09 -6.257811693230e-03 
 9.902800000000e-09 -1.706980008552e-01 
 9.912800000000e-09 -3.137881229611e-01 
 9.922800000000e-09 -4.120628498826e-01 
 9.932800000000e-09 -4.499717268782e-01 
 9.942800000000e-09 -4.239831324158e-01 
 9.952800000000e-09 -3.405892343371e-01 
 9.962800000000e-09 -2.125661931014e-01 
 9.972800000000e-09 -5.613572533883e-02 
 9.982800000000e-09  1.101742417678e-01 
 9.992800000000e-09  2.642404626994e-01 
 1.000000000000e-08  3.544208526168e-01 
