 1.628000000000e-10  2.320443091387e-02 
 1.728000000000e-10  1.385178806817e-02 
 1.828000000000e-10  2.611405082744e-03 
 1.928000000000e-10 -9.270153200918e-03 
 2.028000000000e-10 -2.043387748653e-02 
 2.128000000000e-10 -2.955818018440e-02 
 2.228000000000e-10 -3.551932029572e-02 
 2.328000000000e-10 -3.752959599556e-02 
 2.428000000000e-10 -3.524224219144e-02 
 2.528000000000e-10 -2.880146956635e-02 
 2.628000000000e-10 -1.883795058685e-02 
 2.728000000000e-10 -6.403465514718e-03 
 2.828000000000e-10  7.134850444223e-03 
 2.928000000000e-10  2.024321164559e-02 
 3.028000000000e-10  3.138974602471e-02 
 3.128000000000e-10  3.922457954884e-02 
 3.228000000000e-10  4.274212671492e-02 
 3.328000000000e-10  4.141098317523e-02 
 3.428000000000e-10  3.524669266064e-02 
 3.528000000000e-10  2.482077765665e-02 
 3.628000000000e-10  1.121041141329e-02 
 3.728000000000e-10 -4.104666530533e-03 
 3.828000000000e-10 -1.940162159370e-02 
 3.928000000000e-10 -3.290144201311e-02 
 4.028000000000e-10 -4.297761747098e-02 
 4.128000000000e-10 -4.835491502966e-02 
 4.228000000000e-10 -4.827440891858e-02 
 4.328000000000e-10 -4.259430835076e-02 
 4.428000000000e-10 -3.181862916864e-02 
 4.528000000000e-10 -1.704944225340e-02 
 4.628000000000e-10  1.229484973230e-04 
 4.728000000000e-10  1.778518638388e-02 
 4.828000000000e-10  3.390525397741e-02 
 4.928000000000e-10  4.656464680164e-02 
 5.028000000000e-10  5.418902880894e-02 
 5.128000000000e-10  5.574859555458e-02 
 5.228000000000e-10  5.089394110379e-02 
 5.328000000000e-10  4.000817952122e-02 
 5.428000000000e-10  2.417585889452e-02 
 5.528000000000e-10  5.079680965789e-03 
 5.628000000000e-10 -1.517160997434e-02 
 5.728000000000e-10 -3.426345109849e-02 
 5.828000000000e-10 -4.993646890638e-02 
 5.928000000000e-10 -6.025924690249e-02 
 6.028000000000e-10 -6.387678217535e-02 
 6.128000000000e-10 -6.018649619895e-02 
 6.228000000000e-10 -4.942296839684e-02 
 6.328000000000e-10 -3.263923628693e-02 
 6.428000000000e-10 -1.159909435994e-02 
 6.528000000000e-10  1.139811394583e-02 
 6.628000000000e-10  3.375160451787e-02 
 6.728000000000e-10  5.284316144983e-02 
 6.828000000000e-10  6.634746389096e-02 
 6.928000000000e-10  7.252874521954e-02 
 7.028000000000e-10  7.046959759426e-02 
 7.128000000000e-10  6.019345117917e-02 
 7.228000000000e-10  4.266846074722e-02 
 7.328000000000e-10  1.970955162027e-02 
 7.428000000000e-10 -6.201009939649e-03 
 7.528000000000e-10 -3.215838295165e-02 
 7.628000000000e-10 -5.514314424202e-02 
 7.728000000000e-10 -7.237529624870e-02 
 7.828000000000e-10 -8.167123484002e-02 
 7.928000000000e-10 -8.173584833361e-02 
 8.028000000000e-10 -7.233344855181e-02 
 8.128000000000e-10 -5.431546806218e-02 
 8.228000000000e-10 -2.952518923330e-02 
 8.328000000000e-10 -6.127139525643e-04 
 8.428000000000e-10  2.921810716110e-02 
 8.528000000000e-10  5.653340957421e-02 
 8.628000000000e-10  7.805948550163e-02 
 8.728000000000e-10  9.110055423478e-02 
 8.828000000000e-10  9.390482200035e-02 
 8.928000000000e-10  8.589878085420e-02 
 9.028000000000e-10  6.775259921015e-02 
 9.128000000000e-10  4.129482841878e-02 
 9.228000000000e-10  9.321825487225e-03 
 9.328000000000e-10 -2.466251189890e-02 
 9.428000000000e-10 -5.678241544739e-02 
 9.528000000000e-10 -8.321505447988e-02 
 9.628000000000e-10 -1.006762676234e-01 
 9.728000000000e-10 -1.068756425343e-01 
 9.828000000000e-10 -1.008316035338e-01 
 9.928000000000e-10 -8.298180409795e-02 
 1.002800000000e-09 -5.510405662668e-02 
 1.012800000000e-09 -2.011399370775e-02 
 1.022800000000e-09  1.820376813333e-02 
 1.032800000000e-09  5.553374125503e-02 
 1.042800000000e-09  8.747433416896e-02 
 1.052800000000e-09  1.100856642909e-01 
 1.062800000000e-09  1.204446308708e-01 
 1.072800000000e-09  1.170626826999e-01 
 1.082800000000e-09  1.000629694894e-01 
 1.092800000000e-09  7.111718686740e-02 
 1.102800000000e-09  3.322667754950e-02 
 1.112800000000e-09 -9.561190259558e-03 
 1.122800000000e-09 -5.248923989978e-02 
 1.132800000000e-09 -9.054273201361e-02 
 1.142800000000e-09 -1.190541462745e-01 
 1.152800000000e-09 -1.343711390099e-01 
 1.162800000000e-09 -1.344017411885e-01 
 1.172800000000e-09 -1.188788013543e-01 
 1.182800000000e-09 -8.931774412492e-02 
 1.192800000000e-09 -4.877047657141e-02 
 1.202800000000e-09 -1.513987505466e-03 
 1.212800000000e-09  4.728024930532e-02 
 1.222800000000e-09  9.198285008636e-02 
 1.232800000000e-09  1.271466702265e-01 
 1.242800000000e-09  1.482900612832e-01 
 1.252800000000e-09  1.525970969937e-01 
 1.262800000000e-09  1.393045243021e-01 
 1.272800000000e-09  1.097010491695e-01 
 1.282800000000e-09  6.684888254754e-02 
 1.292800000000e-09  1.522441087679e-02 
 1.302800000000e-09 -3.961493132850e-02 
 1.312800000000e-09 -9.143219185495e-02 
 1.322800000000e-09 -1.339589360598e-01 
 1.332800000000e-09 -1.617905370323e-01 
 1.342800000000e-09 -1.712688684237e-01 
 1.352800000000e-09 -1.610283651942e-01 
 1.362800000000e-09 -1.320597611508e-01 
 1.372800000000e-09 -8.739537940624e-02 
 1.382800000000e-09 -3.167507175269e-02 
 1.392800000000e-09  2.920817980324e-02 
 1.402800000000e-09  8.845462583220e-02 
 1.412800000000e-09  1.389690816617e-01 
 1.422800000000e-09  1.743452906294e-01 
 1.432800000000e-09  1.899522711217e-01 
 1.442800000000e-09  1.836872963710e-01 
 1.452800000000e-09  1.561458910846e-01 
 1.462800000000e-09  1.102822140878e-01 
 1.472800000000e-09  5.087228865160e-02 
 1.482800000000e-09 -1.590022038761e-02 
 1.492800000000e-09 -8.273154626774e-02 
 1.502800000000e-09 -1.417224734326e-01 
 1.512800000000e-09 -1.854118084177e-01 
 1.522800000000e-09 -2.080781867189e-01 
 1.532800000000e-09 -2.067466804666e-01 
 1.542800000000e-09 -1.815117369367e-01 
 1.552800000000e-09 -1.351925479558e-01 
 1.562800000000e-09 -7.267360188105e-02 
 1.572800000000e-09 -3.804535131460e-04 
 1.582800000000e-09  7.396612924819e-02 
 1.592800000000e-09  1.417328634806e-01 
 1.602800000000e-09  1.943906139717e-01 
 1.612800000000e-09  2.250217353159e-01 
 1.622800000000e-09  2.296270717998e-01 
 1.632800000000e-09  2.076634444283e-01 
 1.642800000000e-09  1.617367154172e-01 
 1.652800000000e-09  9.681697191701e-02 
 1.662800000000e-09  1.954202614819e-02 
 1.672800000000e-09 -6.203620539178e-02 
 1.682800000000e-09 -1.386536795660e-01 
 1.692800000000e-09 -2.007466794606e-01 
 1.702800000000e-09 -2.401306891139e-01 
 1.712800000000e-09 -2.516433811221e-01 
 1.722800000000e-09 -2.339604395829e-01 
 1.732800000000e-09 -1.893736419480e-01 
 1.742800000000e-09 -1.229006823973e-01 
 1.752800000000e-09 -4.137142492568e-02 
 1.762800000000e-09  4.691582042040e-02 
 1.772800000000e-09  1.322053932522e-01 
 1.782800000000e-09  2.039879258155e-01 
 1.792800000000e-09  2.527820602327e-01 
 1.802800000000e-09  2.721301347286e-01 
 1.812800000000e-09  2.597635613947e-01 
 1.822800000000e-09  2.175318698375e-01 
 1.832800000000e-09  1.504428634452e-01 
 1.842800000000e-09  6.551358334501e-02 
 1.852800000000e-09 -2.876734547044e-02 
 1.862800000000e-09 -1.223006007080e-01 
 1.872800000000e-09 -2.037719751174e-01 
 1.882800000000e-09 -2.624294685697e-01 
 1.892800000000e-09 -2.904218961447e-01 
 1.902800000000e-09 -2.843800549342e-01 
 1.912800000000e-09 -2.455660912491e-01 
 1.922800000000e-09 -1.788862055587e-01 
 1.932800000000e-09 -9.153048902174e-02 
 1.942800000000e-09  7.853340084626e-03 
 1.952800000000e-09  1.089665069422e-01 
 1.962800000000e-09  1.998750191163e-01 
 1.972800000000e-09  2.686407288294e-01 
 1.982800000000e-09  3.059553108081e-01 
 1.992800000000e-09  3.071920515728e-01 
 2.002800000000e-09  2.728663255156e-01 
 2.012800000000e-09  2.076627808098e-01 
 2.022800000000e-09  1.189146058613e-01 
 2.032800000000e-09  1.542884930698e-02 
 2.042800000000e-09 -9.240883294786e-02 
 2.052800000000e-09 -1.922530332462e-01 
 2.062800000000e-09 -2.711252495924e-01 
 2.072800000000e-09 -3.182535067746e-01 
 2.082800000000e-09 -3.276207872104e-01 
 2.092800000000e-09 -2.988319205099e-01 
 2.102800000000e-09 -2.362050461541e-01 
 2.112800000000e-09 -1.471485306102e-01 
 2.122800000000e-09 -4.063966249180e-02 
 2.132800000000e-09  7.292171016883e-02 
 2.142800000000e-09  1.809899730713e-01 
 2.152800000000e-09  2.697403499551e-01 
 2.162800000000e-09  3.269877507403e-01 
 2.172800000000e-09  3.452190468866e-01 
 2.182800000000e-09  3.229574032280e-01 
 2.192800000000e-09  2.639986957508e-01 
 2.202800000000e-09  1.757232889347e-01 
 2.212800000000e-09  6.729125795235e-02 
 2.222800000000e-09 -5.090790419412e-02 
 2.232800000000e-09 -1.663151924291e-01 
 2.242800000000e-09 -2.644952243404e-01 
 2.252800000000e-09 -3.319602421809e-01 
 2.262800000000e-09 -3.596364603584e-01 
 2.272800000000e-09 -3.448085451698e-01 
 2.282800000000e-09 -2.905845649286e-01 
 2.292800000000e-09 -2.041772492533e-01 
 2.302800000000e-09 -9.491855421385e-02 
 2.312800000000e-09  2.679802599654e-02 
 2.322800000000e-09  1.485450521755e-01 
 2.332800000000e-09  2.555271762715e-01 
 2.342800000000e-09  3.331180206964e-01 
 2.352800000000e-09  3.706653993612e-01 
 2.362800000000e-09  3.640694398261e-01 
 2.372800000000e-09  3.155845987386e-01 
 2.382800000000e-09  2.321010619339e-01 
 2.392800000000e-09  1.230753264162e-01 
 2.402800000000e-09 -1.051002190220e-03 
 2.412800000000e-09 -1.280715009069e-01 
 2.422800000000e-09 -2.430774101233e-01 
 2.432800000000e-09 -3.305141123236e-01 
 2.442800000000e-09 -3.781907706434e-01 
 2.452800000000e-09 -3.805017797587e-01 
 2.462800000000e-09 -3.386865311698e-01 
 2.472800000000e-09 -2.591502768166e-01 
 2.482800000000e-09 -1.513763759820e-01 
 2.492800000000e-09 -2.590760227460e-02 
 2.502800000000e-09  1.053026560732e-01 
 2.512800000000e-09  2.274541638101e-01 
 2.522800000000e-09  3.242986501358e-01 
 2.532800000000e-09  3.822021045091e-01 
 2.542800000000e-09  3.939639387220e-01 
 2.552800000000e-09  3.596531910969e-01 
 2.562800000000e-09  2.850332109705e-01 
 2.572800000000e-09  1.794789567030e-01 
 2.582800000000e-09  5.367573774103e-02 
 2.592800000000e-09 -8.065555004043e-02 
 2.602800000000e-09 -2.090025431911e-01 
 2.612800000000e-09 -3.146815332943e-01 
 2.622800000000e-09 -3.827585360355e-01 
 2.632800000000e-09 -4.043783537799e-01 
 2.642800000000e-09 -3.783065608587e-01 
 2.652800000000e-09 -3.095090997717e-01 
 2.662800000000e-09 -2.070973129266e-01 
 2.672800000000e-09 -8.190065280038e-02 
 2.682800000000e-09  5.452905603723e-02 
 2.692800000000e-09  1.880918509046e-01 
 2.702800000000e-09  3.019231405149e-01 
 2.712800000000e-09  3.799765943490e-01 
 2.722800000000e-09  4.117303203345e-01 
 2.732800000000e-09  3.945210961437e-01 
 2.742800000000e-09  3.323738513748e-01 
 2.752800000000e-09  2.339816939881e-01 
 2.762800000000e-09  1.102684458788e-01 
 2.772800000000e-09 -2.729552923477e-02 
 2.782800000000e-09 -1.650868259888e-01 
 2.792800000000e-09 -2.863016024423e-01 
 2.802800000000e-09 -3.740016438690e-01 
 2.812800000000e-09 -4.160392300658e-01 
 2.822800000000e-09 -4.082090565138e-01 
 2.832800000000e-09 -3.534630756284e-01 
 2.842800000000e-09 -2.599272992759e-01 
 2.852800000000e-09 -1.385184298010e-01 
 2.862800000000e-09 -7.165492785514e-04 
 2.872800000000e-09  1.403357937526e-01 
 2.882800000000e-09  2.681107786452e-01 
 2.892800000000e-09  3.650113266181e-01 
 2.902800000000e-09  4.173603766019e-01 
 2.912800000000e-09  4.193182808141e-01 
 2.922800000000e-09  3.726439688205e-01 
 2.932800000000e-09  2.847555861235e-01 
 2.942800000000e-09  1.664242427757e-01 
 2.952800000000e-09  2.921396961028e-02 
 2.962800000000e-09 -1.141660743675e-01 
 2.972800000000e-09 -2.476386406924e-01 
 2.982800000000e-09 -3.531992544528e-01 
 2.992800000000e-09 -4.157808770284e-01 
 3.002800000000e-09 -4.278347981896e-01 
 3.012800000000e-09 -3.898152586364e-01 
 3.022800000000e-09 -3.083037380560e-01 
 3.032800000000e-09 -1.937849079305e-01 
 3.042800000000e-09 -5.793211469559e-02 
 3.052800000000e-09  8.689085524925e-02 
 3.062800000000e-09  2.251827512746e-01 
 3.072800000000e-09  3.387757276389e-01 
 3.082800000000e-09  4.113961001063e-01 
 3.092800000000e-09  4.337501048855e-01 
 3.102800000000e-09  4.048883992614e-01 
 3.112800000000e-09  3.304312386196e-01 
 3.122800000000e-09  2.204295476155e-01 
 3.132800000000e-09  8.664378642350e-02 
 3.142800000000e-09 -5.879397216205e-02 
 3.152800000000e-09 -2.010256035268e-01 
 3.162800000000e-09 -3.219538708961e-01 
 3.172800000000e-09 -4.043136536935e-01 
 3.182800000000e-09 -4.370793786635e-01 
 3.192800000000e-09 -4.177963130795e-01 
 3.202800000000e-09 -3.510121031786e-01 
 3.212800000000e-09 -2.462083857808e-01 
 3.222800000000e-09 -1.151555621844e-01 
 3.232800000000e-09  3.012697290947e-02 
 3.242800000000e-09  1.754327938079e-01 
 3.252800000000e-09  3.029488889720e-01 
 3.262800000000e-09  3.946520521868e-01 
 3.272800000000e-09  4.378517210824e-01 
 3.282800000000e-09  4.284886407133e-01 
 3.292800000000e-09  3.699385294933e-01 
 3.302800000000e-09  2.709873827819e-01 
 3.312800000000e-09  1.432995052660e-01 
 3.322800000000e-09 -1.113975105751e-03 
 3.332800000000e-09 -1.486535976270e-01 
 3.342800000000e-09 -2.819763721720e-01 
 3.352800000000e-09 -3.825361143081e-01 
 3.362800000000e-09 -4.361014218252e-01 
 3.372800000000e-09 -4.369247066033e-01 
 3.382800000000e-09 -3.871157785387e-01 
 3.392800000000e-09 -2.946445946038e-01 
 3.402800000000e-09 -1.709302526725e-01 
 3.412800000000e-09 -2.804883055568e-02 
 3.422800000000e-09  1.209193371900e-01 
 3.432800000000e-09  2.592456351385e-01 
 3.442800000000e-09  3.681069375535e-01 
 3.452800000000e-09  4.318914519208e-01 
 3.462800000000e-09  4.430926828910e-01 
 3.472800000000e-09  4.024658581214e-01 
 3.482800000000e-09  3.170555224631e-01 
 3.492800000000e-09  1.979054552535e-01 
 3.502800000000e-09  5.717353709705e-02 
 3.512800000000e-09 -9.246059648242e-02 
 3.522800000000e-09 -2.349797512528e-01 
 3.532800000000e-09 -3.515168209675e-01 
 3.542800000000e-09 -4.252799354440e-01 
 3.552800000000e-09 -4.469717913853e-01 
 3.562800000000e-09 -4.159106252470e-01 
 3.572800000000e-09 -3.381099950923e-01 
 3.582800000000e-09 -2.241042673190e-01 
 3.592800000000e-09 -8.610089356807e-02 
 3.602800000000e-09  6.348624422527e-02 
 3.612800000000e-09  2.093916373571e-01 
 3.622800000000e-09  3.329238992890e-01 
 3.632800000000e-09  4.163364909717e-01 
 3.642800000000e-09  4.485601475996e-01 
 3.652800000000e-09  4.273855027409e-01 
 3.662800000000e-09  3.577016998542e-01 
 3.672800000000e-09  2.494117086692e-01 
 3.682800000000e-09  1.146899727770e-01 
 3.692800000000e-09 -3.418416280671e-02 
 3.702800000000e-09 -1.826817950595e-01 
 3.712800000000e-09 -3.124864700565e-01 
 3.722800000000e-09 -4.051355417836e-01 
 3.732800000000e-09 -4.478623774344e-01 
 3.742800000000e-09 -4.368363548364e-01 
 3.752800000000e-09 -3.757374785132e-01 
 3.762800000000e-09 -2.737224820649e-01 
 3.772800000000e-09 -1.428173890157e-01 
 3.782800000000e-09  4.722933240321e-03 
 3.792800000000e-09  1.550413683102e-01 
 3.802800000000e-09  2.903685507888e-01 
 3.812800000000e-09  3.917607099191e-01 
 3.822800000000e-09  4.448867790207e-01 
 3.832800000000e-09  4.442127468076e-01 
 3.842800000000e-09  3.921277980793e-01 
 3.852800000000e-09  2.969326848109e-01 
 3.862800000000e-09  1.703707560306e-01 
 3.872800000000e-09  2.474698128170e-02 
 3.882800000000e-09 -1.266495909774e-01 
 3.892800000000e-09 -2.667296737254e-01 
 3.902800000000e-09 -3.763120217501e-01 
 3.912800000000e-09 -4.396690702014e-01 
 3.922800000000e-09 -4.494912643760e-01 
 3.932800000000e-09 -4.067981650452e-01 
 3.942800000000e-09 -3.189336573175e-01 
 3.952800000000e-09 -1.972352844798e-01 
 3.962800000000e-09 -5.407546613137e-02 
 3.972800000000e-09  9.769424602522e-02 
 3.982800000000e-09  2.417523653218e-01 
 3.992800000000e-09  3.589081858044e-01 
 4.002800000000e-09  4.322436084136e-01 
 4.012800000000e-09  4.526384803965e-01 
 4.022800000000e-09  4.196686161565e-01 
 4.032800000000e-09  3.396241136000e-01 
 4.042800000000e-09  2.233093500586e-01 
 4.052800000000e-09  8.313247064945e-02 
 4.062800000000e-09 -6.834859367563e-02 
 4.072800000000e-09 -2.156130310402e-01 
 4.082800000000e-09 -3.396750516912e-01 
 4.092800000000e-09 -4.226552386078e-01 
 4.102800000000e-09 -4.536384079092e-01 
 4.112800000000e-09 -4.306715969263e-01 
 4.122800000000e-09 -3.589048259958e-01 
 4.132800000000e-09 -2.484932841493e-01 
 4.142800000000e-09 -1.118004425810e-01 
 4.152800000000e-09  3.877166367640e-02 
 4.162800000000e-09  1.884816473764e-01 
 4.172800000000e-09  3.187429107918e-01 
 4.182800000000e-09  4.109552184121e-01 
 4.192800000000e-09  4.524806940163e-01 
 4.202800000000e-09  4.397469756567e-01 
 4.212800000000e-09  3.766854692051e-01 
 4.222800000000e-09  2.726924101991e-01 
 4.232800000000e-09  1.399742947694e-01 
 4.242800000000e-09 -9.107615861372e-03 
 4.252800000000e-09 -1.605215072400e-01 
 4.262800000000e-09 -2.962473178547e-01 
 4.272800000000e-09 -3.972065628113e-01 
 4.282800000000e-09 -4.491655824875e-01 
 4.292800000000e-09 -4.468423861362e-01 
 4.302800000000e-09 -3.928809702511e-01 
 4.312800000000e-09 -2.958122945528e-01 
 4.322800000000e-09 -1.675554090221e-01 
 4.332800000000e-09 -2.051025664537e-02 
 4.342800000000e-09  1.318928449497e-01 
 4.352800000000e-09  2.723339131276e-01 
 4.362800000000e-09  3.814854941737e-01 
 4.372800000000e-09  4.436962629173e-01 
 4.382800000000e-09  4.519152518779e-01 
 4.392800000000e-09  4.074091156520e-01 
 4.402800000000e-09  3.177481350872e-01 
 4.412800000000e-09  1.944431389864e-01 
 4.422800000000e-09  4.995527123437e-02 
 4.432800000000e-09 -1.027525549425e-01 
 4.442800000000e-09 -2.471476829694e-01 
 4.452800000000e-09 -3.638878812816e-01 
 4.462800000000e-09 -4.361052064209e-01 
 4.472800000000e-09 -4.549310743606e-01 
 4.482800000000e-09 -4.201924716136e-01 
 4.492800000000e-09 -3.384038272679e-01 
 4.502800000000e-09 -2.205431235571e-01 
 4.512800000000e-09 -7.910608622388e-02 
 4.522800000000e-09  7.326412006699e-02 
 4.532800000000e-09  2.208567814150e-01 
 4.542800000000e-09  3.445283701761e-01 
 4.552800000000e-09  4.264238794792e-01 
 4.562800000000e-09  4.558659766564e-01 
 4.572800000000e-09  4.311604128862e-01 
 4.582800000000e-09  3.576819301817e-01 
 4.592800000000e-09  2.457617102296e-01 
 4.602800000000e-09  1.078544410381e-01 
 4.612800000000e-09 -4.357456020437e-02 
 4.622800000000e-09 -1.936174356055e-01 
 4.632800000000e-09 -3.235235794398e-01 
 4.642800000000e-09 -4.146918547646e-01 
 4.652800000000e-09 -4.547018680626e-01 
 4.662800000000e-09 -4.402493581781e-01 
 4.672800000000e-09 -3.754929324841e-01 
 4.682800000000e-09 -2.700090441024e-01 
 4.692800000000e-09 -1.361027163489e-01 
 4.702800000000e-09  1.381833032632e-02 
 4.712800000000e-09  1.655811072713e-01 
 4.722800000000e-09  3.009963994846e-01 
 4.732800000000e-09  4.009601743872e-01 
 4.742800000000e-09  4.514305319912e-01 
 4.752800000000e-09  4.474041926861e-01 
 4.762800000000e-09  3.917523005052e-01 
 4.772800000000e-09  2.931930840594e-01 
 4.782800000000e-09  1.637574986571e-01 
 4.792800000000e-09  1.587866895459e-02 
 4.802800000000e-09 -1.368980456749e-01 
 4.812800000000e-09 -2.770812002349e-01 
 4.822800000000e-09 -3.852939255749e-01 
 4.832800000000e-09 -4.460471649485e-01 
 4.842800000000e-09 -4.525722897970e-01 
 4.852800000000e-09 -4.063741304003e-01 
 4.862800000000e-09 -3.152155462426e-01 
 4.872800000000e-09 -1.907260549582e-01 
 4.882800000000e-09 -4.539933007717e-02 
 4.892800000000e-09  1.077137626946e-01 
 4.902800000000e-09  2.519112875543e-01 
 4.912800000000e-09  3.677784365449e-01 
 4.922800000000e-09  4.385773537396e-01 
 4.932800000000e-09  4.557212567652e-01 
 4.942800000000e-09  4.192839741519e-01 
 4.952800000000e-09  3.359797469042e-01 
 4.962800000000e-09  2.169162668709e-01 
 4.972800000000e-09  7.462576214046e-02 
 4.982800000000e-09 -7.818621136410e-02 
 4.992800000000e-09 -2.256477190402e-01 
 5.002800000000e-09 -3.485205901349e-01 
 5.012800000000e-09 -4.290462801989e-01 
 5.022800000000e-09 -4.568207488862e-01 
 5.032800000000e-09 -4.304075922562e-01 
 5.042800000000e-09 -3.553888913999e-01 
 5.052800000000e-09 -2.422368594474e-01 
 5.062800000000e-09 -1.034527602372e-01 
 5.072800000000e-09  4.845829053534e-02 
 5.082800000000e-09  1.984411669720e-01 
 5.092800000000e-09  3.276305366715e-01 
 5.102800000000e-09  4.174876259246e-01 
 5.112800000000e-09  4.558484093065e-01 
 5.122800000000e-09  4.396789914384e-01 
 5.132800000000e-09  3.733531620091e-01 
 5.142800000000e-09  2.666000508913e-01 
 5.152800000000e-09  1.317853565090e-01 
 5.162800000000e-09 -1.866110916987e-02 
 5.172800000000e-09 -1.704381494137e-01 
 5.182800000000e-09 -3.052248509745e-01 
 5.192800000000e-09 -4.039459137016e-01 
 5.202800000000e-09 -4.527913983100e-01 
 5.212800000000e-09 -4.470404537623e-01 
 5.222800000000e-09 -3.897877041322e-01 
 5.232800000000e-09 -2.899159754964e-01 
 5.242800000000e-09 -1.595328765066e-01 
 5.252800000000e-09 -1.108264799711e-02 
 5.262800000000e-09  1.417839994905e-01 
 5.272800000000e-09  2.814315297999e-01 
 5.282800000000e-09  3.884793858669e-01 
 5.292800000000e-09  4.476402793825e-01 
 5.302800000000e-09  4.524366646130e-01 
 5.312800000000e-09  4.046062082945e-01 
 5.322800000000e-09  3.120881658250e-01 
 5.332800000000e-09  1.866053870835e-01 
 5.342800000000e-09  4.065818093838e-02 
 5.352800000000e-09 -1.126210438150e-01 
 5.362800000000e-09 -2.563795476983e-01 
 5.372800000000e-09 -3.711680322861e-01 
 5.382800000000e-09 -4.404166339275e-01 
 5.392800000000e-09 -4.558325149962e-01 
 5.402800000000e-09 -4.177329306292e-01 
 5.412800000000e-09 -3.330199953754e-01 
 5.422800000000e-09 -2.129101420960e-01 
 5.432800000000e-09 -6.994918315301e-02 
 5.442800000000e-09  8.310235843335e-02 
 5.452800000000e-09  2.302236363540e-01 
 5.462800000000e-09  3.521125481803e-01 
 5.472800000000e-09  4.311414822738e-01 
 5.482800000000e-09  4.571952178907e-01 
 5.492800000000e-09  4.290931288731e-01 
 5.502800000000e-09  3.526159083102e-01 
 5.512800000000e-09  2.383598139175e-01 
 5.522800000000e-09  9.885189777560e-02 
 5.532800000000e-09 -5.337088443333e-02 
 5.542800000000e-09 -2.031135009889e-01 
 5.552800000000e-09 -3.314202313038e-01 
 5.562800000000e-09 -4.198455478727e-01 
 5.572800000000e-09 -4.564997924359e-01 
 5.582800000000e-09 -4.386186266081e-01 
 5.592800000000e-09 -3.707846897022e-01 
 5.602800000000e-09 -2.628661003426e-01 
 5.612800000000e-09 -1.272710542951e-01 
 5.622800000000e-09  2.355741704232e-02 
 5.632800000000e-09  1.751938560968e-01 
 5.642800000000e-09  3.092043532167e-01 
 5.652800000000e-09  4.065693840728e-01 
 5.662800000000e-09  4.537304344162e-01 
 5.672800000000e-09  4.462497876674e-01 
 5.682800000000e-09  3.874409478904e-01 
 5.692800000000e-09  2.863404247278e-01 
 5.702800000000e-09  1.551169923891e-01 
 5.712800000000e-09  6.216184776124e-03 
 5.722800000000e-09 -1.466077895069e-01 
 5.732800000000e-09 -2.855890007241e-01 
 5.742800000000e-09 -3.913664863639e-01 
 5.752800000000e-09 -4.488746192163e-01 
 5.762800000000e-09 -4.519294677021e-01 
 5.772800000000e-09 -4.024981337297e-01 
 5.782800000000e-09 -3.086876948554e-01 
 5.792800000000e-09 -1.823009789768e-01 
 5.802800000000e-09 -3.583594335215e-02 
 5.812800000000e-09  1.174955223876e-01 
 5.822800000000e-09  2.606997736882e-01 
 5.832800000000e-09  3.743124003682e-01 
 5.842800000000e-09  4.419506779186e-01 
 5.852800000000e-09  4.556204732861e-01 
 5.862800000000e-09  4.158797436539e-01 
 5.872800000000e-09  3.298117478252e-01 
 5.882800000000e-09  2.087309076323e-01 
 5.892800000000e-09  6.518573755886e-02 
 5.902800000000e-09 -8.800888053253e-02 
 5.912800000000e-09 -2.346887933843e-01 
 5.922800000000e-09 -3.555043066550e-01 
 5.932800000000e-09 -4.329772990708e-01 
 5.942800000000e-09 -4.572882244264e-01 
 5.952800000000e-09 -4.275099736444e-01 
 5.962800000000e-09 -3.496166530156e-01 
 5.972800000000e-09 -2.343195972644e-01 
 5.982800000000e-09 -9.416106289863e-02 
 5.992800000000e-09  5.829125146308e-02 
 6.002800000000e-09  2.077049869760e-01 
 6.012800000000e-09  3.350473095087e-01 
 6.022800000000e-09  4.219830738571e-01 
 6.032800000000e-09  4.569058900110e-01 
 6.042800000000e-09  4.373191537739e-01 
 6.052800000000e-09  3.680103132402e-01 
 6.062800000000e-09  2.589789763563e-01 
 6.072800000000e-09  1.226660219451e-01 
 6.082800000000e-09 -2.847431733543e-02 
 6.092800000000e-09 -1.798926837135e-01 
 6.102800000000e-09 -3.130525888428e-01 
 6.112800000000e-09 -4.090057416928e-01 
 6.122800000000e-09 -4.544554795698e-01 
 6.132800000000e-09 -4.452460906271e-01 
 6.142800000000e-09 -3.849067430218e-01 
 6.152800000000e-09 -2.826213600424e-01 
 6.162800000000e-09 -1.506111434581e-01 
 6.172800000000e-09 -1.319741477376e-03 
 6.182800000000e-09  1.513940288847e-01 
 6.192800000000e-09  2.896415215364e-01 
 6.202800000000e-09  3.940950866186e-01 
 6.212800000000e-09  4.499220666694e-01 
 6.222800000000e-09  4.512306115605e-01 
 6.232800000000e-09  4.002189078348e-01 
 6.242800000000e-09  3.051549127161e-01 
 6.252800000000e-09  1.779100552412e-01 
 6.262800000000e-09  3.097849303683e-02 
 6.272800000000e-09 -1.223468926918e-01 
 6.282800000000e-09 -2.649365342558e-01 
 6.292800000000e-09 -3.773228676326e-01 
 6.302800000000e-09 -4.433218383228e-01 
 6.312800000000e-09 -4.552394711120e-01 
 6.322800000000e-09 -4.138718980444e-01 
 6.332800000000e-09 -3.264792784548e-01 
 6.342800000000e-09 -2.044674898858e-01 
 6.352800000000e-09 -6.038242640924e-02 
 6.362800000000e-09  9.290461347851e-02 
 6.372800000000e-09  2.390887254840e-01 
 6.382800000000e-09  3.587829277479e-01 
 6.392800000000e-09  4.346700362830e-01 
 6.402800000000e-09  4.572294363886e-01 
 6.412800000000e-09  4.257850642858e-01 
 6.422800000000e-09  3.465009556984e-01 
 6.432800000000e-09  2.301978672547e-01 
 6.442800000000e-09  8.942735618212e-02 
 6.452800000000e-09 -6.321045402118e-02 
 6.462800000000e-09 -2.122463157245e-01 
 6.472800000000e-09 -3.385789360269e-01 
 6.482800000000e-09 -4.239945556148e-01 
 6.492800000000e-09 -4.571751096179e-01 
 6.502800000000e-09 -4.358893387147e-01 
 6.512800000000e-09 -3.651265989697e-01 
 6.522800000000e-09 -2.550130388813e-01 
 6.532800000000e-09 -1.180162236145e-01 
 6.542800000000e-09  3.339756505378e-02 
 6.552800000000e-09  1.845538448207e-01 
 6.562800000000e-09  3.168205373477e-01 
 6.572800000000e-09  4.113308905174e-01 
 6.582800000000e-09  4.550566589764e-01 
 6.592800000000e-09  4.441221032088e-01 
 6.602800000000e-09  3.822695484797e-01 
 6.612800000000e-09  2.788259737533e-01 
 6.622800000000e-09  1.460593096291e-01 
 6.632800000000e-09 -3.589003531598e-03 
 6.642800000000e-09 -1.561531419375e-01 
 6.652800000000e-09 -2.936269807334e-01 
 6.662800000000e-09 -3.967256571613e-01 
 6.672800000000e-09 -4.508571083757e-01 
 6.682800000000e-09 -4.504217729655e-01 
 6.692800000000e-09 -3.978423553427e-01 
 6.702800000000e-09 -3.015457334855e-01 
 6.712800000000e-09 -1.734705041881e-01 
 6.722800000000e-09 -2.610238747167e-02 
 6.732800000000e-09  1.271812698335e-01 
 6.742800000000e-09  2.691184071141e-01 
 6.752800000000e-09  3.802469410950e-01 
 6.762800000000e-09  4.445898806763e-01 
 6.772800000000e-09  4.547534880621e-01 
 6.782800000000e-09  4.117698669073e-01 
 6.792800000000e-09  3.230728029040e-01 
 6.802800000000e-09  2.001549956582e-01 
 6.812800000000e-09  5.555670906541e-02 
 6.822800000000e-09 -9.779105787379e-02 
 6.832800000000e-09 -2.434441198403e-01 
 6.842800000000e-09 -3.619858948559e-01 
 6.852800000000e-09 -4.362687750623e-01 
 6.862800000000e-09 -4.570727540785e-01 
 6.872800000000e-09 -4.239704909562e-01 
 6.882800000000e-09 -3.433131658620e-01 
 6.892800000000e-09 -2.260268121316e-01 
 6.902800000000e-09 -8.466834043982e-02 
 6.912800000000e-09  6.812674400284e-02 
 6.922800000000e-09  2.167520082643e-01 
 6.932800000000e-09  3.420443619516e-01 
 6.942800000000e-09  4.259200199260e-01 
 6.952800000000e-09  4.573526261321e-01 
 6.962800000000e-09  4.343738532338e-01 
 6.972800000000e-09  3.621725366037e-01 
 6.982800000000e-09  2.509975964746e-01 
 6.992800000000e-09  1.133388651246e-01 
 7.002800000000e-09 -3.832314811730e-02 
 7.012800000000e-09 -1.891870762572e-01 
 7.022800000000e-09 -3.205307695242e-01 
 7.032800000000e-09 -4.135772811854e-01 
 7.042800000000e-09 -4.555716900593e-01 
 7.052800000000e-09 -4.429159817719e-01 
 7.062800000000e-09 -3.795634652391e-01 
 7.072800000000e-09 -2.749807227905e-01 
 7.082800000000e-09 -1.414779611349e-01 
 7.092800000000e-09  8.504567403636e-03 
 7.102800000000e-09  1.608911896025e-01 
 7.112800000000e-09  2.975611961646e-01 
 7.122800000000e-09  3.992874075682e-01 
 7.132800000000e-09  4.517190629987e-01 
 7.142800000000e-09  4.495393588511e-01 
 7.152800000000e-09  3.954014921282e-01 
 7.162800000000e-09  2.978871677740e-01 
 7.172800000000e-09  1.689983784638e-01 
 7.182800000000e-09  2.121215123318e-02 
 7.192800000000e-09 -1.320060831198e-01 
 7.202800000000e-09 -2.732640842432e-01 
 7.212800000000e-09 -3.831123087338e-01 
 7.222800000000e-09 -4.457875564257e-01 
 7.232800000000e-09 -4.541960310552e-01 
 7.242800000000e-09 -4.096038562751e-01 
 7.252800000000e-09 -3.196159803575e-01 
 7.262800000000e-09 -1.958082302934e-01 
 7.272800000000e-09 -5.071367730241e-02 
 7.282800000000e-09  1.026731582510e-01 
 7.292800000000e-09  2.477695360109e-01 
 7.302800000000e-09  3.651357094208e-01 
 7.312800000000e-09  4.378008149467e-01 
 7.322800000000e-09  4.568465939028e-01 
 7.332800000000e-09  4.220923013121e-01 
 7.342800000000e-09  3.400741001132e-01 
 7.352800000000e-09  2.218199243355e-01 
 7.362800000000e-09  7.988931302283e-02 
 7.372800000000e-09 -7.304328160857e-02 
 7.382800000000e-09 -2.212334214058e-01 
 7.392800000000e-09 -3.454619056191e-01 
 7.402800000000e-09 -4.277822403323e-01 
 7.412800000000e-09 -4.574625259521e-01 
 7.422800000000e-09 -4.327950902571e-01 
 7.432800000000e-09 -3.591663248958e-01 
 7.442800000000e-09 -2.469447951191e-01 
 7.452800000000e-09 -1.086391620069e-01 
 7.462800000000e-09  4.325298316553e-02 
 7.472800000000e-09  1.938012384626e-01 
 7.482800000000e-09  3.241981773690e-01 
 7.492800000000e-09  4.157638611218e-01 
 7.502800000000e-09  4.560209459938e-01 
 7.512800000000e-09  4.416469364068e-01 
 7.522800000000e-09  3.768043610969e-01 
 7.532800000000e-09  2.710964771130e-01 
 7.542800000000e-09  1.368720844348e-01 
 7.552800000000e-09 -1.342800725547e-02 
 7.562800000000e-09 -1.656151071598e-01 
 7.572800000000e-09 -3.014589953850e-01 
 7.582800000000e-09 -4.017897866598e-01 
 7.592800000000e-09 -4.525089348394e-01 
 7.602800000000e-09 -4.485906253683e-01 
 7.612800000000e-09 -3.929040366581e-01 
 7.622800000000e-09 -2.941852828941e-01 
 7.632800000000e-09 -1.644995928836e-01 
 7.642800000000e-09 -1.631284419754e-02 
 7.652800000000e-09  1.368173484605e-01 
 7.662800000000e-09  2.773713982566e-01 
 7.672800000000e-09  3.859189807367e-01 
 7.682800000000e-09  4.469171941444e-01 
 7.692800000000e-09  4.535711731377e-01 
 7.702800000000e-09  4.073791885607e-01 
 7.712800000000e-09  3.161145705961e-01 
 7.722800000000e-09  1.914327842835e-01 
 7.732800000000e-09  4.585832021775e-02 
 7.742800000000e-09 -1.075467248862e-01 
 7.752800000000e-09 -2.520622736175e-01 
 7.762800000000e-09 -3.682316013046e-01 
 7.772800000000e-09 -4.392675991962e-01 
 7.782800000000e-09 -4.565541638702e-01 
 7.792800000000e-09 -4.201550600254e-01 
 7.802800000000e-09 -3.367889676818e-01 
 7.812800000000e-09 -2.175824804645e-01 
 7.822800000000e-09 -7.509515807040e-02 
 7.832800000000e-09  7.795574900401e-02 
 7.842800000000e-09  2.256874293467e-01 
 7.852800000000e-09  3.488301355754e-01 
 7.862800000000e-09  4.295818822381e-01 
 7.872800000000e-09  4.575072599517e-01 
 7.882800000000e-09  4.311569396106e-01 
 7.892800000000e-09  3.561126664650e-01 
 7.902800000000e-09  2.428596103372e-01 
 7.912800000000e-09  1.039218635016e-01 
 7.922800000000e-09 -4.818270643521e-02 
 7.932800000000e-09 -1.983928886769e-01 
 7.942800000000e-09 -3.278207653201e-01 
 7.952800000000e-09 -4.178905680453e-01 
 7.962800000000e-09 -4.564061520505e-01 
 7.972800000000e-09 -4.403182029060e-01 
 7.982800000000e-09 -3.739964508536e-01 
 7.992800000000e-09 -2.671779281780e-01 
 8.002800000000e-09 -1.322463073098e-01 
 8.012800000000e-09  1.835492051612e-02 
 8.022800000000e-09  1.703211669690e-01 
 8.032800000000e-09  3.053165129845e-01 
 8.042800000000e-09  4.042352747460e-01 
 8.052800000000e-09  4.532360353953e-01 
 8.062800000000e-09  4.475802774662e-01 
 8.072800000000e-09  3.903556608556e-01 
 8.082800000000e-09  2.904485878574e-01 
 8.092800000000e-09  1.599799779899e-01 
 8.102800000000e-09  1.140803461896e-02 
 8.112800000000e-09 -1.416141801306e-01 
 8.122800000000e-09 -2.814422834102e-01 
 8.132800000000e-09 -3.886717117108e-01 
 8.142800000000e-09 -4.479856253973e-01 
 8.152800000000e-09 -4.528869049363e-01 
 8.162800000000e-09 -4.051039087332e-01 
 8.172800000000e-09 -3.125758089367e-01 
 8.182800000000e-09 -1.870345922169e-01 
 8.192800000000e-09 -4.099389621214e-02 
 8.202800000000e-09  1.124113721530e-01 
 8.212800000000e-09  2.563243507293e-01 
 8.222800000000e-09  3.712777300020e-01 
 8.232800000000e-09  4.406749628989e-01 
 8.242800000000e-09  4.562021418616e-01 
 8.252800000000e-09  4.181653341986e-01 
 8.262800000000e-09  3.334635290740e-01 
 8.272800000000e-09  2.133186887510e-01 
 8.282800000000e-09  7.028839909672e-02 
 8.292800000000e-09 -8.286345529622e-02 
 8.302800000000e-09 -2.301152214073e-01 
 8.312800000000e-09 -3.521522124527e-01 
 8.322800000000e-09 -4.313236499617e-01 
 8.332800000000e-09 -4.574924056096e-01 
 8.342800000000e-09 -4.294650349397e-01 
 8.352800000000e-09 -3.530166412146e-01 
 8.362800000000e-09 -2.387459182039e-01 
 8.372800000000e-09 -9.918944283121e-02 
 8.382800000000e-09  5.311134559338e-02 
 8.392800000000e-09  2.029626039960e-01 
 8.402800000000e-09  3.314008010618e-01 
 8.412800000000e-09  4.199611054831e-01 
 8.422800000000e-09  4.567319292064e-01 
 8.432800000000e-09  4.389346167961e-01 
 8.442800000000e-09  3.711442386746e-01 
 8.452800000000e-09  2.632286659126e-01 
 8.462800000000e-09  1.276030382788e-01 
 8.472800000000e-09 -2.328414622093e-02 
 8.482800000000e-09 -1.750094785562e-01 
 8.492800000000e-09 -3.091352919684e-01 
 8.502800000000e-09 -4.066267172743e-01 
 8.512800000000e-09 -4.539041406231e-01 
 8.522800000000e-09 -4.465141405130e-01 
 8.532800000000e-09 -3.877610514452e-01 
 8.542800000000e-09 -2.866787851312e-01 
 8.552800000000e-09 -1.554404706918e-01 
 8.562800000000e-09 -6.497650414662e-03 
 8.572800000000e-09  1.463974741409e-01 
 8.582800000000e-09  2.854785062451e-01 
 8.592800000000e-09  3.913729813891e-01 
 8.602800000000e-09  4.489957795819e-01 
 8.612800000000e-09  4.521460989836e-01 
 8.622800000000e-09  4.027805138735e-01 
 8.632800000000e-09  3.090014596466e-01 
 8.642800000000e-09  1.826137221559e-01 
 8.652800000000e-09  3.612118390050e-02 
 8.662800000000e-09 -1.172655845050e-01 
 8.672800000000e-09 -2.605549422025e-01 
 8.682800000000e-09 -3.742746246439e-01 
 8.692800000000e-09 -4.420245931249e-01 
 8.702800000000e-09 -4.557929936642e-01 
 8.712800000000e-09 -4.161260933180e-01 
 8.722800000000e-09 -3.301007587307e-01 
 8.732800000000e-09 -2.090312409338e-01 
 8.742800000000e-09 -6.547123678176e-02 
 8.752800000000e-09  8.776462232943e-02 
 8.762800000000e-09  2.345158106992e-01 
 8.772800000000e-09  3.554281251806e-01 
 8.782800000000e-09  4.330087080192e-01 
 8.792800000000e-09  4.574199444521e-01 
 8.802800000000e-09  4.277219471069e-01 
 8.812800000000e-09  3.498809650404e-01 
 8.822800000000e-09  2.346062897417e-01 
 8.832800000000e-09  9.444407379125e-02 
 8.842800000000e-09 -5.803706090817e-02 
 8.852800000000e-09 -2.075091802254e-01 
 8.862800000000e-09 -3.349379248224e-01 
 8.872800000000e-09 -4.219762058834e-01 
 8.882800000000e-09 -4.569998337866e-01 
 8.892800000000e-09 -4.374983584788e-01 
 8.902800000000e-09 -3.682501501493e-01 
 8.912800000000e-09 -2.592511062244e-01 
 8.922800000000e-09 -1.229443955626e-01 
 8.932800000000e-09  2.821380022319e-02 
 8.942800000000e-09  1.796786190634e-01 
 8.952800000000e-09  3.129146073926e-01 
 8.962800000000e-09  4.089643854962e-01 
 8.972800000000e-09  4.545143954553e-01 
 8.982800000000e-09  4.453940519930e-01 
 8.992800000000e-09  3.851224122753e-01 
 9.002800000000e-09  2.828781844363e-01 
 9.012800000000e-09  1.508831597677e-01 
 9.022800000000e-09  1.583605224676e-03 
 9.032800000000e-09 -1.511656463504e-01 
 9.042800000000e-09 -2.894790643571e-01 
 9.052800000000e-09 -3.940226918450e-01 
 9.062800000000e-09 -4.499484482549e-01 
 9.072800000000e-09 -4.513487425865e-01 
 9.082800000000e-09 -4.004107222858e-01 
 9.092800000000e-09 -3.053957799934e-01 
 9.102800000000e-09 -1.781742977577e-01 
 9.112800000000e-09 -3.124322235005e-02 
 9.122800000000e-09  1.221076200381e-01 
 9.132800000000e-09  2.647533069760e-01 
 9.142800000000e-09  3.772226294193e-01 
 9.152800000000e-09  4.433180012432e-01 
 9.162800000000e-09  4.553290991190e-01 
 9.172800000000e-09  4.140401747127e-01 
 9.182800000000e-09  3.267036245358e-01 
 9.192800000000e-09  2.047227804142e-01 
 9.202800000000e-09  6.064595087749e-02 
 9.212800000000e-09 -9.265745204125e-02 
 9.222800000000e-09 -2.388880948538e-01 
 9.232800000000e-09 -3.586578218803e-01 
 9.242800000000e-09 -4.346381035226e-01 
 9.252800000000e-09 -4.572918019112e-01 
 9.262800000000e-09 -4.259301283588e-01 
 9.272800000000e-09 -3.467083196654e-01 
 9.282800000000e-09 -2.304432338977e-01 
 9.292800000000e-09 -8.968798603330e-02 
 9.302800000000e-09  6.295797512300e-02 
 9.312800000000e-09  2.120312816386e-01 
 9.322800000000e-09  3.384317013597e-01 
 9.332800000000e-09  4.239364763308e-01 
 9.342800000000e-09  4.572113752999e-01 
 9.352800000000e-09  4.360115373818e-01 
 9.362800000000e-09  3.653166252637e-01 
 9.372800000000e-09  2.552476545940e-01 
 9.382800000000e-09  1.182725717494e-01 
 9.392800000000e-09 -3.314195108049e-02 
 9.402800000000e-09 -1.843270643483e-01 
 9.412800000000e-09 -3.166536906664e-01 
 9.422800000000e-09 -4.112484756186e-01 
 9.432800000000e-09 -4.550679142903e-01 
 9.442800000000e-09 -4.442217891481e-01 
 9.452800000000e-09 -3.824419445125e-01 
 9.462800000000e-09 -2.790490822062e-01 
 9.472800000000e-09 -1.463101985405e-01 
 9.482800000000e-09  3.332124395036e-03 
 9.492800000000e-09  1.559169964337e-01 
 9.502800000000e-09  2.934428812951e-01 
 9.512800000000e-09  3.966206553832e-01 
 9.522800000000e-09  4.508443909537e-01 
 9.532800000000e-09  4.504992959587e-01 
 9.542800000000e-09  3.979968545442e-01 
 9.552800000000e-09  3.017566020948e-01 
 9.562800000000e-09  1.737148909323e-01 
 9.572800000000e-09  2.635889882520e-02 
 9.582800000000e-09 -1.269379358116e-01 
 9.592800000000e-09 -2.689192981874e-01 
 9.602800000000e-09 -3.801210977078e-01 
 9.612800000000e-09 -4.445542347983e-01 
 9.622800000000e-09 -4.548092053483e-01 
 9.632800000000e-09 -4.119061951143e-01 
 9.642800000000e-09 -3.232706934387e-01 
 9.652800000000e-09 -2.003919200063e-01 
 9.662800000000e-09 -5.581140805464e-02 
 9.672800000000e-09  9.754253900505e-02 
 9.682800000000e-09  2.432321442786e-01 
 9.692800000000e-09  3.618409292565e-01 
 9.702800000000e-09  4.362111903513e-01 
 9.712800000000e-09  4.571070137313e-01 
 9.722800000000e-09  4.240884091145e-01 
 9.732800000000e-09  3.434974048717e-01 
 9.742800000000e-09  2.262554199708e-01 
 9.752800000000e-09  8.491999058684e-02 
 9.762800000000e-09 -6.787483512805e-02 
 9.772800000000e-09 -2.165291682077e-01 
 9.782800000000e-09 -3.418819523847e-01 
 9.792800000000e-09 -4.258414638587e-01 
 9.802800000000e-09 -4.573657910459e-01 
 9.812800000000e-09 -4.344731695324e-01 
 9.822800000000e-09 -3.623425251429e-01 
 9.832800000000e-09 -2.512171109144e-01 
 9.842800000000e-09 -1.135864108392e-01 
 9.852800000000e-09  3.806942061719e-02 
 9.862800000000e-09  1.889552082852e-01 
 9.872800000000e-09  3.203525317146e-01 
 9.882800000000e-09  4.134787110486e-01 
 9.892800000000e-09  4.555641378848e-01 
 9.902800000000e-09  4.429965482564e-01 
 9.912800000000e-09  3.797186582412e-01 
 9.922800000000e-09  2.751903908576e-01 
 9.932800000000e-09  1.417204621190e-01 
 9.942800000000e-09 -8.250414732640e-03 
 9.952800000000e-09 -1.606520023652e-01 
 9.962800000000e-09 -2.973687212096e-01 
 9.972800000000e-09 -3.991698319298e-01 
 9.982800000000e-09 -4.516912117489e-01 
 9.992800000000e-09 -4.496010778819e-01 
 1.000000000000e-08 -4.152261669799e-01 
