% time-domain current integration by openEMS v0.0.35-108-gc651cce @Mon Jan 26 10:15:00 2026
% start-coordinates: (-4.78375e-05,-5.24e-05,0.00015475) m -> [46,27,20]
% stop-coordinates: (-4.78375e-05,-3.33525e-05,0.00015624) m -> [46,63,22]
% t/s	current
4.51346598274e-16	-0
3.57015159235e-13	7.18243997264e-12
7.13578971872e-13	1.66841141597e-11
1.07014278451e-12	1.71175851271e-11
1.42670659714e-12	-6.23647661291e-12
1.78327040978e-12	-8.9129023606e-11
2.13983422242e-12	-2.86172030517e-10
2.49639803505e-12	-6.55440646202e-10
2.85296184769e-12	-1.21415921761e-09
3.20952566033e-12	-1.85741044767e-09
3.56608947296e-12	-2.25742602389e-09
3.9226532856e-12	-1.79731751704e-09
4.27921709824e-12	3.72622405154e-10
4.63578091087e-12	5.07028863339e-09
4.99234472351e-12	1.2593337928e-08
5.34890853615e-12	2.21374829579e-08
5.70547234878e-12	3.14148174141e-08
6.06203616142e-12	3.6823490035e-08
6.41859997406e-12	3.43894974719e-08
6.77516378669e-12	2.13455617626e-08
7.13172759933e-12	-2.23333418425e-09
7.48829141197e-12	-3.25609796903e-08
7.8448552246e-12	-6.26967064932e-08
8.20141903724e-12	-8.45934806648e-08
8.55798284988e-12	-9.19286549106e-08
8.91454666251e-12	-8.25072419275e-08
9.27111047515e-12	-5.91253446203e-08
9.62767428779e-12	-2.84809456019e-08
9.98423810042e-12	1.35271416291e-09
1.03408019131e-11	2.37293225069e-08
1.06973657257e-11	3.53255380503e-08
1.10539295383e-11	3.6507181278e-08
1.1410493351e-11	3.03119520595e-08
1.17670571636e-11	2.07682351316e-08
1.21236209762e-11	1.13624825104e-08
1.24801847889e-11	4.19077839098e-09
1.28367486015e-11	-1.22266002878e-10
1.31933124142e-11	-1.98704963594e-09
1.35498762268e-11	-2.26066654285e-09
1.39064400394e-11	-1.77955283842e-09
1.42630038521e-11	-1.12412457121e-09
1.46195676647e-11	-5.85780701723e-10
1.49761314773e-11	-2.4421253908e-10
1.533269529e-11	-6.93045690281e-11
1.56892591026e-11	-2.08849430805e-13
1.60458229152e-11	1.66108203581e-11
1.64023867279e-11	1.35824216457e-11
1.67589505405e-11	7.83167107554e-12
1.71155143532e-11	7.30603424981e-12
1.74720781658e-11	7.43127955005e-12
1.78286419784e-11	7.63959208394e-12
1.81852057911e-11	7.80281741997e-12
1.85417696037e-11	7.7032295473e-12
1.88983334163e-11	7.75696434169e-12
1.9254897229e-11	7.79125895745e-12
1.96114610416e-11	8.07667127622e-12
1.99680248543e-11	8.04605167215e-12
2.03245886669e-11	8.13665541194e-12
2.06811524795e-11	8.15776265983e-12
2.10377162922e-11	8.20627073239e-12
2.13942801048e-11	8.35250098252e-12
2.17508439174e-11	8.51764839216e-12
2.21074077301e-11	8.52435656784e-12
2.24639715427e-11	8.48569391837e-12
2.28205353553e-11	8.6692328663e-12
2.3177099168e-11	8.71005784858e-12
2.35336629806e-11	8.79264890064e-12
2.38902267933e-11	8.87012512052e-12
2.42467906059e-11	8.80876448173e-12
2.46033544185e-11	8.83735359197e-12
2.49599182312e-11	8.97642377096e-12
