% time-domain current integration by openEMS v0.0.35-108-gc651cce @Mon Jan 26 10:15:00 2026
% start-coordinates: (-7.296e-05,-4.46197e-05,0.00016068) m -> [11,42,30]
% stop-coordinates: (-7.196e-05,-4.11275e-05,0.00016068) m -> [13,48,30]
% t/s	current
4.51346598274e-16	0
3.57015159235e-13	-1.80129054034e-11
7.13578971872e-13	-2.03886438982e-11
1.07014278451e-12	-1.0219459827e-12
1.42670659714e-12	7.3729543304e-11
1.78327040978e-12	2.60666543905e-10
2.13983422242e-12	6.2494204256e-10
2.49639803505e-12	1.19604981474e-09
2.85296184769e-12	1.88819049285e-09
3.20952566033e-12	2.38809638731e-09
3.56608947296e-12	2.07569672561e-09
3.9226532856e-12	5.77042337524e-11
4.27921709824e-12	-4.57603022141e-09
4.63578091087e-12	-1.22467636032e-08
4.99234472351e-12	-2.22509193293e-08
5.34890853615e-12	-3.22951194676e-08
5.70547234878e-12	-3.85951324233e-08
6.06203616142e-12	-3.68238737281e-08
6.41859997406e-12	-2.37940582792e-08
6.77516378669e-12	7.04935498863e-10
7.13172759933e-12	3.28357430135e-08
7.48829141197e-12	6.51910099236e-08
7.8448552246e-12	8.89626434741e-08
8.20141903724e-12	9.70764801878e-08
8.55798284988e-12	8.6944908162e-08
8.91454666251e-12	6.15384294633e-08
9.27111047515e-12	2.82419581055e-08
9.62767428779e-12	-3.96960730953e-09
9.98423810042e-12	-2.77201444021e-08
1.03408019131e-11	-3.94067818377e-08
1.06973657257e-11	-3.96132513458e-08
1.10539295383e-11	-3.19176720609e-08
1.1410493351e-11	-2.09323740563e-08
1.17670571636e-11	-1.05439497133e-08
1.21236209762e-11	-2.97047608733e-09
1.24801847889e-11	1.27169041964e-09
1.28367486015e-11	2.81029532978e-09
1.31933124142e-11	2.70932698498e-09
1.35498762268e-11	1.93408378202e-09
1.39064400394e-11	1.10720377311e-09
1.42630038521e-11	5.02447305983e-10
1.46195676647e-11	1.58666496608e-10
1.49761314773e-11	7.76077726389e-12
1.533269529e-11	-3.49214615558e-11
1.56892591026e-11	-3.26726944111e-11
1.60458229152e-11	-1.90036285319e-11
1.64023867279e-11	-8.07646224205e-12
1.67589505405e-11	-6.80657787078e-12
1.71155143532e-11	-7.82857199205e-12
1.74720781658e-11	-8.35213755795e-12
1.78286419784e-11	-8.63467804202e-12
1.81852057911e-11	-8.44714055648e-12
1.85417696037e-11	-8.27473072701e-12
1.88983334163e-11	-8.4616619267e-12
1.9254897229e-11	-8.67618910744e-12
1.96114610416e-11	-8.71204670905e-12
1.99680248543e-11	-8.76775388403e-12
2.03245886669e-11	-8.80061475084e-12
2.06811524795e-11	-8.87998355403e-12
2.10377162922e-11	-8.9948595447e-12
2.13942801048e-11	-9.14753949671e-12
2.17508439174e-11	-9.23155822619e-12
2.21074077301e-11	-8.97106260805e-12
2.24639715427e-11	-9.15743522678e-12
2.28205353553e-11	-9.22987467705e-12
2.3177099168e-11	-9.33643180129e-12
2.35336629806e-11	-9.34629543897e-12
2.38902267933e-11	-9.41993791997e-12
2.42467906059e-11	-9.43435173734e-12
2.46033544185e-11	-9.57414269392e-12
2.49599182312e-11	-9.67772563476e-12
