 1.628000000000e-10  1.946007843315e-02 
 1.728000000000e-10  8.281764965092e-03 
 1.828000000000e-10 -4.293099283688e-03 
 1.928000000000e-10 -1.675898189472e-02 
 2.028000000000e-10 -2.756217854780e-02 
 2.128000000000e-10 -3.529362751743e-02 
 2.228000000000e-10 -3.888571972229e-02 
 2.328000000000e-10 -3.776390402187e-02 
 2.428000000000e-10 -3.193806230187e-02 
 2.528000000000e-10 -2.200437053009e-02 
 2.628000000000e-10 -9.077897692471e-03 
 2.728000000000e-10  5.340349655547e-03 
 2.828000000000e-10  1.953037223238e-02 
 2.928000000000e-10  3.175263980907e-02 
 3.028000000000e-10  4.045135297271e-02 
 3.128000000000e-10  4.445234955510e-02 
 3.228000000000e-10  4.311777665648e-02 
 3.328000000000e-10  3.644293595046e-02 
 3.428000000000e-10  2.507382868271e-02 
 3.528000000000e-10  1.025274347117e-02 
 3.628000000000e-10 -6.313862257258e-03 
 3.728000000000e-10 -2.263876991266e-02 
 3.828000000000e-10 -3.668765932966e-02 
 3.928000000000e-10 -4.663301207386e-02 
 4.028000000000e-10 -5.110486770045e-02 
 4.128000000000e-10 -4.938624113330e-02 
 4.228000000000e-10 -4.152259179187e-02 
 4.328000000000e-10 -2.832039038481e-02 
 4.428000000000e-10 -1.125395433492e-02 
 4.528000000000e-10  7.702620679452e-03 
 4.628000000000e-10  2.629022607107e-02 
 4.728000000000e-10  4.222044020817e-02 
 4.828000000000e-10  5.344851991728e-02 
 4.928000000000e-10  5.844079162612e-02 
 5.028000000000e-10  5.638784897717e-02 
 5.128000000000e-10  4.733041294211e-02 
 5.228000000000e-10  3.217067221728e-02 
 5.328000000000e-10  1.258047450883e-02 
 5.428000000000e-10 -9.178669763426e-03 
 5.528000000000e-10 -3.049850672322e-02 
 5.628000000000e-10 -4.872287357029e-02 
 5.728000000000e-10 -6.147860478243e-02 
 5.828000000000e-10 -6.700335408821e-02 
 5.928000000000e-10 -6.440358789003e-02 
 6.028000000000e-10 -5.378950103076e-02 
 6.128000000000e-10 -3.626096009183e-02 
 6.228000000000e-10 -1.377324429179e-02 
 6.328000000000e-10  1.108050388004e-02 
 6.428000000000e-10  3.534119705533e-02 
 6.528000000000e-10  5.600908491445e-02 
 6.628000000000e-10  7.040704537235e-02 
 6.728000000000e-10  7.654516941112e-02 
 6.828000000000e-10  7.341434063895e-02 
 6.928000000000e-10  6.114456113811e-02 
 7.028000000000e-10  4.099516192636e-02 
 7.128000000000e-10  1.520505447507e-02 
 7.228000000000e-10 -1.325149639550e-02 
 7.328000000000e-10 -4.097212645561e-02 
 7.428000000000e-10 -6.450017516859e-02 
 7.528000000000e-10 -8.075540094310e-02 
 7.628000000000e-10 -8.747350884586e-02 
 7.728000000000e-10 -8.355519058924e-02 
 7.828000000000e-10 -6.923196404285e-02 
 7.928000000000e-10 -4.601794732247e-02 
 8.028000000000e-10 -1.650643565230e-02 
 8.128000000000e-10  1.591337341170e-02 
 8.228000000000e-10  4.738924290966e-02 
 8.328000000000e-10  7.401054599239e-02 
 8.428000000000e-10  9.228913846764e-02 
 8.528000000000e-10  9.966305419746e-02 
 8.628000000000e-10  9.490460312261e-02 
 8.728000000000e-10  7.831369277738e-02 
 8.828000000000e-10  5.165354495471e-02 
 8.928000000000e-10  1.790440564721e-02 
 9.028000000000e-10 -1.906005724136e-02 
 9.128000000000e-10 -5.483937848902e-02 
 9.228000000000e-10 -8.495934520738e-02 
 9.328000000000e-10 -1.054340775195e-01 
 9.428000000000e-10 -1.133707864289e-01 
 9.528000000000e-10 -1.074545962472e-01 
 9.628000000000e-10 -8.814588989121e-02 
 9.728000000000e-10 -5.755011724179e-02 
 9.828000000000e-10 -1.909434949046e-02 
 9.928000000000e-10  2.283591730168e-02 
 1.002800000000e-09  6.327764011297e-02 
 1.012800000000e-09  9.717478691816e-02 
 1.022800000000e-09  1.200136890718e-01 
 1.032800000000e-09  1.285314014089e-01 
 1.042800000000e-09  1.212940162180e-01 
 1.052800000000e-09  9.892013475824e-02 
 1.062800000000e-09  6.389074626413e-02 
 1.072800000000e-09  2.013828581028e-02 
 1.082800000000e-09 -2.736366079155e-02 
 1.092800000000e-09 -7.299586003453e-02 
 1.102800000000e-09 -1.110184481033e-01 
 1.112800000000e-09 -1.363085876929e-01 
 1.122800000000e-09 -1.452134720690e-01 
 1.132800000000e-09 -1.362426771634e-01 
 1.142800000000e-09 -1.102848029455e-01 
 1.152800000000e-09 -7.029331396237e-02 
 1.162800000000e-09 -2.075544903923e-02 
 1.172800000000e-09  3.274839533252e-02 
 1.182800000000e-09  8.392412718673e-02 
 1.192800000000e-09  1.263146650543e-01 
 1.202800000000e-09  1.541415148557e-01 
 1.212800000000e-09  1.633184042454e-01 
 1.222800000000e-09  1.522904678349e-01 
 1.232800000000e-09  1.222630544989e-01 
 1.242800000000e-09  7.673803722151e-02 
 1.252800000000e-09  2.082798584312e-02 
 1.262800000000e-09 -3.921523832096e-02 
 1.272800000000e-09 -9.634610856519e-02 
 1.282800000000e-09 -1.433028399992e-01 
 1.292800000000e-09 -1.735832507954e-01 
 1.302800000000e-09 -1.826681376704e-01 
 1.312800000000e-09 -1.690357370918e-01 
 1.322800000000e-09 -1.343529832855e-01 
 1.332800000000e-09 -8.277191203731e-02 
 1.342800000000e-09 -2.006112413216e-02 
 1.352800000000e-09  4.685435437455e-02 
 1.362800000000e-09  1.101628067033e-01 
 1.372800000000e-09  1.617621950604e-01 
 1.382800000000e-09  1.943795176723e-01 
 1.392800000000e-09  2.030317760362e-01 
 1.402800000000e-09  1.862706332881e-01 
 1.412800000000e-09  1.463379736800e-01 
 1.422800000000e-09  8.814460518632e-02 
 1.432800000000e-09  1.817120602336e-02 
 1.442800000000e-09 -5.595028962966e-02 
 1.452800000000e-09 -1.255923058128e-01 
 1.462800000000e-09 -1.817508708271e-01 
 1.472800000000e-09 -2.163402224515e-01 
 1.482800000000e-09 -2.239498166521e-01 
 1.492800000000e-09 -2.033593616261e-01 
 1.502800000000e-09 -1.575697250495e-01 
 1.512800000000e-09 -9.233885270855e-02 
 1.522800000000e-09 -1.485240118029e-02 
 1.532800000000e-09  6.657276490220e-02 
 1.542800000000e-09  1.424889068131e-01 
 1.552800000000e-09  2.029705703214e-01 
 1.562800000000e-09  2.390903905796e-01 
 1.572800000000e-09  2.450166852672e-01 
 1.582800000000e-09  2.198799095545e-01 
 1.592800000000e-09  1.676186981480e-01 
 1.602800000000e-09  9.493746578702e-02 
 1.612800000000e-09  9.733578558040e-03 
 1.622800000000e-09 -7.899408267302e-02 
 1.632800000000e-09 -1.609550709605e-01 
 1.642800000000e-09 -2.252790858113e-01 
 1.652800000000e-09 -2.621924076554e-01 
 1.662800000000e-09 -2.655440028175e-01 
 1.672800000000e-09 -2.350561086695e-01 
 1.682800000000e-09 -1.758012974096e-01 
 1.692800000000e-09 -9.545565052897e-02 
 1.702800000000e-09 -2.566077234338e-03 
 1.712800000000e-09  9.322182258372e-02 
 1.722800000000e-09  1.807806333693e-01 
 1.732800000000e-09  2.483052746087e-01 
 1.742800000000e-09  2.851704153778e-01 
 1.752800000000e-09  2.850020760600e-01 
 1.762800000000e-09  2.483564464600e-01 
 1.772800000000e-09  1.816257780459e-01 
 1.782800000000e-09  9.347149093513e-02 
 1.792800000000e-09 -6.968322262462e-03 
 1.802800000000e-09 -1.094183177072e-01 
 1.812800000000e-09 -2.019126259057e-01 
 1.822800000000e-09 -2.717258606693e-01 
 1.832800000000e-09 -3.074119788904e-01 
 1.842800000000e-09 -3.026180051205e-01 
 1.852800000000e-09 -2.590548279898e-01 
 1.862800000000e-09 -1.845565472553e-01 
 1.872800000000e-09 -8.867717613923e-02 
 1.882800000000e-09  1.895921187292e-02 
 1.892800000000e-09  1.274657015287e-01 
 1.902800000000e-09  2.240558208486e-01 
 1.912800000000e-09  2.951058229674e-01 
 1.922800000000e-09  3.283854084728e-01 
 1.932800000000e-09  3.178588912637e-01 
 1.942800000000e-09  2.666959536808e-01 
 1.952800000000e-09  1.842437821337e-01 
 1.962800000000e-09  8.082748934602e-02 
 1.972800000000e-09 -3.353163294338e-02 
 1.982800000000e-09 -1.473296836778e-01 
 1.992800000000e-09 -2.469808259945e-01 
 2.002800000000e-09 -3.179712903242e-01 
 2.012800000000e-09 -3.474266352059e-01 
 2.022800000000e-09 -3.300838084924e-01 
 2.032800000000e-09 -2.708345530728e-01 
 2.042800000000e-09 -1.804773931763e-01 
 2.052800000000e-09 -6.990356620763e-02 
 2.062800000000e-09  5.054834429388e-02 
 2.072800000000e-09  1.687362873335e-01 
 2.082800000000e-09  2.703135707895e-01 
 2.092800000000e-09  3.398572905948e-01 
 2.102800000000e-09  3.640762665364e-01 
 2.112800000000e-09  3.389553612563e-01 
 2.122800000000e-09  2.712860583244e-01 
 2.132800000000e-09  1.731945509913e-01 
 2.142800000000e-09  5.593051537154e-02 
 2.152800000000e-09 -6.989090470816e-02 
 2.162800000000e-09 -1.914578070921e-01 
 2.172800000000e-09 -2.936948612912e-01 
 2.182800000000e-09 -3.602441615660e-01 
 2.192800000000e-09 -3.778348646084e-01 
 2.202800000000e-09 -3.441660116481e-01 
 2.212800000000e-09 -2.679926309444e-01 
 2.222800000000e-09 -1.625209769484e-01 
 2.232800000000e-09 -3.913949447482e-02 
 2.242800000000e-09  9.124727554223e-02 
 2.252800000000e-09  2.151275593552e-01 
 2.262800000000e-09  3.167192691550e-01 
 2.272800000000e-09  3.787257628370e-01 
 2.282800000000e-09  3.884519122475e-01 
 2.292800000000e-09  3.456618891017e-01 
 2.302800000000e-09  2.610607733843e-01 
 2.312800000000e-09  1.486455802882e-01 
 2.322800000000e-09  1.976438365512e-02 
 2.332800000000e-09 -1.143258767123e-01 
 2.342800000000e-09 -2.394055664961e-01 
 2.352800000000e-09 -3.389621001190e-01 
 2.362800000000e-09 -3.948747202407e-01 
 2.372800000000e-09 -3.956948997353e-01 
 2.382800000000e-09 -3.434664720109e-01 
 2.392800000000e-09 -2.507253574213e-01 
 2.402800000000e-09 -1.318945649679e-01 
 2.412800000000e-09  1.833404031169e-03 
 2.422800000000e-09  1.387356864308e-01 
 2.432800000000e-09  2.639106072762e-01 
 2.442800000000e-09  3.600377924266e-01 
 2.452800000000e-09  4.084349637095e-01 
 2.462800000000e-09  3.995321685321e-01 
 2.472800000000e-09  3.377382042184e-01 
 2.482800000000e-09  2.372443115520e-01 
 2.492800000000e-09  1.125542235737e-01 
 2.502800000000e-09 -2.534008285125e-02 
 2.512800000000e-09 -1.641308809840e-01 
 2.522800000000e-09 -2.882766110817e-01 
 2.532800000000e-09 -3.795298039092e-01 
 2.542800000000e-09 -4.191547716001e-01 
 2.552800000000e-09 -3.999481325770e-01 
 2.562800000000e-09 -3.286955075908e-01 
 2.572800000000e-09 -2.209591729154e-01 
 2.582800000000e-09 -9.097940360975e-02 
 2.592800000000e-09  5.039079167286e-02 
 2.602800000000e-09  1.901499249574e-01 
 2.612800000000e-09  3.121591630303e-01 
 2.622800000000e-09  3.971221897177e-01 
 2.632800000000e-09  4.269262143465e-01 
 2.642800000000e-09  3.970451158772e-01 
 2.652800000000e-09  3.165993242923e-01 
 2.662800000000e-09  2.021742494035e-01 
 2.672800000000e-09  6.747109433283e-02 
 2.682800000000e-09 -7.666216444782e-02 
 2.692800000000e-09 -2.164681400348e-01 
 2.702800000000e-09 -3.351966391225e-01 
 2.712800000000e-09 -4.124942694924e-01 
 2.722800000000e-09 -4.316679160301e-01 
 2.732800000000e-09 -3.909651263641e-01 
 2.742800000000e-09 -3.017534151046e-01 
 2.752800000000e-09 -1.812146211685e-01 
 2.762800000000e-09 -4.234032694695e-02 
 2.772800000000e-09  1.038290318514e-01 
 2.782800000000e-09  2.427688246740e-01 
 2.792800000000e-09  3.570473170586e-01 
 2.802800000000e-09  4.254261039407e-01 
 2.812800000000e-09  4.333641883939e-01 
 2.822800000000e-09  3.818803841826e-01 
 2.832800000000e-09  2.844466044505e-01 
 2.842800000000e-09  1.583697819157e-01 
 2.852800000000e-09  1.587771319270e-02 
 2.862800000000e-09 -1.315736333341e-01 
 2.872800000000e-09 -2.687392455969e-01 
 2.882800000000e-09 -3.773615434017e-01 
 2.892800000000e-09 -4.357375819766e-01 
 2.902800000000e-09 -4.320495493530e-01 
 2.912800000000e-09 -3.700156746965e-01 
 2.922800000000e-09 -2.649762234746e-01 
 2.932800000000e-09 -1.339052057848e-01 
 2.942800000000e-09  1.164904890891e-02 
 2.952800000000e-09  1.596114447650e-01 
 2.962800000000e-09  2.940998504328e-01 
 2.972800000000e-09  3.958382469019e-01 
 2.982800000000e-09  4.433133323010e-01 
 2.992800000000e-09  4.277897966217e-01 
 3.002800000000e-09  3.555893501027e-01 
 3.012800000000e-09  2.436006780267e-01 
 3.022800000000e-09  1.080589765148e-01 
 3.032800000000e-09 -3.997900918744e-02 
 3.042800000000e-09 -1.876727361571e-01 
 3.052800000000e-09 -3.185552153520e-01 
 3.062800000000e-09 -4.122018627400e-01 
 3.072800000000e-09 -4.481118429881e-01 
 3.082800000000e-09 -4.207139144847e-01 
 3.092800000000e-09 -3.388659994070e-01 
 3.102800000000e-09 -2.205756325574e-01 
 3.112800000000e-09 -8.104811955696e-02 
 3.122800000000e-09  6.888357038086e-02 
 3.132800000000e-09  2.155338465180e-01 
 3.142800000000e-09  3.418508722942e-01 
 3.152800000000e-09  4.262492422364e-01 
 3.162800000000e-09  4.501029288116e-01 
 3.172800000000e-09  4.109509259244e-01 
 3.182800000000e-09  3.200814570363e-01 
 3.192800000000e-09  1.961114260217e-01 
 3.202800000000e-09  5.307086851203e-02 
 3.212800000000e-09 -9.812944305894e-02 
 3.222800000000e-09 -2.429673202088e-01 
 3.232800000000e-09 -3.637105063911e-01 
 3.242800000000e-09 -4.378194111876e-01 
 3.252800000000e-09 -4.493000240456e-01 
 3.262800000000e-09 -3.986629343502e-01 
 3.272800000000e-09 -2.994734262237e-01 
 3.282800000000e-09 -1.703964573522e-01 
 3.292800000000e-09 -2.430518281136e-02 
 3.302800000000e-09  1.275087848857e-01 
 3.312800000000e-09  2.697543159345e-01 
 3.322800000000e-09  3.838440677645e-01 
 3.332800000000e-09  4.467862130193e-01 
 3.342800000000e-09  4.457329227757e-01 
 3.352800000000e-09  3.840245609727e-01 
 3.362800000000e-09  2.772573431200e-01 
 3.372800000000e-09  1.435970121594e-01 
 3.382800000000e-09 -5.062801769962e-03 
 3.392800000000e-09 -1.567982261278e-01 
 3.402800000000e-09 -2.956500856921e-01 
 3.412800000000e-09 -4.019879267045e-01 
 3.422800000000e-09 -4.530925729098e-01 
 3.432800000000e-09 -4.394990428814e-01 
 3.442800000000e-09 -3.672495311507e-01 
 3.452800000000e-09 -2.536273785978e-01 
 3.462800000000e-09 -1.158589148601e-01 
 3.472800000000e-09  3.486722624236e-02 
 3.482800000000e-09  1.858253153385e-01 
 3.492800000000e-09  3.204614605932e-01 
 3.502800000000e-09  4.179333112446e-01 
 3.512800000000e-09  4.566962091439e-01 
 3.522800000000e-09  4.306790237960e-01 
 3.532800000000e-09  3.485317808181e-01 
 3.542800000000e-09  2.287610778061e-01 
 3.552800000000e-09  8.732776551278e-02 
 3.562800000000e-09 -6.493123231194e-02 
 3.572800000000e-09 -2.144026912616e-01 
 3.582800000000e-09 -3.439475945025e-01 
 3.592800000000e-09 -4.315070957417e-01 
 3.602800000000e-09 -4.575989148611e-01 
 3.612800000000e-09 -4.194053419330e-01 
 3.622800000000e-09 -3.280834044846e-01 
 3.632800000000e-09 -2.028054355613e-01 
 3.642800000000e-09 -5.813224944341e-02 
 3.652800000000e-09  9.508747491357e-02 
 3.662800000000e-09  2.423659680031e-01 
 3.672800000000e-09  3.658825966428e-01 
 3.682800000000e-09  4.425847980708e-01 
 3.692800000000e-09  4.558145045040e-01 
 3.702800000000e-09  4.058141997495e-01 
 3.712800000000e-09  3.060977906713e-01 
 3.722800000000e-09  1.758894477009e-01 
 3.732800000000e-09  2.839797533156e-02 
 3.742800000000e-09 -1.251710436599e-01 
 3.752800000000e-09 -2.695323855965e-01 
 3.762800000000e-09 -3.860031133177e-01 
 3.772800000000e-09 -4.510669614387e-01 
 3.782800000000e-09 -4.513800953282e-01 
 3.792800000000e-09 -3.900679153895e-01 
 3.802800000000e-09 -2.827550367964e-01 
 3.812800000000e-09 -1.481265323393e-01 
 3.822800000000e-09  1.739265001824e-03 
 3.832800000000e-09  1.550034656885e-01 
 3.842800000000e-09  2.956953291833e-01 
 3.852800000000e-09  4.040732891093e-01 
 3.862800000000e-09  4.569131079747e-01 
 3.872800000000e-09  4.443849988001e-01 
 3.882800000000e-09  3.723546607870e-01 
 3.892800000000e-09  2.582089694854e-01 
 3.902800000000e-09  1.196179794227e-01 
 3.912800000000e-09 -3.215100016035e-02 
 3.922800000000e-09 -1.844437425869e-01 
 3.932800000000e-09 -3.206876346412e-01 
 3.942800000000e-09 -4.199055566141e-01 
 3.952800000000e-09 -4.600921323232e-01 
 3.962800000000e-09 -4.349058227645e-01 
 3.972800000000e-09 -3.528519094996e-01 
 3.982800000000e-09 -2.326027914306e-01 
 3.992800000000e-09 -9.047119758899e-02 
 4.002800000000e-09  6.269473848695e-02 
 4.012800000000e-09  2.133353081071e-01 
 4.022800000000e-09  3.442917636359e-01 
 4.032800000000e-09  4.333441193583e-01 
 4.042800000000e-09  4.606101830669e-01 
 4.052800000000e-09  4.230646359350e-01 
 4.062800000000e-09  3.317525556957e-01 
 4.072800000000e-09  2.060542159285e-01 
 4.082800000000e-09  6.078716601999e-02 
 4.092800000000e-09 -9.322656710436e-02 
 4.102800000000e-09 -2.415349818265e-01 
 4.112800000000e-09 -3.662994766244e-01 
 4.122800000000e-09 -4.442806780413e-01 
 4.132800000000e-09 -4.584861977257e-01 
 4.142800000000e-09 -4.089907624633e-01 
 4.152800000000e-09 -3.092325884401e-01 
 4.162800000000e-09 -1.786641491476e-01 
 4.172800000000e-09 -3.066484941498e-02 
 4.182800000000e-09  1.236043155898e-01 
 4.192800000000e-09  2.688789702545e-01 
 4.202800000000e-09  3.864592513089e-01 
 4.212800000000e-09  4.526233929076e-01 
 4.222800000000e-09  4.537553666580e-01 
 4.232800000000e-09  3.928371949269e-01 
 4.242800000000e-09  2.854566874710e-01 
 4.252800000000e-09  1.505252573117e-01 
 4.262800000000e-09  2.213882746352e-04 
 4.272800000000e-09 -1.536655634689e-01 
 4.282800000000e-09 -2.951754891026e-01 
 4.292800000000e-09 -4.045477686234e-01 
 4.302800000000e-09 -4.583414284643e-01 
 4.312800000000e-09 -4.465066329656e-01 
 4.322800000000e-09 -3.747830959364e-01 
 4.332800000000e-09 -2.605612152507e-01 
 4.342800000000e-09 -1.217163043742e-01 
 4.352800000000e-09  3.043630056041e-02 
 4.362800000000e-09  1.832873544885e-01 
 4.372800000000e-09  3.202721513880e-01 
 4.382800000000e-09  4.203851177016e-01 
 4.392800000000e-09  4.614045943027e-01 
 4.402800000000e-09  4.368100645937e-01 
 4.412800000000e-09  3.549952021999e-01 
 4.422800000000e-09  2.346733034117e-01 
 4.432800000000e-09  9.233101550824e-02 
 4.442800000000e-09 -6.117287167424e-02 
 4.452800000000e-09 -2.123194737125e-01 
 4.462800000000e-09 -3.439555112309e-01 
 4.472800000000e-09 -4.338219876426e-01 
 4.482800000000e-09 -4.618246080520e-01 
 4.492800000000e-09 -4.247892780971e-01 
 4.502800000000e-09 -3.336645281188e-01 
 4.512800000000e-09 -2.079029942494e-01 
 4.522800000000e-09 -6.245881201933e-02 
 4.532800000000e-09  9.185932761587e-02 
 4.542800000000e-09  2.406320002789e-01 
 4.552800000000e-09  3.660292094348e-01 
 4.562800000000e-09  4.447547793078e-01 
 4.572800000000e-09  4.596179974875e-01 
 4.582800000000e-09  4.105653688459e-01 
 4.592800000000e-09  3.109565600688e-01 
 4.602800000000e-09  1.803383618031e-01 
 4.612800000000e-09  3.218830295230e-02 
 4.622800000000e-09 -1.223602295361e-01 
 4.632800000000e-09 -2.680671484301e-01 
 4.642800000000e-09 -3.862458698749e-01 
 4.652800000000e-09 -4.530963048058e-01 
 4.662800000000e-09 -4.548218389497e-01 
 4.672800000000e-09 -3.942896361374e-01 
 4.682800000000e-09 -2.870304800732e-01 
 4.692800000000e-09 -1.520622901296e-01 
 4.702800000000e-09 -1.626707082336e-03 
 4.712800000000e-09  1.525217690830e-01 
 4.722800000000e-09  2.944406763179e-01 
 4.732800000000e-09  4.043862141745e-01 
 4.742800000000e-09  4.588170068677e-01 
 4.752800000000e-09  4.475222308329e-01 
 4.762800000000e-09  3.761360620430e-01 
 4.772800000000e-09  2.620162990149e-01 
 4.782800000000e-09  1.231462061970e-01 
 4.792800000000e-09 -2.912529072363e-02 
 4.802800000000e-09 -1.822258629786e-01 
 4.812800000000e-09 -3.196050809708e-01 
 4.822800000000e-09 -4.202735904699e-01 
 4.832800000000e-09 -4.618889159616e-01 
 4.842800000000e-09 -4.377886480291e-01 
 4.852800000000e-09 -3.562685083670e-01 
 4.862800000000e-09 -2.360353438677e-01 
 4.872800000000e-09 -9.367649747304e-02 
 4.882800000000e-09  5.993916410338e-02 
 4.892800000000e-09  2.113280333786e-01 
 4.902800000000e-09  3.433515333260e-01 
 4.912800000000e-09  4.337600962193e-01 
 4.922800000000e-09  4.623234990314e-01 
 4.932800000000e-09  4.257421248874e-01 
 4.942800000000e-09  3.348749257662e-01 
 4.952800000000e-09  2.091933652145e-01 
 4.962800000000e-09  6.373812488856e-02 
 4.972800000000e-09 -9.068984623152e-02 
 4.982800000000e-09 -2.397021527695e-01 
 4.992800000000e-09 -3.654874172590e-01 
 5.002800000000e-09 -4.447441270441e-01 
 5.012800000000e-09 -4.601377434783e-01 
 5.022800000000e-09 -4.115020982741e-01 
 5.032800000000e-09 -3.121180945073e-01 
 5.042800000000e-09 -1.815738339741e-01 
 5.052800000000e-09 -3.341495322223e-02 
 5.062800000000e-09  1.212457249864e-01 
 5.072800000000e-09  2.671935829610e-01 
 5.082800000000e-09  3.857667773302e-01 
 5.092800000000e-09  4.531381913207e-01 
 5.102800000000e-09  4.553673609127e-01 
 5.112800000000e-09  3.952177212362e-01 
 5.122800000000e-09  2.881555164998e-01 
 5.132800000000e-09  1.532568721295e-01 
 5.142800000000e-09  2.811336418714e-03 
 5.152800000000e-09 -1.514552641587e-01 
 5.162800000000e-09 -2.936208627132e-01 
 5.172800000000e-09 -4.039721855737e-01 
 5.182800000000e-09 -4.589140481779e-01 
 5.192800000000e-09 -4.480981165425e-01 
 5.202800000000e-09 -3.770611710590e-01 
 5.212800000000e-09 -2.631145819339e-01 
 5.222800000000e-09 -1.243099461842e-01 
 5.232800000000e-09  2.797582835833e-02 
 5.242800000000e-09  1.812030491135e-01 
 5.252800000000e-09  3.188388685285e-01 
 5.262800000000e-09  4.199268179311e-01 
 5.272800000000e-09  4.620431784876e-01 
 5.282800000000e-09  4.383981453135e-01 
 5.292800000000e-09  3.571949552475e-01 
 5.302800000000e-09  2.371152149551e-01 
 5.312800000000e-09  9.481714992901e-02 
 5.322800000000e-09 -5.882035116334e-02 
 5.332800000000e-09 -2.103466648598e-01 
 5.342800000000e-09 -3.426414205538e-01 
 5.352800000000e-09 -4.334835282613e-01 
 5.362800000000e-09 -4.625375435199e-01 
 5.372800000000e-09 -4.263875091279e-01 
 5.382800000000e-09 -3.358056711551e-01 
 5.392800000000e-09 -2.102611247290e-01 
 5.402800000000e-09 -6.486087789573e-02 
 5.412800000000e-09  8.959946538448e-02 
 5.422800000000e-09  2.387618959788e-01 
 5.432800000000e-09  3.648373878222e-01 
 5.442800000000e-09  4.445399015919e-01 
 5.452800000000e-09  4.604131936515e-01 
 5.462800000000e-09  4.121844217314e-01 
 5.472800000000e-09  3.130556074601e-01 
 5.482800000000e-09  1.826347422344e-01 
 5.492800000000e-09  3.452352814668e-02 
 5.502800000000e-09 -1.201827416707e-01 
 5.512800000000e-09 -2.662954317528e-01 
 5.522800000000e-09 -3.851817022179e-01 
 5.532800000000e-09 -4.530080692476e-01 
 5.542800000000e-09 -4.557049953111e-01 
 5.552800000000e-09 -3.959365908258e-01 
 5.562800000000e-09 -2.891016311849e-01 
 5.572800000000e-09 -1.543149676163e-01 
 5.582800000000e-09 -3.908010860717e-03 
 5.592800000000e-09  1.504194690353e-01 
 5.602800000000e-09  2.927669167116e-01 
 5.612800000000e-09  4.034568388048e-01 
 5.622800000000e-09  4.588594487030e-01 
 5.632800000000e-09  4.484981851909e-01 
 5.642800000000e-09  3.778155533927e-01 
 5.652800000000e-09  2.640707953212e-01 
 5.662800000000e-09  1.253678111861e-01 
 5.672800000000e-09 -2.689053640305e-02 
 5.682800000000e-09 -1.801953913845e-01 
 5.692800000000e-09 -3.180328050718e-01 
 5.702800000000e-09 -4.194856146902e-01 
 5.712800000000e-09 -4.620651589110e-01 
 5.722800000000e-09 -4.388599245607e-01 
 5.732800000000e-09 -3.579828309103e-01 
 5.742800000000e-09 -2.380825706224e-01 
 5.752800000000e-09 -9.587621215432e-02 
 5.762800000000e-09  5.774714934258e-02 
 5.772800000000e-09  2.093689324063e-01 
 5.782800000000e-09  3.418882982796e-01 
 5.792800000000e-09  4.331203130002e-01 
 5.802800000000e-09  4.626370715656e-01 
 5.812800000000e-09  4.269096991150e-01 
 5.822800000000e-09  3.366247716787e-01 
 5.832800000000e-09  2.112402367560e-01 
 5.842800000000e-09  6.592139002138e-02 
 5.852800000000e-09 -8.853896137232e-02 
 5.862800000000e-09 -2.378068217295e-01 
 5.872800000000e-09 -3.641260512181e-01 
 5.882800000000e-09 -4.442469351510e-01 
 5.892800000000e-09 -4.605852027020e-01 
 5.902800000000e-09 -4.127659547402e-01 
 5.912800000000e-09 -3.139105088283e-01 
 5.922800000000e-09 -1.836369609079e-01 
 5.932800000000e-09 -3.559923144020e-02 
 5.942800000000e-09  1.191241654925e-01 
 5.952800000000e-09  2.653707976943e-01 
 5.962800000000e-09  3.845395193304e-01 
 5.972800000000e-09  4.527993098377e-01 
 5.982800000000e-09  4.559564075787e-01 
 5.992800000000e-09  3.965752670233e-01 
 6.002800000000e-09  2.899850957904e-01 
 6.012800000000e-09  1.553309281411e-01 
 6.022800000000e-09  4.984673164129e-03 
 6.032800000000e-09 -1.493794954760e-01 
 6.042800000000e-09 -2.918830619150e-01 
 6.052800000000e-09 -4.028873753633e-01 
 6.062800000000e-09 -4.587361648632e-01 
 6.072800000000e-09 -4.488268572426e-01 
 6.082800000000e-09 -3.785070997115e-01 
 6.092800000000e-09 -2.649806578248e-01 
 6.102800000000e-09 -1.263970419453e-01 
 6.112800000000e-09  2.581486835682e-02 
 6.122800000000e-09  1.791769943942e-01 
 6.132800000000e-09  3.171949107807e-01 
 6.142800000000e-09  4.189944269279e-01 
 6.152800000000e-09  4.620282662701e-01 
 6.162800000000e-09  4.392637746585e-01 
 6.172800000000e-09  3.587226478768e-01 
 6.182800000000e-09  2.390167000113e-01 
 6.192800000000e-09  9.691724708932e-02 
 6.202800000000e-09 -5.667568584382e-02 
 6.212800000000e-09 -2.083758983096e-01 
 6.222800000000e-09 -3.411027208159e-01 
 6.232800000000e-09 -4.327116318082e-01 
 6.242800000000e-09 -4.626866585884e-01 
 6.252800000000e-09 -4.273856097238e-01 
 6.262800000000e-09 -3.374081620052e-01 
 6.272800000000e-09 -2.121968249133e-01 
 6.282800000000e-09 -6.697248603244e-02 
 6.292800000000e-09  8.747534986895e-02 
 6.302800000000e-09  2.368434970654e-01 
 6.312800000000e-09  3.634001614987e-01 
 6.322800000000e-09  4.439240734841e-01 
 6.332800000000e-09  4.607207671047e-01 
 6.342800000000e-09  4.133101578950e-01 
 6.352800000000e-09  3.147329066252e-01 
 6.362800000000e-09  1.846141863178e-01 
 6.372800000000e-09  3.665807303266e-02 
 6.382800000000e-09 -1.180723748636e-01 
 6.392800000000e-09 -2.644417365371e-01 
 6.402800000000e-09 -3.838802932855e-01 
 6.412800000000e-09 -4.525638386733e-01 
 6.422800000000e-09 -4.561790768850e-01 
 6.432800000000e-09 -3.971830932206e-01 
 6.442800000000e-09 -2.908381526732e-01 
 6.452800000000e-09 -1.563239058924e-01 
 6.462800000000e-09 -6.046011341752e-03 
 6.472800000000e-09  1.483452052145e-01 
 6.482800000000e-09  2.909940670159e-01 
 6.492800000000e-09  4.023008339070e-01 
 6.502800000000e-09  4.585871653562e-01 
 6.512800000000e-09  4.491256089156e-01 
 6.522800000000e-09  3.791698328020e-01 
 6.532800000000e-09  2.658664685539e-01 
 6.542800000000e-09  1.274081207856e-01 
 6.552800000000e-09 -2.475065434339e-02 
 6.562800000000e-09 -1.781617224697e-01 
 6.572800000000e-09 -3.163507915734e-01 
 6.582800000000e-09 -4.184870788121e-01 
 6.592800000000e-09 -4.619685650859e-01 
 6.602800000000e-09 -4.396420196885e-01 
 6.612800000000e-09 -3.594386198391e-01 
 6.622800000000e-09 -2.399313292127e-01 
 6.632800000000e-09 -9.794387766154e-02 
 6.642800000000e-09  5.561267671157e-02 
 6.652800000000e-09  2.073840053450e-01 
 6.662800000000e-09  3.403100171468e-01 
 6.672800000000e-09  4.322876472388e-01 
 6.682800000000e-09  4.627160056753e-01 
 6.692800000000e-09  4.278397603606e-01 
 6.702800000000e-09  3.381720405099e-01 
 6.712800000000e-09  2.131377332056e-01 
 6.722800000000e-09  6.801227265680e-02 
 6.732800000000e-09 -8.641780758345e-02 
 6.742800000000e-09 -2.358798936610e-01 
 6.752800000000e-09 -3.626667613030e-01 
 6.762800000000e-09 -4.435870773701e-01 
 6.772800000000e-09 -4.608384948676e-01 
 6.782800000000e-09 -4.138358474023e-01 
 6.792800000000e-09 -3.155392195427e-01 
 6.802800000000e-09 -1.855786754450e-01 
 6.812800000000e-09 -3.770802117516e-02 
 6.822800000000e-09  1.170247778048e-01 
 6.832800000000e-09  2.635112527622e-01 
 6.842800000000e-09  3.832132527806e-01 
 6.852800000000e-09  4.523153207979e-01 
 6.862800000000e-09  4.563832239056e-01 
 6.872800000000e-09  3.977753018007e-01 
 6.882800000000e-09  2.916825506755e-01 
 6.892800000000e-09  1.573101702104e-01 
 6.902800000000e-09  7.103417950066e-03 
 6.912800000000e-09 -1.473116281658e-01 
 6.922800000000e-09 -2.901020789284e-01 
 6.932800000000e-09 -4.017072449577e-01 
 6.942800000000e-09 -4.584283506030e-01 
 6.952800000000e-09 -4.494136793496e-01 
 6.962800000000e-09 -3.798228274670e-01 
 6.972800000000e-09 -2.667447430311e-01 
 6.982800000000e-09 -1.284137941655e-01 
 6.992800000000e-09  2.368930566153e-02 
 7.002800000000e-09  1.771463129430e-01 
 7.012800000000e-09  3.155030280535e-01 
 7.022800000000e-09  4.179725058177e-01 
 7.032800000000e-09  4.618997350705e-01 
 7.042800000000e-09  4.400109818377e-01 
 7.052800000000e-09  3.601467190792e-01 
 7.062800000000e-09  2.408401160771e-01 
 7.072800000000e-09  9.896649144911e-02 
 7.082800000000e-09 -5.455144786089e-02 
 7.092800000000e-09 -2.063913174756e-01 
 7.102800000000e-09 -3.395134788757e-01 
 7.112800000000e-09 -4.318569125038e-01 
 7.122800000000e-09 -4.627371835007e-01 
 7.132800000000e-09 -4.282858458869e-01 
 7.142800000000e-09 -3.389293139441e-01 
 7.152800000000e-09 -2.140738395224e-01 
 7.162800000000e-09 -6.904894064058e-02 
 7.172800000000e-09  8.536125381011e-02 
 7.182800000000e-09  2.349148668695e-01 
 7.192800000000e-09  3.619290515858e-01 
 7.202800000000e-09  4.432434687231e-01 
 7.212800000000e-09  4.609488179971e-01 
 7.222800000000e-09  4.143547034606e-01 
 7.232800000000e-09  3.163402788399e-01 
 7.242800000000e-09  1.865394387660e-01 
 7.252800000000e-09  3.875571803142e-02 
 7.262800000000e-09 -1.159775254884e-01 
 7.272800000000e-09 -2.625789992281e-01 
 7.282800000000e-09 -3.825418538659e-01 
 7.292800000000e-09 -4.520606483423e-01 
 7.302800000000e-09 -4.565807123029e-01 
 7.312800000000e-09 -3.983616002129e-01 
 7.322800000000e-09 -2.925225697530e-01 
 7.332800000000e-09 -1.582934198175e-01 
 7.342800000000e-09 -8.159221965274e-03 
 7.352800000000e-09  1.462778407140e-01 
 7.362800000000e-09  2.892078694363e-01 
 7.372800000000e-09  4.011090652443e-01 
 7.382800000000e-09  4.582636912328e-01 
 7.392800000000e-09  4.496958289823e-01 
 7.402800000000e-09  3.804709187216e-01 
 7.412800000000e-09  2.676195382233e-01 
 7.422800000000e-09  1.294171409478e-01 
 7.432800000000e-09 -2.262898988369e-02 
 7.442800000000e-09 -1.761303024105e-01 
 7.452800000000e-09 -3.146528062117e-01 
 7.462800000000e-09 -4.174533769443e-01 
 7.472800000000e-09 -4.618254375626e-01 
 7.482800000000e-09 -4.403746173286e-01 
 7.492800000000e-09 -3.608506373629e-01 
 7.502800000000e-09 -2.417460384878e-01 
 7.512800000000e-09 -9.998730895352e-02 
 7.522800000000e-09  5.349074039265e-02 
 7.532800000000e-09  2.053976102192e-01 
 7.542800000000e-09  3.387141093171e-01 
 7.552800000000e-09  4.314215937545e-01 
 7.562800000000e-09  4.627532555197e-01 
 7.572800000000e-09  4.287272620672e-01 
 7.582800000000e-09  3.396831658134e-01 
 7.592800000000e-09  2.150076588851e-01 
 7.602800000000e-09  7.008427507368e-02 
 7.612800000000e-09 -8.430481812096e-02 
 7.622800000000e-09 -2.339485424927e-01 
 7.632800000000e-09 -3.611882893300e-01 
 7.642800000000e-09 -4.428953787452e-01 
 7.652800000000e-09 -4.610543740820e-01 
 7.662800000000e-09 -4.148694069392e-01 
 7.672800000000e-09 -3.171384650219e-01 
 7.682800000000e-09 -1.874983411028e-01 
 7.692800000000e-09 -3.980247522785e-02 
 7.702800000000e-09  1.149300125297e-01 
 7.712800000000e-09  2.616451349640e-01 
 7.722800000000e-09  3.818671417219e-01 
 7.732800000000e-09  4.518016130392e-01 
 7.742800000000e-09  4.567738166951e-01 
 7.752800000000e-09  3.989443198161e-01 
 7.762800000000e-09  2.933602368815e-01 
 7.772800000000e-09  1.592751763919e-01 
 7.782800000000e-09  9.214408682767e-03 
 7.792800000000e-09 -1.452435204173e-01 
 7.802800000000e-09 -2.883118283545e-01 
 7.812800000000e-09 -4.005074225706e-01 
 7.822800000000e-09 -4.580948080825e-01 
 7.832800000000e-09 -4.499739174706e-01 
 7.842800000000e-09 -3.811158941067e-01 
 7.852800000000e-09 -2.684923781517e-01 
 7.862800000000e-09 -1.304193117729e-01 
 7.872800000000e-09  2.156897023469e-02 
 7.882800000000e-09  1.751134747877e-01 
 7.892800000000e-09  3.138004776614e-01 
 7.902800000000e-09  4.169306563416e-01 
 7.912800000000e-09  4.617470791387e-01 
 7.922800000000e-09  4.407345540838e-01 
 7.932800000000e-09  3.615519155707e-01 
 7.942800000000e-09  2.426503560057e-01 
 7.952800000000e-09  1.010072258226e-01 
 7.962800000000e-09 -5.243005185806e-02 
 7.972800000000e-09 -2.044028552905e-01 
 7.982800000000e-09 -3.379123795203e-01 
 7.992800000000e-09 -4.309826168963e-01 
 8.002800000000e-09 -4.627654176196e-01 
 8.012800000000e-09 -4.291652968736e-01 
 8.022800000000e-09 -3.404347713077e-01 
 8.032800000000e-09 -2.159401569284e-01 
 8.042800000000e-09 -7.111896665944e-02 
 8.052800000000e-09  8.324812227712e-02 
 8.062800000000e-09  2.329809259827e-01 
 8.072800000000e-09  3.604448971642e-01 
 8.082800000000e-09  4.425436217934e-01 
 8.092800000000e-09  4.611562167322e-01 
 8.102800000000e-09  4.153810797231e-01 
 8.112800000000e-09  3.179347642885e-01 
 8.122800000000e-09  1.884561517739e-01 
 8.132800000000e-09  4.084880217936e-02 
 8.142800000000e-09 -1.138820159294e-01 
 8.152800000000e-09 -2.607097733236e-01 
 8.162800000000e-09 -3.811895689656e-01 
 8.172800000000e-09 -4.515389367327e-01 
 8.182800000000e-09 -4.569633992149e-01 
 8.192800000000e-09 -3.995243360885e-01 
 8.202800000000e-09 -2.941963141727e-01 
 8.212800000000e-09 -1.602560419214e-01 
 8.222800000000e-09 -1.026937505196e-02 
 8.232800000000e-09  1.442085050244e-01 
 8.242800000000e-09  2.874140765741e-01 
 8.252800000000e-09  3.999027302720e-01 
 8.262800000000e-09  4.579223467610e-01 
 8.272800000000e-09  4.502487034689e-01 
 8.282800000000e-09  3.817584997214e-01 
 8.292800000000e-09  2.693638806255e-01 
 8.302800000000e-09  1.314207678103e-01 
 8.312800000000e-09 -2.050897280614e-02 
 8.322800000000e-09 -1.740957628590e-01 
 8.332800000000e-09 -3.129462131468e-01 
 8.342800000000e-09 -4.164047342347e-01 
 8.352800000000e-09 -4.616652057802e-01 
 8.362800000000e-09 -4.410914018688e-01 
 8.372800000000e-09 -3.622511375645e-01 
 8.382800000000e-09 -2.435535552665e-01 
 8.392800000000e-09 -1.020266071459e-01 
 8.402800000000e-09  5.136917129094e-02 
 8.412800000000e-09  2.034070165966e-01 
 8.422800000000e-09  3.371084610358e-01 
 8.432800000000e-09  4.305403410731e-01 
 8.442800000000e-09  4.627741568833e-01 
 8.452800000000e-09  4.296004771272e-01 
 8.462800000000e-09  3.411846122697e-01 
 8.472800000000e-09  2.168717157201e-01 
 8.482800000000e-09  7.215328508533e-02 
 8.492800000000e-09 -8.219103225147e-02 
 8.502800000000e-09 -2.320120318828e-01 
 8.512800000000e-09 -3.596990560342e-01 
 8.522800000000e-09 -4.421885129088e-01 
 8.532800000000e-09 -4.612547474178e-01 
 8.542800000000e-09 -4.158901429752e-01 
 8.552800000000e-09 -3.187295587670e-01 
 8.562800000000e-09 -1.894131764905e-01 
 8.572800000000e-09 -4.189491259295e-02 
 8.582800000000e-09  1.128334368739e-01 
 8.592800000000e-09  2.597729453725e-01 
 8.602800000000e-09  3.805093130280e-01 
 8.612800000000e-09  4.512729075587e-01 
 8.622800000000e-09  4.571498121102e-01 
 8.632800000000e-09  4.001020024164e-01 
 8.642800000000e-09  2.950311072632e-01 
 8.652800000000e-09  1.612362500810e-01 
 8.662800000000e-09  1.132427307037e-02 
 8.672800000000e-09 -1.431727401155e-01 
 8.682800000000e-09 -2.865146673367e-01 
 8.692800000000e-09 -3.992951532863e-01 
 8.702800000000e-09 -4.577465519114e-01 
 8.712800000000e-09 -4.505204752102e-01 
 8.722800000000e-09 -3.823990192623e-01 
 8.732800000000e-09 -2.702342912430e-01 
 8.742800000000e-09 -1.324216962331e-01 
 8.752800000000e-09  1.944888037079e-02 
 8.762800000000e-09  1.730771338863e-01 
 8.772800000000e-09  3.120900765870e-01 
 8.782800000000e-09  4.158757687718e-01 
 8.792800000000e-09  4.615800374385e-01 
 8.802800000000e-09  4.414454071286e-01 
 8.812800000000e-09  3.629485338873e-01 
 8.822800000000e-09  2.444558280085e-01 
 8.832800000000e-09  1.030455926358e-01 
 8.842800000000e-09 -5.030801936950e-02 
 8.852800000000e-09 -2.024100849655e-01 
 8.862800000000e-09 -3.363024232700e-01 
 8.872800000000e-09 -4.300949044517e-01 
 8.882800000000e-09 -4.627796570913e-01 
 8.892800000000e-09 -4.300330040421e-01 
 8.902800000000e-09 -3.419328753370e-01 
 8.912800000000e-09 -2.178024905424e-01 
 8.922800000000e-09 -7.318734132383e-02 
 8.932800000000e-09  8.113348984974e-02 
 8.942800000000e-09  2.310418640338e-01 
 8.952800000000e-09  3.589508397996e-01 
 8.962800000000e-09  4.418301799908e-01 
 8.972800000000e-09  4.613501262130e-01 
 8.982800000000e-09  4.163967630649e-01 
 8.992800000000e-09  3.195186522231e-01 
 9.002800000000e-09  1.903623631368e-01 
 9.012800000000e-09  4.293558860904e-02 
 9.022800000000e-09 -1.117875426680e-01 
 9.032800000000e-09 -2.588356243584e-01 
 9.042800000000e-09 -3.798250024170e-01 
 9.052800000000e-09 -4.509999493135e-01 
 9.062800000000e-09 -4.573277686719e-01 
 9.072800000000e-09 -4.006709279883e-01 
 9.082800000000e-09 -2.958579024868e-01 
 9.092800000000e-09 -1.622094453310e-01 
 9.102800000000e-09 -1.237368765237e-02 
 9.112800000000e-09  1.421401266799e-01 
 9.122800000000e-09  2.856152746961e-01 
 9.132800000000e-09  3.986834321992e-01 
 9.142800000000e-09  4.575633259970e-01 
 9.152800000000e-09  4.507832403862e-01 
 9.162800000000e-09  3.830308633018e-01 
 9.172800000000e-09  2.710976870123e-01 
 9.182800000000e-09  1.334171336582e-01 
 9.192800000000e-09 -1.839253976809e-02 
 9.202800000000e-09 -1.720600491598e-01 
 9.212800000000e-09 -3.112328740594e-01 
 9.222800000000e-09 -4.153427201709e-01 
 9.232800000000e-09 -4.614886708987e-01 
 9.242800000000e-09 -4.417921988163e-01 
 9.252800000000e-09 -3.636388785700e-01 
 9.262800000000e-09 -2.453518554126e-01 
 9.272800000000e-09 -1.040592674182e-01 
 9.282800000000e-09  4.925067155649e-02 
 9.292800000000e-09  2.014147995720e-01 
 9.302800000000e-09  3.354950828872e-01 
 9.312800000000e-09  4.296448269188e-01 
 9.322800000000e-09  4.627785016316e-01 
 9.332800000000e-09  4.304582784662e-01 
 9.342800000000e-09  3.426747333046e-01 
 9.352800000000e-09  2.187280685853e-01 
 9.362800000000e-09  7.421727298737e-02 
 9.372800000000e-09 -8.007858274118e-02 
 9.382800000000e-09 -2.300724595547e-01 
 9.392800000000e-09 -3.582009477135e-01 
 9.402800000000e-09 -4.414676726299e-01 
 9.412800000000e-09 -4.614397874466e-01 
 9.422800000000e-09 -4.168971704885e-01 
 9.432800000000e-09 -3.203064685548e-01 
 9.442800000000e-09 -1.913138819604e-01 
 9.452800000000e-09 -4.397760116012e-02 
 9.462800000000e-09  1.107408359969e-01 
 9.472800000000e-09  2.578978643437e-01 
 9.482800000000e-09  3.791398841145e-01 
 9.492800000000e-09  4.507260700535e-01 
 9.502800000000e-09  4.575053698156e-01 
 9.512800000000e-09  4.012406361714e-01 
 9.522800000000e-09  2.966867058213e-01 
 9.532800000000e-09  1.631850543942e-01 
 9.542800000000e-09  1.342542342532e-02 
 9.552800000000e-09 -1.411053858799e-01 
 9.562800000000e-09 -2.847143248268e-01 
 9.572800000000e-09 -3.980707578019e-01 
 9.582800000000e-09 -4.573801222688e-01 
 9.592800000000e-09 -4.510469162427e-01 
 9.602800000000e-09 -3.836642101107e-01 
 9.612800000000e-09 -2.719625517163e-01 
 9.622800000000e-09 -1.344136706608e-01 
 9.632800000000e-09  1.733534003714e-02 
 9.642800000000e-09  1.710420813237e-01 
 9.652800000000e-09  3.103745446346e-01 
 9.662800000000e-09  4.148079035538e-01 
 9.672800000000e-09  4.613958153325e-01 
 9.682800000000e-09  4.421383590919e-01 
 9.692800000000e-09  3.643298564044e-01 
 9.702800000000e-09  2.462493371813e-01 
 9.712800000000e-09  1.050745443568e-01 
 9.722800000000e-09 -4.819170768075e-02 
 9.732800000000e-09 -2.004179578926e-01 
 9.742800000000e-09 -3.346863571724e-01 
 9.752800000000e-09 -4.291934610052e-01 
 9.762800000000e-09 -4.627766005765e-01 
 9.772800000000e-09 -4.308834379296e-01 
 9.782800000000e-09 -3.434170889556e-01 
 9.792800000000e-09 -2.196543115879e-01 
 9.802800000000e-09 -7.524786757322e-02 
 9.812800000000e-09  7.902282745837e-02 
 9.822800000000e-09  2.291018743073e-01 
 9.832800000000e-09  3.574492206564e-01 
 9.842800000000e-09  4.411029327899e-01 
 9.852800000000e-09  4.615277510785e-01 
 9.862800000000e-09  4.173968889676e-01 
 9.872800000000e-09  3.210947513029e-01 
 9.882800000000e-09  1.922663296255e-01 
 9.892800000000e-09  4.502068299479e-02 
 9.902800000000e-09 -1.096928628893e-01 
 9.912800000000e-09 -2.569587185667e-01 
 9.922800000000e-09 -3.784530712806e-01 
 9.932800000000e-09 -4.504504422500e-01 
 9.942800000000e-09 -4.576816353716e-01 
 9.952800000000e-09 -4.018096914008e-01 
 9.962800000000e-09 -2.975155609020e-01 
 9.972800000000e-09 -1.641609761796e-01 
 9.982800000000e-09 -1.447771272415e-02 
 9.992800000000e-09  1.400696524798e-01 
 1.000000000000e-08  2.463238256902e-01 
