 1.628000000000e-10  1.104407121237e-02 
 1.728000000000e-10 -1.844240283371e-03 
 1.828000000000e-10 -1.492020365106e-02 
 1.928000000000e-10 -2.638335617700e-02 
 2.028000000000e-10 -3.457170230911e-02 
 2.128000000000e-10 -3.823204380743e-02 
 2.228000000000e-10 -3.674732857670e-02 
 2.328000000000e-10 -3.023696645239e-02 
 2.428000000000e-10 -1.952788946654e-02 
 2.528000000000e-10 -6.005241965767e-03 
 2.628000000000e-10  8.584918674988e-03 
 2.728000000000e-10  2.235761532297e-02 
 2.828000000000e-10  3.350111755477e-02 
 2.928000000000e-10  4.049438660272e-02 
 3.028000000000e-10  4.229921950333e-02 
 3.128000000000e-10  3.851931270423e-02 
 3.228000000000e-10  2.947766750885e-02 
 3.328000000000e-10  1.620990357504e-02 
 3.428000000000e-10  3.550182250656e-04 
 3.528000000000e-10 -1.602791720772e-02 
 3.628000000000e-10 -3.071824322670e-02 
 3.728000000000e-10 -4.163548689182e-02 
 3.828000000000e-10 -4.716258099447e-02 
 3.928000000000e-10 -4.641119954300e-02 
 4.028000000000e-10 -3.937143376835e-02 
 4.128000000000e-10 -2.689927613797e-02 
 4.228000000000e-10 -1.057569599956e-02 
 4.328000000000e-10  7.518608691872e-03 
 4.428000000000e-10  2.505192335880e-02 
 4.528000000000e-10  3.970899805897e-02 
 4.628000000000e-10  4.946638411479e-02 
 4.728000000000e-10  5.287311331362e-02 
 4.828000000000e-10  4.927955620965e-02 
 4.928000000000e-10  3.896749040833e-02 
 5.028000000000e-10  2.313463410383e-02 
 5.128000000000e-10  3.751983846593e-03 
 5.228000000000e-10 -1.667952042506e-02 
 5.328000000000e-10 -3.542918479012e-02 
 5.428000000000e-10 -4.988945516011e-02 
 5.528000000000e-10 -5.795243095267e-02 
 5.628000000000e-10 -5.835513808684e-02 
 5.728000000000e-10 -5.089208658497e-02 
 5.828000000000e-10 -3.644217116559e-02 
 5.928000000000e-10 -1.681475480155e-02 
 6.028000000000e-10  5.507174549908e-03 
 6.128000000000e-10  2.766458512840e-02 
 6.228000000000e-10  4.673277575494e-02 
 6.328000000000e-10  6.006954942159e-02 
 6.428000000000e-10  6.568890342938e-02 
 6.528000000000e-10  6.259883749905e-02 
 6.628000000000e-10  5.099264166098e-02 
 6.728000000000e-10  3.223858859078e-02 
 6.828000000000e-10  8.681037215172e-03 
 6.928000000000e-10 -1.666386917908e-02 
 7.028000000000e-10 -4.046049115661e-02 
 7.128000000000e-10 -5.944405216957e-02 
 7.228000000000e-10 -7.087086640976e-02 
 7.328000000000e-10 -7.296804019259e-02 
 7.428000000000e-10 -6.525400915039e-02 
 7.528000000000e-10 -4.861332720463e-02 
 7.628000000000e-10 -2.512719688017e-02 
 7.728000000000e-10  2.247608283003e-03 
 7.828000000000e-10  3.003216178589e-02 
 7.928000000000e-10  5.458173541466e-02 
 8.028000000000e-10  7.249221095622e-02 
 8.128000000000e-10  8.109232232820e-02 
 8.228000000000e-10  7.892313180027e-02 
 8.328000000000e-10  6.603215180122e-02 
 8.428000000000e-10  4.396662889856e-02 
 8.528000000000e-10  1.550482072364e-02 
 8.628000000000e-10 -1.574106307055e-02 
 8.728000000000e-10 -4.572588138764e-02 
 8.828000000000e-10 -7.039003803804e-02 
 8.928000000000e-10 -8.617891744344e-02 
 9.028000000000e-10 -9.064340639418e-02 
 9.128000000000e-10 -8.291746479091e-02 
 9.228000000000e-10 -6.387319465472e-02 
 9.328000000000e-10 -3.591694457227e-02 
 9.428000000000e-10 -2.568991343061e-03 
 9.528000000000e-10  3.197778893606e-02 
 9.628000000000e-10  6.324278350757e-02 
 9.728000000000e-10  8.690180012904e-02 
 9.828000000000e-10  9.940739291102e-02 
 9.928000000000e-10  9.867582032912e-02 
 1.002800000000e-09  8.453318506295e-02 
 1.012800000000e-09  5.872758001428e-02 
 1.022800000000e-09  2.455278947831e-02 
 1.032800000000e-09 -1.368500128756e-02 
 1.042800000000e-09 -5.113153150769e-02 
 1.052800000000e-09 -8.279136191170e-02 
 1.062800000000e-09 -1.041001886109e-01 
 1.072800000000e-09 -1.117237108523e-01 
 1.082800000000e-09 -1.042775747900e-01 
 1.092800000000e-09 -8.260086203694e-02 
 1.102800000000e-09 -4.950381179677e-02 
 1.112800000000e-09 -9.182898361709e-03 
 1.122800000000e-09  3.335633130271e-02 
 1.132800000000e-09  7.269523263618e-02 
 1.142800000000e-09  1.034211748210e-01 
 1.152800000000e-09  1.208828075325e-01 
 1.162800000000e-09  1.221728779591e-01 
 1.172800000000e-09  1.068102464352e-01 
 1.182800000000e-09  7.678228496233e-02 
 1.192800000000e-09  3.601807337080e-02 
 1.202800000000e-09 -1.036563877577e-02 
 1.212800000000e-09 -5.661766208390e-02 
 1.222800000000e-09 -9.668422038725e-02 
 1.232800000000e-09 -1.247717861564e-01 
 1.242800000000e-09 -1.364116658420e-01 
 1.252800000000e-09 -1.295432812185e-01 
 1.262800000000e-09 -1.049600727152e-01 
 1.272800000000e-09 -6.598748707239e-02 
 1.282800000000e-09 -1.765058631021e-02 
 1.292800000000e-09  3.413377994738e-02 
 1.302800000000e-09  8.293699238360e-02 
 1.312800000000e-09  1.221007000940e-01 
 1.322800000000e-09  1.456059186618e-01 
 1.332800000000e-09  1.494941757509e-01 
 1.342800000000e-09  1.328902848151e-01 
 1.352800000000e-09  9.808531302503e-02 
 1.362800000000e-09  4.980960482631e-02 
 1.372800000000e-09 -5.862709575400e-03 
 1.382800000000e-09 -6.222308920689e-02 
 1.392800000000e-09 -1.120779868952e-01 
 1.402800000000e-09 -1.481790718888e-01 
 1.412800000000e-09 -1.646413454587e-01 
 1.422800000000e-09 -1.585705523834e-01 
 1.432800000000e-09 -1.307207855939e-01 
 1.442800000000e-09 -8.508057482028e-02 
 1.452800000000e-09 -2.770375807152e-02 
 1.462800000000e-09  3.448133350517e-02 
 1.472800000000e-09  9.401943878562e-02 
 1.482800000000e-09  1.428806903408e-01 
 1.492800000000e-09  1.733927070014e-01 
 1.502800000000e-09  1.803163149820e-01 
 1.512800000000e-09  1.623269373094e-01 
 1.522800000000e-09  1.221091338100e-01 
 1.532800000000e-09  6.540407129234e-02 
 1.542800000000e-09 -5.761230102141e-04 
 1.552800000000e-09 -6.814292275491e-02 
 1.562800000000e-09 -1.289494614353e-01 
 1.572800000000e-09 -1.740742294904e-01 
 1.582800000000e-09 -1.959313932117e-01 
 1.592800000000e-09 -1.906836431286e-01 
 1.602800000000e-09 -1.590922884410e-01 
 1.612800000000e-09 -1.059741722268e-01 
 1.622800000000e-09 -3.865309018435e-02 
 1.632800000000e-09  3.483330148697e-02 
 1.642800000000e-09  1.060579900383e-01 
 1.652800000000e-09  1.655436552646e-01 
 1.662800000000e-09  2.036774830397e-01 
 1.672800000000e-09  2.137680405791e-01 
 1.682800000000e-09  1.940614831568e-01 
 1.692800000000e-09  1.477459601907e-01 
 1.702800000000e-09  8.179100632365e-02 
 1.712800000000e-09  4.751885632945e-03 
 1.722800000000e-09 -7.472753500337e-02 
 1.732800000000e-09 -1.472116848678e-01 
 1.742800000000e-09 -2.019061330475e-01 
 1.752800000000e-09 -2.292917156183e-01 
 1.762800000000e-09 -2.245916443316e-01 
 1.772800000000e-09 -1.886800343753e-01 
 1.782800000000e-09 -1.273496634381e-01 
 1.792800000000e-09 -4.943484840552e-02 
 1.802800000000e-09  3.583290018685e-02 
 1.812800000000e-09  1.191850527452e-01 
 1.822800000000e-09  1.896664727670e-01 
 1.832800000000e-09  2.354726900901e-01 
 1.842800000000e-09  2.484215062401e-01 
 1.852800000000e-09  2.264595599060e-01 
 1.862800000000e-09  1.733991809437e-01 
 1.872800000000e-09  9.760753426854e-02 
 1.882800000000e-09  9.172554632463e-03 
 1.892800000000e-09 -8.238209825371e-02 
 1.902800000000e-09 -1.666575071420e-01 
 1.912800000000e-09 -2.308091001614e-01 
 1.922800000000e-09 -2.632829190692e-01 
 1.932800000000e-09 -2.585169457621e-01 
 1.942800000000e-09 -2.176658719451e-01 
 1.952800000000e-09 -1.475994930834e-01 
 1.962800000000e-09 -5.883528166858e-02 
 1.972800000000e-09  3.815715674760e-02 
 1.982800000000e-09  1.334517517141e-01 
 1.992800000000e-09  2.146051111274e-01 
 2.002800000000e-09  2.674615936072e-01 
 2.012800000000e-09  2.824939180660e-01 
 2.022800000000e-09  2.575793891384e-01 
 2.032800000000e-09  1.972790661401e-01 
 2.042800000000e-09  1.114359753876e-01 
 2.052800000000e-09  1.178226917043e-02 
 2.062800000000e-09 -9.140514594408e-02 
 2.072800000000e-09 -1.869064849206e-01 
 2.082800000000e-09 -2.596860231783e-01 
 2.092800000000e-09 -2.962460693731e-01 
 2.102800000000e-09 -2.905275286348e-01 
 2.112800000000e-09 -2.441713909174e-01 
 2.122800000000e-09 -1.651764944819e-01 
 2.132800000000e-09 -6.579615763358e-02 
 2.142800000000e-09  4.229964467068e-02 
 2.152800000000e-09  1.487330032140e-01 
 2.162800000000e-09  2.395407826908e-01 
 2.172800000000e-09  2.982090542419e-01 
 2.182800000000e-09  3.141894336298e-01 
 2.192800000000e-09  2.855717840811e-01 
 2.202800000000e-09  2.177816047596e-01 
 2.212800000000e-09  1.221255419912e-01 
 2.222800000000e-09  1.195943412124e-02 
 2.232800000000e-09 -1.018647511770e-01 
 2.242800000000e-09 -2.074086456626e-01 
 2.252800000000e-09 -2.873701243267e-01 
 2.262800000000e-09 -3.266089002925e-01 
 2.272800000000e-09 -3.189260088931e-01 
 2.282800000000e-09 -2.666483487248e-01 
 2.292800000000e-09 -1.789146390428e-01 
 2.302800000000e-09 -6.964216684085e-02 
 2.312800000000e-09  4.844731294271e-02 
 2.322800000000e-09  1.647029576173e-01 
 2.332800000000e-09  2.635842987012e-01 
 2.342800000000e-09  3.264123599080e-01 
 2.352800000000e-09  3.420425147427e-01 
 2.362800000000e-09  3.090532116630e-01 
 2.372800000000e-09  2.338121389199e-01 
 2.382800000000e-09  1.290142081149e-01 
 2.392800000000e-09  9.479751795606e-03 
 2.402800000000e-09 -1.135801966384e-01 
 2.412800000000e-09 -2.275313066275e-01 
 2.422800000000e-09 -3.128374370440e-01 
 2.432800000000e-09 -3.531781340209e-01 
 2.442800000000e-09 -3.425711653582e-01 
 2.452800000000e-09 -2.841715438551e-01 
 2.462800000000e-09 -1.882314961007e-01 
 2.472800000000e-09 -7.017314554539e-02 
 2.482800000000e-09  5.647970699587e-02 
 2.492800000000e-09  1.809258515461e-01 
 2.502800000000e-09  2.859723783927e-01 
 2.512800000000e-09  3.511543632594e-01 
 2.522800000000e-09  3.651825342679e-01 
 2.532800000000e-09  3.273357226958e-01 
 2.542800000000e-09  2.449441388396e-01 
 2.552800000000e-09  1.319833674884e-01 
 2.562800000000e-09  4.478973808537e-03 
 2.572800000000e-09 -1.262205991670e-01 
 2.582800000000e-09 -2.467217750240e-01 
 2.592800000000e-09 -3.354185621578e-01 
 2.602800000000e-09 -3.753442824491e-01 
 2.612800000000e-09 -3.610328112293e-01 
 2.622800000000e-09 -2.965295181776e-01 
 2.632800000000e-09 -1.931433619309e-01 
 2.642800000000e-09 -6.759997674811e-02 
 2.652800000000e-09  6.608089835057e-02 
 2.662800000000e-09  1.969904615411e-01 
 2.672800000000e-09  3.062282770364e-01 
 2.682800000000e-09  3.720454137509e-01 
 2.692800000000e-09  3.834107205583e-01 
 2.702800000000e-09  3.404293309553e-01 
 2.712800000000e-09  2.513653961451e-01 
 2.722800000000e-09  1.313571375377e-01 
 2.732800000000e-09 -2.672639537304e-03 
 2.742800000000e-09 -1.394272609355e-01 
 2.752800000000e-09 -2.646266956137e-01 
 2.762800000000e-09 -3.548804164118e-01 
 2.772800000000e-09 -3.930865925632e-01 
 2.782800000000e-09 -3.745095397793e-01 
 2.792800000000e-09 -3.040836752255e-01 
 2.802800000000e-09 -1.941042551700e-01 
 2.812800000000e-09 -6.238509567907e-02 
 2.822800000000e-09  7.686773801084e-02 
 2.832800000000e-09  2.125998754288e-01 
 2.842800000000e-09  3.241990558528e-01 
 2.852800000000e-09  3.891701432014e-01 
 2.862800000000e-09  3.970538401038e-01 
 2.872800000000e-09  3.488336160914e-01 
 2.882800000000e-09  2.536549071651e-01 
 2.892800000000e-09  1.277064378991e-01 
 2.902800000000e-09 -1.151440869168e-02 
 2.912800000000e-09 -1.528930257875e-01 
 2.922800000000e-09 -2.811045401889e-01 
 2.932800000000e-09 -3.713411292255e-01 
 2.942800000000e-09 -4.067938463394e-01 
 2.952800000000e-09 -3.835878599302e-01 
 2.962800000000e-09 -3.075122522578e-01 
 2.972800000000e-09 -1.917802150877e-01 
 2.982800000000e-09 -5.507750301707e-02 
 2.992800000000e-09  8.847749323796e-02 
 3.002800000000e-09  2.275813112829e-01 
 3.012800000000e-09  3.399715920147e-01 
 3.022800000000e-09  4.029079893805e-01 
 3.032800000000e-09  4.067236224271e-01 
 3.042800000000e-09  3.532854454611e-01 
 3.052800000000e-09  2.525562497215e-01 
 3.062800000000e-09  1.216632783828e-01 
 3.072800000000e-09 -2.161378936912e-02 
 3.082800000000e-09 -1.663998355975e-01 
 3.092800000000e-09 -2.961774807872e-01 
 3.102800000000e-09 -3.851248294147e-01 
 3.112800000000e-09 -4.170491318881e-01 
 3.122800000000e-09 -3.890015037289e-01 
 3.132800000000e-09 -3.075810872706e-01 
 3.142800000000e-09 -1.868605395220e-01 
 3.152800000000e-09 -4.618703060537e-02 
 3.162800000000e-09  1.006246172534e-01 
 3.172800000000e-09  2.418676812423e-01 
 3.182800000000e-09  3.537671523566e-01 
 3.192800000000e-09  4.137641290628e-01 
 3.202800000000e-09  4.131029939744e-01 
 3.212800000000e-09  3.545225794791e-01 
 3.222800000000e-09  2.487648987998e-01 
 3.232800000000e-09  1.137918290959e-01 
 3.242800000000e-09 -3.261108481684e-02 
 3.252800000000e-09 -1.797995242858e-01 
 3.262800000000e-09 -3.099410724903e-01 
 3.272800000000e-09 -3.966026598521e-01 
 3.282800000000e-09 -4.244365656338e-01 
 3.292800000000e-09 -3.914417457731e-01 
 3.302800000000e-09 -3.049831894157e-01 
 3.312800000000e-09 -1.799462312626e-01 
 3.322800000000e-09 -3.613464965908e-02 
 3.332800000000e-09  1.130918077795e-01 
 3.342800000000e-09  2.554596831085e-01 
 3.352800000000e-09  3.658489670115e-01 
 3.362800000000e-09  4.222172481684e-01 
 3.372800000000e-09  4.168165902403e-01 
 3.382800000000e-09  3.532160335401e-01 
 3.392800000000e-09  2.428977179577e-01 
 3.402800000000e-09  1.045625088233e-01 
 3.412800000000e-09 -4.423168401763e-02 
 3.422800000000e-09 -1.930074532453e-01 
 3.432800000000e-09 -3.225382206787e-01 
 3.442800000000e-09 -4.061538596596e-01 
 3.452800000000e-09 -4.295033680830e-01 
 3.462800000000e-09 -3.915276578832e-01 
 3.472800000000e-09 -3.003196038556e-01 
 3.482800000000e-09 -1.715383826137e-01 
 3.492800000000e-09 -2.524891696652e-02 
 3.502800000000e-09  1.257320435090e-01 
 3.512800000000e-09  2.683877998395e-01 
 3.522800000000e-09  3.764712583568e-01 
 3.532800000000e-09  4.287118331635e-01 
 3.542800000000e-09  4.184101645451e-01 
 3.552800000000e-09  3.499281200155e-01 
 3.562800000000e-09  2.354587611136e-01 
 3.572800000000e-09  9.434606658187e-02 
 3.582800000000e-09 -5.627084512590e-02 
 3.592800000000e-09 -2.059758474080e-01 
 3.602800000000e-09 -3.341147389853e-01 
 3.612800000000e-09 -4.141127192318e-01 
 3.622800000000e-09 -4.327085117096e-01 
 3.632800000000e-09 -3.897649994273e-01 
 3.642800000000e-09 -2.940714038078e-01 
 3.652800000000e-09 -1.620281429354e-01 
 3.662800000000e-09 -1.377566326827e-02 
 3.672800000000e-09  1.384425216904e-01 
 3.682800000000e-09  2.806984949943e-01 
 3.692800000000e-09  3.858603774667e-01 
 3.702800000000e-09  4.336143963848e-01 
 3.712800000000e-09  4.183179499266e-01 
 3.722800000000e-09  3.450934824852e-01 
 3.732800000000e-09  2.268309405121e-01 
 3.742800000000e-09  8.341480264267e-02 
 3.752800000000e-09 -6.858514019806e-02 
 3.762800000000e-09 -2.186778548424e-01 
 3.772800000000e-09 -3.447960418272e-01 
 3.782800000000e-09 -4.207456589224e-01 
 3.792800000000e-09 -4.344078232842e-01 
 3.802800000000e-09 -3.865394012283e-01 
 3.812800000000e-09 -2.866018271511e-01 
 3.822800000000e-09 -1.517050128219e-01 
 3.832800000000e-09 -1.890727057139e-03 
 3.842800000000e-09  1.511531855845e-01 
 3.852800000000e-09  2.924363548862e-01 
 3.862800000000e-09  3.941975551194e-01 
 3.872800000000e-09  4.372082078450e-01 
 3.882800000000e-09  4.168744805391e-01 
 3.892800000000e-09  3.390512889600e-01 
 3.902800000000e-09  2.173123132229e-01 
 3.912800000000e-09  7.197336108059e-02 
 3.922800000000e-09 -8.107091192811e-02 
 3.932800000000e-09 -2.311002047096e-01 
 3.942800000000e-09 -3.546925448348e-01 
 3.952800000000e-09 -4.262722351136e-01 
 3.962800000000e-09 -4.348862850634e-01 
 3.972800000000e-09 -3.821547083042e-01 
 3.982800000000e-09 -2.781932747168e-01 
 3.992800000000e-09 -1.407917117643e-01 
 4.002800000000e-09  1.027328631295e-02 
 4.012800000000e-09  1.638125436189e-01 
 4.022800000000e-09  3.036431879894e-01 
 4.032800000000e-09  4.016316667355e-01 
 4.042800000000e-09  4.397198611593e-01 
 4.052800000000e-09  4.143429157966e-01 
 4.062800000000e-09  3.320613691308e-01 
 4.072800000000e-09  2.071267100491e-01 
 4.082800000000e-09  6.017224475931e-02 
 4.092800000000e-09 -9.365172228091e-02 
 4.102800000000e-09 -2.432315335081e-01 
 4.112800000000e-09 -3.638897533819e-01 
 4.122800000000e-09 -4.308607728157e-01 
 4.132800000000e-09 -4.343618994669e-01 
 4.142800000000e-09 -3.768470064254e-01 
 4.152800000000e-09 -2.690678102391e-01 
 4.162800000000e-09 -1.294500440944e-01 
 4.172800000000e-09  2.262904971710e-02 
 4.182800000000e-09  1.763887911531e-01 
 4.192800000000e-09  3.143583738749e-01 
 4.202800000000e-09  4.082830221184e-01 
 4.212800000000e-09  4.413254915881e-01 
 4.222800000000e-09  4.109231281902e-01 
 4.232800000000e-09  3.243191422702e-01 
 4.242800000000e-09  1.964389451809e-01 
 4.252800000000e-09  4.811440316616e-02 
 4.262800000000e-09 -1.062810702367e-01 
 4.272800000000e-09 -2.550667342946e-01 
 4.282800000000e-09 -3.724572295667e-01 
 4.292800000000e-09 -4.346489536986e-01 
 4.302800000000e-09 -4.329998172595e-01 
 4.312800000000e-09 -3.707763240083e-01 
 4.322800000000e-09 -2.593671854080e-01 
 4.332800000000e-09 -1.177877715383e-01 
 4.342800000000e-09  3.511562356527e-02 
 4.352800000000e-09  1.888555841859e-01 
 4.362800000000e-09  3.246063124333e-01 
 4.372800000000e-09  4.142316131925e-01 
 4.382800000000e-09  4.421424587883e-01 
 4.392800000000e-09  4.067485056660e-01 
 4.402800000000e-09  3.159557734484e-01 
 4.412800000000e-09  1.853608122318e-01 
 4.422800000000e-09  3.586915253519e-02 
 4.432800000000e-09 -1.189227356566e-01 
 4.442800000000e-09 -2.666116227322e-01 
 4.452800000000e-09 -3.804524372344e-01 
 4.462800000000e-09 -4.377178612907e-01 
 4.472800000000e-09 -4.309098147729e-01 
 4.482800000000e-09 -3.640648713863e-01 
 4.492800000000e-09 -2.492050685950e-01 
 4.502800000000e-09 -1.058838323147e-01 
 4.512800000000e-09  4.769185186183e-02 
 4.522800000000e-09  2.011936931134e-01 
 4.532800000000e-09  3.344108123364e-01 
 4.542800000000e-09  4.195464792043e-01 
 4.552800000000e-09  4.422699643760e-01 
 4.562800000000e-09  4.019300226955e-01 
 4.572800000000e-09  3.070799411435e-01 
 4.582800000000e-09  1.739815119698e-01 
 4.592800000000e-09  2.348693315300e-02 
 4.602800000000e-09 -1.315543553521e-01 
 4.612800000000e-09 -2.778604904389e-01 
 4.622800000000e-09 -3.879127774135e-01 
 4.632800000000e-09 -4.401466072534e-01 
 4.642800000000e-09 -4.281874549942e-01 
 4.652800000000e-09 -3.568115123273e-01 
 4.662800000000e-09 -2.386727784399e-01 
 4.672800000000e-09 -9.380011386736e-02 
 4.682800000000e-09  6.032517511450e-02 
 4.692800000000e-09  2.133862879769e-01 
 4.702800000000e-09  3.437915435477e-01 
 4.712800000000e-09  4.242832993363e-01 
 4.722800000000e-09  4.417856123537e-01 
 4.732800000000e-09  3.965535591211e-01 
 4.742800000000e-09  2.977749532311e-01 
 4.752800000000e-09  1.623682612064e-01 
 4.762800000000e-09  1.100476687711e-02 
 4.772800000000e-09 -1.441556498886e-01 
 4.782800000000e-09 -2.888105009260e-01 
 4.792800000000e-09 -3.948699649690e-01 
 4.802800000000e-09 -4.419932402257e-01 
 4.812800000000e-09 -4.248970254192e-01 
 4.822800000000e-09 -3.490770284216e-01 
 4.832800000000e-09 -2.278283955567e-01 
 4.842800000000e-09 -8.157442031675e-02 
 4.852800000000e-09  7.299420161011e-02 
 4.862800000000e-09  2.254136974919e-01 
 4.872800000000e-09  3.527531896933e-01 
 4.882800000000e-09  4.284705734918e-01 
 4.892800000000e-09  4.407333070015e-01 
 4.902800000000e-09  3.906697419397e-01 
 4.912800000000e-09  2.880933502212e-01 
 4.922800000000e-09  1.505641351908e-01 
 4.932800000000e-09 -1.553015134704e-03 
 4.942800000000e-09 -1.567074970135e-01 
 4.952800000000e-09 -2.994515587602e-01 
 4.962800000000e-09 -4.013381353923e-01 
 4.972800000000e-09 -4.432902758403e-01 
 4.982800000000e-09 -4.210867677201e-01 
 4.992800000000e-09 -3.409204590485e-01 
 5.002800000000e-09 -2.167288961382e-01 
 5.012800000000e-09 -6.924187524885e-02 
 5.022800000000e-09  8.567916140932e-02 
 5.032800000000e-09  2.372599291191e-01 
 5.042800000000e-09  3.613063350002e-01 
 5.052800000000e-09  4.321426039113e-01 
 5.062800000000e-09  4.391653632988e-01 
 5.072800000000e-09  3.843436690177e-01 
 5.082800000000e-09  2.781008632220e-01 
 5.092800000000e-09  1.386213535850e-01 
 5.102800000000e-09 -1.415653917460e-02 
 5.112800000000e-09 -1.691914326491e-01 
 5.122800000000e-09 -3.097847407831e-01 
 5.132800000000e-09 -4.073471058196e-01 
 5.142800000000e-09 -4.440881788833e-01 
 5.152800000000e-09 -4.168158307215e-01 
 5.162800000000e-09 -3.324003225723e-01 
 5.172800000000e-09 -2.054272881267e-01 
 5.182800000000e-09 -5.683527076337e-02 
 5.192800000000e-09  9.835936069124e-02 
 5.202800000000e-09  2.489071104671e-01 
 5.212800000000e-09  3.694597327775e-01 
 5.222800000000e-09  4.353312520355e-01 
 5.232800000000e-09  4.371147039664e-01 
 5.242800000000e-09  3.775946398067e-01 
 5.252800000000e-09  2.678172100303e-01 
 5.262800000000e-09  1.265512895663e-01 
 5.272800000000e-09 -2.680139747526e-02 
 5.282800000000e-09 -1.815880796898e-01 
 5.292800000000e-09 -3.197870579825e-01 
 5.302800000000e-09 -4.128833138749e-01 
 5.312800000000e-09 -4.443819479439e-01 
 5.322800000000e-09 -4.120857365385e-01 
 5.332800000000e-09 -3.235249862393e-01 
 5.342800000000e-09 -1.939366913107e-01 
 5.352800000000e-09 -4.436010972280e-02 
 5.362800000000e-09  1.110263363113e-01 
 5.372800000000e-09  2.603280188667e-01 
 5.382800000000e-09  3.771960358680e-01 
 5.392800000000e-09  4.380356634510e-01 
 5.402800000000e-09  4.345967611160e-01 
 5.412800000000e-09  3.704567688671e-01 
 5.422800000000e-09  2.572802143347e-01 
 5.432800000000e-09  1.143810626901e-01 
 5.442800000000e-09 -3.947304290839e-02 
 5.452800000000e-09 -1.938840714498e-01 
 5.462800000000e-09 -3.294599489507e-01 
 5.472800000000e-09 -4.179665710523e-01 
 5.482800000000e-09 -4.442026040066e-01 
 5.492800000000e-09 -4.069320587519e-01 
 5.502800000000e-09 -3.143303630905e-01 
 5.512800000000e-09 -1.822882303347e-01 
 5.522800000000e-09 -3.183112763746e-02 
 5.532800000000e-09  1.236690238658e-01 
 5.542800000000e-09  2.715234161268e-01 
 5.552800000000e-09  3.845322685510e-01 
 5.562800000000e-09  4.402687968281e-01 
 5.572800000000e-09  4.316319258656e-01 
 5.582800000000e-09  3.629513638002e-01 
 5.592800000000e-09  2.465120297450e-01 
 5.602800000000e-09  1.021234406349e-01 
 5.612800000000e-09 -5.216470597908e-02 
 5.622800000000e-09 -2.060627399300e-01 
 5.632800000000e-09 -3.387957060191e-01 
 5.642800000000e-09 -4.226023140139e-01 
 5.652800000000e-09 -4.435653095746e-01 
 5.662800000000e-09 -4.013749743491e-01 
 5.672800000000e-09 -3.048404632087e-01 
 5.682800000000e-09 -1.705031541732e-01 
 5.692800000000e-09 -1.925679276737e-02 
 5.702800000000e-09  1.362794007791e-01 
 5.712800000000e-09  2.824745548331e-01 
 5.722800000000e-09  3.914633640351e-01 
 5.732800000000e-09  4.420448816057e-01 
 5.742800000000e-09  4.282396994331e-01 
 5.752800000000e-09  3.551014811339e-01 
 5.762800000000e-09  2.355384355537e-01 
 5.772800000000e-09  8.979336291479e-02 
 5.782800000000e-09 -6.486738418966e-02 
 5.792800000000e-09 -2.181076040158e-01 
 5.802800000000e-09 -3.477892472972e-01 
 5.812800000000e-09 -4.267985714728e-01 
 5.822800000000e-09 -4.424858441218e-01 
 5.832800000000e-09 -3.954343375229e-01 
 5.842800000000e-09 -2.950776408561e-01 
 5.852800000000e-09 -1.586003090726e-01 
 5.862800000000e-09 -6.644975095650e-03 
 5.872800000000e-09  1.488462085969e-01 
 5.882800000000e-09  2.931677302452e-01 
 5.892800000000e-09  3.979885541215e-01 
 5.902800000000e-09  4.433736768099e-01 
 5.912800000000e-09  4.244259711010e-01 
 5.922800000000e-09  3.469086361149e-01 
 5.932800000000e-09  2.243676806834e-01 
 5.942800000000e-09  7.739409237803e-02 
 5.952800000000e-09 -7.757556922336e-02 
 5.962800000000e-09 -2.299962427505e-01 
 5.972800000000e-09 -3.564225625308e-01 
 5.982800000000e-09 -4.305439425918e-01 
 5.992800000000e-09 -4.409582424475e-01 
 6.002800000000e-09 -3.891088257026e-01 
 6.012800000000e-09 -2.850476653119e-01 
 6.022800000000e-09 -1.465868070426e-01 
 6.032800000000e-09  6.000350622337e-03 
 6.042800000000e-09  1.613546707185e-01 
 6.052800000000e-09  3.035816224535e-01 
 6.062800000000e-09  4.040943468713e-01 
 6.072800000000e-09  4.442485873307e-01 
 6.082800000000e-09  4.201994935428e-01 
 6.092800000000e-09  3.383967638909e-01 
 6.102800000000e-09  2.130259671867e-01 
 6.112800000000e-09  6.493944886796e-02 
 6.122800000000e-09 -9.027944741722e-02 
 6.132800000000e-09 -2.417119340672e-01 
 6.142800000000e-09 -3.646935919936e-01 
 6.152800000000e-09 -4.338495863650e-01 
 6.162800000000e-09 -4.390034596508e-01 
 6.172800000000e-09 -3.824287674110e-01 
 6.182800000000e-09 -2.747848706446e-01 
 6.192800000000e-09 -1.344908903670e-01 
 6.202800000000e-09  1.866233355752e-02 
 6.212800000000e-09  1.737882828590e-01 
 6.222800000000e-09  3.137088161435e-01 
 6.232800000000e-09  4.097909663061e-01 
 6.242800000000e-09  4.446930228726e-01 
 6.252800000000e-09  4.155878223665e-01 
 6.262800000000e-09  3.295933874522e-01 
 6.272800000000e-09  2.015414429606e-01 
 6.282800000000e-09  5.244646498936e-02 
 6.292800000000e-09 -1.029636837564e-01 
 6.302800000000e-09 -2.532325134480e-01 
 6.312800000000e-09 -3.725964543589e-01 
 6.322800000000e-09 -4.367245202642e-01 
 6.332800000000e-09 -4.366322923257e-01 
 6.342800000000e-09 -3.753956664550e-01 
 6.352800000000e-09 -2.642928097741e-01 
 6.362800000000e-09 -1.223102485827e-01 
 6.372800000000e-09  3.134528063369e-02 
 6.382800000000e-09  1.861309650304e-01 
 6.392800000000e-09  3.235247731522e-01 
 6.402800000000e-09  4.150571773847e-01 
 6.412800000000e-09  4.446895778575e-01 
 6.422800000000e-09  4.105775305785e-01 
 6.432800000000e-09  3.204916151599e-01 
 6.442800000000e-09  1.899132310812e-01 
 6.452800000000e-09  3.991024029098e-02 
 6.462800000000e-09 -1.156255236327e-01 
 6.472800000000e-09 -2.645327813490e-01 
 6.482800000000e-09 -3.801104915341e-01 
 6.492800000000e-09 -4.391590953727e-01 
 6.502800000000e-09 -4.338448529513e-01 
 6.512800000000e-09 -3.680241956273e-01 
 6.522800000000e-09 -2.535915640813e-01 
 6.532800000000e-09 -1.100585203706e-01 
 6.542800000000e-09  4.404178445113e-02 
 6.552800000000e-09  1.983703909258e-01 
 6.562800000000e-09  3.330263718965e-01 
 6.572800000000e-09  4.199021560296e-01 
 6.582800000000e-09  4.442545524393e-01 
 6.592800000000e-09  4.051878953992e-01 
 6.602800000000e-09  3.111119020484e-01 
 6.612800000000e-09  1.781594738206e-01 
 6.622800000000e-09  2.733712913853e-02 
 6.632800000000e-09 -1.282570808534e-01 
 6.642800000000e-09 -2.756113360873e-01 
 6.652800000000e-09 -3.872442407190e-01 
 6.662800000000e-09 -4.411540659782e-01 
 6.672800000000e-09 -4.306475658603e-01 
 6.682800000000e-09 -3.603221779363e-01 
 6.692800000000e-09 -2.426919869849e-01 
 6.702800000000e-09 -9.774041964326e-02 
 6.712800000000e-09  5.674855358069e-02 
 6.722800000000e-09  2.104890351228e-01 
 6.732800000000e-09  3.422012177612e-01 
 6.742800000000e-09  4.243226331335e-01 
 6.752800000000e-09  4.433918938614e-01 
 6.762800000000e-09  3.994272329733e-01 
 6.772800000000e-09  3.014674989322e-01 
 6.782800000000e-09  1.662927681491e-01 
 6.792800000000e-09  1.473078981543e-02 
 6.802800000000e-09 -1.408508925920e-01 
 6.812800000000e-09 -2.864473292904e-01 
 6.822800000000e-09 -3.939871407562e-01 
 6.832800000000e-09 -4.427152174217e-01 
 6.842800000000e-09 -4.270501431162e-01 
 6.852800000000e-09 -3.523030566871e-01 
 6.862800000000e-09 -2.316115638680e-01 
 6.872800000000e-09 -8.536481041478e-02 
 6.882800000000e-09  6.945928633641e-02 
 6.892800000000e-09  2.224699969880e-01 
 6.902800000000e-09  3.510410097847e-01 
 6.912800000000e-09  4.283204980573e-01 
 6.922800000000e-09  4.421094484139e-01 
 6.932800000000e-09  3.933069852603e-01 
 6.942800000000e-09  2.915731529438e-01 
 6.952800000000e-09  1.543256876504e-01 
 6.962800000000e-09  2.095608138145e-03 
 6.972800000000e-09 -1.533961633094e-01 
 6.982800000000e-09 -2.970256876050e-01 
 6.992800000000e-09 -4.003343097012e-01 
 7.002800000000e-09 -4.438461707623e-01 
 7.012800000000e-09 -4.230484744904e-01 
 7.022800000000e-09 -3.439565491061e-01 
 7.032800000000e-09 -2.203492607997e-01 
 7.042800000000e-09 -7.292872742664e-02 
 7.052800000000e-09  8.217047433878e-02 
 7.062800000000e-09  2.342887608241e-01 
 7.072800000000e-09  3.595218186223e-01 
 7.082800000000e-09  4.318752681731e-01 
 7.092800000000e-09  4.403905784030e-01 
 7.102800000000e-09  3.868152952644e-01 
 7.112800000000e-09  2.814257754327e-01 
 7.122800000000e-09  1.422625708957e-01 
 7.132800000000e-09 -1.056221915287e-02 
 7.142800000000e-09 -1.658739483278e-01 
 7.152800000000e-09 -3.073203094096e-01 
 7.162800000000e-09 -4.062657141050e-01 
 7.172800000000e-09 -4.445332249766e-01 
 7.182800000000e-09 -4.186500056501e-01 
 7.192800000000e-09 -3.353104166661e-01 
 7.202800000000e-09 -2.089348988782e-01 
 7.212800000000e-09 -6.045038775308e-02 
 7.222800000000e-09  9.486712279325e-02 
 7.232800000000e-09  2.459247185518e-01 
 7.242800000000e-09  3.676403293502e-01 
 7.252800000000e-09  4.349994602049e-01 
 7.262800000000e-09  4.382581474318e-01 
 7.272800000000e-09  3.799844056466e-01 
 7.282800000000e-09  2.710625920804e-01 
 7.292800000000e-09  1.301234924306e-01 
 7.302800000000e-09 -2.323754181931e-02 
 7.312800000000e-09 -1.782733679297e-01 
 7.322800000000e-09 -3.173249282054e-01 
 7.332800000000e-09 -4.117894249283e-01 
 7.342800000000e-09 -4.447945616940e-01 
 7.352800000000e-09 -4.138724719010e-01 
 7.362800000000e-09 -3.263796941669e-01 
 7.372800000000e-09 -1.973836297677e-01 
 7.382800000000e-09 -4.793408588057e-02 
 7.392800000000e-09  1.075451855105e-01 
 7.402800000000e-09  2.573574584849e-01 
 7.412800000000e-09  3.753874272151e-01 
 7.422800000000e-09  4.377009052822e-01 
 7.432800000000e-09  4.357203861847e-01 
 7.442800000000e-09  3.728143841957e-01 
 7.452800000000e-09  2.604833150327e-01 
 7.462800000000e-09  1.179104420993e-01 
 7.472800000000e-09 -3.592759991048e-02 
 7.482800000000e-09 -1.905784934666e-01 
 7.492800000000e-09 -3.270219617826e-01 
 7.502800000000e-09 -4.168933711994e-01 
 7.512800000000e-09 -4.446221847892e-01 
 7.522800000000e-09 -4.087114664465e-01 
 7.532800000000e-09 -3.171647564713e-01 
 7.542800000000e-09 -1.857005139320e-01 
 7.552800000000e-09 -3.538020923420e-02 
 7.562800000000e-09  1.201963179861e-01 
 7.572800000000e-09  2.685785553072e-01 
 7.582800000000e-09  3.827595585697e-01 
 7.592800000000e-09  4.399632057286e-01 
 7.602800000000e-09  4.327704796442e-01 
 7.612800000000e-09  3.653092812160e-01 
 7.622800000000e-09  2.496980741548e-01 
 7.632800000000e-09  1.056272822618e-01 
 7.642800000000e-09 -4.863063209958e-02 
 7.652800000000e-09 -2.027736309315e-01 
 7.662800000000e-09 -3.363995707224e-01 
 7.672800000000e-09 -4.215747290116e-01 
 7.682800000000e-09 -4.440205057693e-01 
 7.692800000000e-09 -4.031755316214e-01 
 7.702800000000e-09 -3.076786616608e-01 
 7.712800000000e-09 -1.738981627195e-01 
 7.722800000000e-09 -2.279152447564e-02 
 7.732800000000e-09  1.328153781430e-01 
 7.742800000000e-09  2.795677100785e-01 
 7.752800000000e-09  3.897458967481e-01 
 7.762800000000e-09  4.417920593350e-01 
 7.772800000000e-09  4.294179828749e-01 
 7.782800000000e-09  3.574821941803e-01 
 7.792800000000e-09  2.387241364968e-01 
 7.802800000000e-09  9.328319022147e-02 
 7.812800000000e-09 -6.134065459190e-02 
 7.822800000000e-09 -2.148424866324e-01 
 7.832800000000e-09 -3.454491397831e-01 
 7.842800000000e-09 -4.258351838928e-01 
 7.852800000000e-09 -4.429972758227e-01 
 7.862800000000e-09 -3.972760497961e-01 
 7.872800000000e-09 -2.979358726559e-01 
 7.882800000000e-09 -1.619894989083e-01 
 7.892800000000e-09 -1.017211878682e-02 
 7.902800000000e-09  1.453927741486e-01 
 7.912800000000e-09  2.903096053268e-01 
 7.922800000000e-09  3.963412661375e-01 
 7.932800000000e-09  4.431908746587e-01 
 7.942800000000e-09  4.256635424033e-01 
 7.952800000000e-09  3.493308671538e-01 
 7.962800000000e-09  2.275660378250e-01 
 7.972800000000e-09  8.087883441967e-02 
 7.982800000000e-09 -7.405404686218e-02 
 7.992800000000e-09 -2.267637063554e-01 
 8.002800000000e-09 -3.541522715486e-01 
 8.012800000000e-09 -4.296616941742e-01 
 8.022800000000e-09 -4.415440088675e-01 
 8.032800000000e-09 -3.910086098999e-01 
 8.042800000000e-09 -2.879388581970e-01 
 8.052800000000e-09 -1.499788729062e-01 
 8.062800000000e-09  2.476274200858e-03 
 8.072800000000e-09  1.579155295343e-01 
 8.082800000000e-09  3.007830073037e-01 
 8.092800000000e-09  4.025310127628e-01 
 8.102800000000e-09  4.441509166197e-01 
 8.112800000000e-09  4.215098126656e-01 
 8.122800000000e-09  3.408707173085e-01 
 8.132800000000e-09  2.162437326275e-01 
 8.142800000000e-09  6.842408201847e-02 
 8.152800000000e-09 -8.676271394459e-02 
 8.162800000000e-09 -2.385194516255e-01 
 8.172800000000e-09 -3.625026635634e-01 
 8.182800000000e-09 -4.330590286727e-01 
 8.192800000000e-09 -4.396757161091e-01 
 8.202800000000e-09 -3.843990147974e-01 
 8.212800000000e-09 -2.777178960851e-01 
 8.222800000000e-09 -1.378915460019e-01 
 8.232800000000e-09  1.513902308320e-02 
 8.242800000000e-09  1.703685616522e-01 
 8.252800000000e-09  3.109799268611e-01 
 8.262800000000e-09  4.083233885658e-01 
 8.272800000000e-09  4.446925747875e-01 
 8.282800000000e-09  4.169820039371e-01 
 8.292800000000e-09  3.321274958760e-01 
 8.302800000000e-09  2.047832384171e-01 
 8.312800000000e-09  5.593400267571e-02 
 8.322800000000e-09 -9.945334484184e-02 
 8.332800000000e-09 -2.500889041392e-01 
 8.342800000000e-09 -3.704948346474e-01 
 8.352800000000e-09 -4.360357173762e-01 
 8.362800000000e-09 -4.373982590505e-01 
 8.372800000000e-09 -3.774399805939e-01 
 8.382800000000e-09 -2.672689727691e-01 
 8.392800000000e-09 -1.257207910990e-01 
 8.402800000000e-09  2.782197399066e-02 
 8.412800000000e-09  1.827348090373e-01 
 8.422800000000e-09  3.208712652827e-01 
 8.432800000000e-09  4.136903134256e-01 
 8.442800000000e-09  4.447905819211e-01 
 8.452800000000e-09  4.120590146642e-01 
 8.462800000000e-09  3.230878128512e-01 
 8.472800000000e-09  1.931795319266e-01 
 8.482800000000e-09  4.340204613192e-02 
 8.492800000000e-09 -1.121227342097e-01 
 8.502800000000e-09 -2.614433861317e-01 
 8.512800000000e-09 -3.781023814683e-01 
 8.522800000000e-09 -4.385756137749e-01 
 8.532800000000e-09 -4.347076259736e-01 
 8.542800000000e-09 -3.701449572625e-01 
 8.552800000000e-09 -2.566115407035e-01 
 8.562800000000e-09 -1.134801592065e-01 
 8.572800000000e-09  4.051783930763e-02 
 8.582800000000e-09  1.950018943353e-01 
 8.592800000000e-09  3.304528124033e-01 
 8.602800000000e-09  4.186395516026e-01 
 8.612800000000e-09  4.444597538933e-01 
 8.622800000000e-09  4.067587127388e-01 
 8.632800000000e-09  3.137708973713e-01 
 8.642800000000e-09  1.814501517971e-01 
 8.652800000000e-09  3.083432055103e-02 
 8.662800000000e-09 -1.247631130161e-01 
 8.672800000000e-09 -2.725814445264e-01 
 8.682800000000e-09 -3.853340094645e-01 
 8.692800000000e-09 -4.406789286596e-01 
 8.702800000000e-09 -4.316092895392e-01 
 8.712800000000e-09 -3.625204167412e-01 
 8.722800000000e-09 -2.457549650489e-01 
 8.732800000000e-09 -1.011732582233e-01 
 8.742800000000e-09  5.322439810787e-02 
 8.752800000000e-09  2.071531502902e-01 
 8.762800000000e-09  3.397120610699e-01 
 8.772800000000e-09  4.231672877771e-01 
 8.782800000000e-09  4.437032280852e-01 
 8.792800000000e-09  4.010884224281e-01 
 8.802800000000e-09  3.041888847719e-01 
 8.812800000000e-09  1.696069043548e-01 
 8.822800000000e-09  1.823361319014e-02 
 8.832800000000e-09 -1.373681606341e-01 
 8.842800000000e-09 -2.834822557557e-01 
 8.852800000000e-09 -3.921784944737e-01 
 8.862800000000e-09 -4.423506481029e-01 
 8.872800000000e-09 -4.281120174614e-01 
 8.882800000000e-09 -3.545788031196e-01 
 8.892800000000e-09 -2.347159073530e-01 
 8.902800000000e-09 -8.880856351975e-02 
 8.912800000000e-09  6.593577684269e-02 
 8.922800000000e-09  2.191719416070e-01 
 8.932800000000e-09  3.486402933758e-01 
 8.942800000000e-09  4.272747548667e-01 
 8.952800000000e-09  4.425280779954e-01 
 8.962800000000e-09  3.950587689801e-01 
 8.972800000000e-09  2.943556809794e-01 
 8.982800000000e-09  1.576619584866e-01 
 8.992800000000e-09  5.603865345011e-03 
 9.002800000000e-09 -1.499276911386e-01 
 9.012800000000e-09 -2.941304709588e-01 
 9.022800000000e-09 -3.986304326083e-01 
 9.032800000000e-09 -4.435937363066e-01 
 9.042800000000e-09 -4.242132556828e-01 
 9.052800000000e-09 -3.463129163498e-01 
 9.062800000000e-09 -2.234954040866e-01 
 9.072800000000e-09 -7.638441287756e-02 
 9.082800000000e-09  7.864857856983e-02 
 9.092800000000e-09  2.310351692786e-01 
 9.102800000000e-09  3.572158946584e-01 
 9.112800000000e-09  4.309444824009e-01 
 9.122800000000e-09  4.409208897079e-01 
 9.132800000000e-09  3.886607792176e-01 
 9.142800000000e-09  2.842702696195e-01 
 9.152800000000e-09  1.456207804574e-01 
 9.162800000000e-09 -7.049018289745e-03 
 9.172800000000e-09 -1.624243211378e-01 
 9.182800000000e-09 -3.045016224518e-01 
 9.192800000000e-09 -4.046719420924e-01 
 9.202800000000e-09 -4.443968478134e-01 
 9.212800000000e-09 -4.199187269967e-01 
 9.222800000000e-09 -3.377456819614e-01 
 9.232800000000e-09 -2.121200289932e-01 
 9.242800000000e-09 -6.391687985407e-02 
 9.252800000000e-09  9.134898755899e-02 
 9.262800000000e-09  2.427216242336e-01 
 9.272800000000e-09  3.654330091157e-01 
 9.282800000000e-09  4.341851971233e-01 
 9.292800000000e-09  4.389013439237e-01 
 9.302800000000e-09  3.819246853533e-01 
 9.312800000000e-09  2.739681071097e-01 
 9.322800000000e-09  1.335028822856e-01 
 9.332800000000e-09 -1.971991663231e-02 
 9.342800000000e-09 -1.748473241556e-01 
 9.352800000000e-09 -3.145888188031e-01 
 9.362800000000e-09 -4.103103145363e-01 
 9.372800000000e-09 -4.447773382153e-01 
 9.382800000000e-09 -4.152469236155e-01 
 9.392800000000e-09 -3.288938966117e-01 
 9.402800000000e-09 -2.006061379582e-01 
 9.412800000000e-09 -5.141099805737e-02 
 9.422800000000e-09  1.040330577386e-01 
 9.432800000000e-09  2.542176645308e-01 
 9.442800000000e-09  3.732884257995e-01 
 9.452800000000e-09  4.370017102990e-01 
 9.462800000000e-09  4.364715631907e-01 
 9.472800000000e-09  3.748404978323e-01 
 9.482800000000e-09  2.634399003114e-01 
 9.492800000000e-09  1.213045775353e-01 
 9.502800000000e-09 -3.240815561879e-02 
 9.512800000000e-09 -1.871784406609e-01 
 9.522800000000e-09 -3.243676670465e-01 
 9.532800000000e-09 -4.155245622725e-01 
 9.542800000000e-09 -4.447181052649e-01 
 9.552800000000e-09 -4.101853237182e-01 
 9.562800000000e-09 -3.197518123324e-01 
 9.572800000000e-09 -1.889551132364e-01 
 9.582800000000e-09 -3.886528375209e-02 
 9.592800000000e-09  1.166931675648e-01 
 9.602800000000e-09  2.654936730136e-01 
 9.612800000000e-09  3.807586916749e-01 
 9.622800000000e-09  4.393841361324e-01 
 9.632800000000e-09  4.336329201058e-01 
 9.642800000000e-09  3.674255155295e-01 
 9.652800000000e-09  2.527092543520e-01 
 9.662800000000e-09  1.090395848571e-01 
 9.672800000000e-09 -4.510812652205e-02 
 9.682800000000e-09 -1.994056184697e-01 
 9.692800000000e-09 -3.338342934582e-01 
 9.702800000000e-09 -4.203221524206e-01 
 9.712800000000e-09 -4.442333984035e-01 
 9.722800000000e-09 -4.047507485332e-01 
 9.732800000000e-09 -3.103378580104e-01 
 9.742800000000e-09 -1.771832104677e-01 
 9.752800000000e-09 -2.628507321768e-02 
 9.762800000000e-09  1.293219539121e-01 
 9.772800000000e-09  2.765478856209e-01 
 9.782800000000e-09  3.878511859421e-01 
 9.792800000000e-09  4.413314168643e-01 
 9.802800000000e-09  4.303898993398e-01 
 9.812800000000e-09  3.596855539898e-01 
 9.822800000000e-09  2.417854583622e-01 
 9.832800000000e-09  9.671136849839e-02 
 9.842800000000e-09 -5.781687684305e-02 
 9.852800000000e-09 -2.115111400209e-01 
 9.862800000000e-09 -3.429754094922e-01 
 9.872800000000e-09 -4.246985412289e-01 
 9.882800000000e-09 -4.433254296088e-01 
 9.892800000000e-09 -3.989499082217e-01 
 9.902800000000e-09 -3.006637627750e-01 
 9.912800000000e-09 -1.653019520791e-01 
 9.922800000000e-09 -1.367338237610e-02 
 9.932800000000e-09  1.419118476001e-01 
 9.942800000000e-09  2.873592237947e-01 
 9.952800000000e-09  3.945545852513e-01 
 9.962800000000e-09  4.428482045402e-01 
 9.972800000000e-09  4.267450329389e-01 
 9.982800000000e-09  3.516214158840e-01 
 9.992800000000e-09  2.306754165190e-01 
 1.000000000000e-08  1.261725556994e-01 
