 1.628000000000e-10  7.784089647669e-03 
 1.728000000000e-10 -6.659867527511e-03 
 1.828000000000e-10 -2.065836564883e-02 
 1.928000000000e-10 -3.223183497866e-02 
 2.028000000000e-10 -3.967063809564e-02 
 2.128000000000e-10 -4.179084703358e-02 
 2.228000000000e-10 -3.812078754615e-02 
 2.328000000000e-10 -2.898703649634e-02 
 2.428000000000e-10 -1.548756892133e-02 
 2.528000000000e-10  6.375687295621e-04 
 2.628000000000e-10  1.722177212336e-02 
 2.728000000000e-10  3.195248709934e-02 
 2.828000000000e-10  4.269136137454e-02 
 2.928000000000e-10  4.779016992351e-02 
 3.028000000000e-10  4.634832244203e-02 
 3.128000000000e-10  3.836165802964e-02 
 3.228000000000e-10  2.474052176554e-02 
 3.328000000000e-10  7.202795888778e-03 
 3.428000000000e-10 -1.193518862713e-02 
 3.528000000000e-10 -3.004917466658e-02 
 3.628000000000e-10 -4.455651087070e-02 
 3.728000000000e-10 -5.328857165540e-02 
 3.828000000000e-10 -5.482486386471e-02 
 3.928000000000e-10 -4.872252714300e-02 
 4.028000000000e-10 -3.559778133134e-02 
 4.128000000000e-10 -1.705752539467e-02 
 4.228000000000e-10  4.494514684165e-03 
 4.328000000000e-10  2.614990918729e-02 
 4.428000000000e-10  4.486858984944e-02 
 4.528000000000e-10  5.790499680704e-02 
 4.628000000000e-10  6.322761536229e-02 
 4.728000000000e-10  5.984554126647e-02 
 4.828000000000e-10  4.797198577690e-02 
 4.928000000000e-10  2.900503894817e-02 
 5.028000000000e-10  5.354576688601e-03 
 5.128000000000e-10 -1.984566286259e-02 
 5.228000000000e-10 -4.312025347075e-02 
 5.328000000000e-10 -6.111668946315e-02 
 5.428000000000e-10 -7.110590788688e-02 
 5.528000000000e-10 -7.142203495110e-02 
 5.628000000000e-10 -6.173530049101e-02 
 5.728000000000e-10 -4.310134196593e-02 
 5.828000000000e-10 -1.783859548903e-02 
 5.928000000000e-10  1.075961503626e-02 
 6.028000000000e-10  3.882583046495e-02 
 6.128000000000e-10  6.238623562191e-02 
 6.228000000000e-10  7.793696325370e-02 
 6.328000000000e-10  8.301116327130e-02 
 6.428000000000e-10  7.658901562543e-02 
 6.528000000000e-10  5.925537503876e-02 
 6.628000000000e-10  3.310547039507e-02 
 6.728000000000e-10  1.475565202617e-03 
 6.828000000000e-10 -3.143628246099e-02 
 6.928000000000e-10 -6.105869531554e-02 
 7.028000000000e-10 -8.306545944820e-02 
 7.128000000000e-10 -9.406086743393e-02 
 7.228000000000e-10 -9.216062921480e-02 
 7.328000000000e-10 -7.729185188301e-02 
 7.428000000000e-10 -5.118768714917e-02 
 7.528000000000e-10 -1.712523584948e-02 
 7.628000000000e-10  2.047047781986e-02 
 7.728000000000e-10  5.648855402950e-02 
 7.828000000000e-10  8.574056972987e-02 
 7.928000000000e-10  1.038101477910e-01 
 8.028000000000e-10  1.078060471304e-01 
 8.128000000000e-10  9.679553692925e-02 
 8.228000000000e-10  7.195903105365e-02 
 8.328000000000e-10  3.636541105653e-02 
 8.428000000000e-10 -5.463976843838e-03 
 8.528000000000e-10 -4.794552017319e-02 
 8.628000000000e-10 -8.510161379420e-02 
 8.728000000000e-10 -1.114516353823e-01 
 8.828000000000e-10 -1.228469522842e-01 
 8.928000000000e-10 -1.172662109428e-01 
 9.028000000000e-10 -9.514637917752e-02 
 9.128000000000e-10 -5.918133055413e-02 
 9.228000000000e-10 -1.385862264421e-02 
 9.328000000000e-10  3.491713431328e-02 
 9.428000000000e-10  8.039772010760e-02 
 9.528000000000e-10  1.159989414827e-01 
 9.628000000000e-10  1.362728766964e-01 
 9.728000000000e-10  1.378609481666e-01 
 9.828000000000e-10  1.201654675877e-01 
 9.928000000000e-10  8.531845800932e-02 
 1.002800000000e-09  3.762175912375e-02 
 1.012800000000e-09 -1.685664100823e-02 
 1.022800000000e-09 -7.076872562096e-02 
 1.032800000000e-09 -1.164143387352e-01 
 1.042800000000e-09 -1.469386398656e-01 
 1.052800000000e-09 -1.575081369809e-01 
 1.062800000000e-09 -1.461809922495e-01 
 1.072800000000e-09 -1.142388546131e-01 
 1.082800000000e-09 -6.564521610035e-02 
 1.092800000000e-09 -6.477028338787e-03 
 1.102800000000e-09  5.551055899353e-02 
 1.112800000000e-09  1.116757578143e-01 
 1.122800000000e-09  1.536617521165e-01 
 1.132800000000e-09  1.749454695942e-01 
 1.142800000000e-09  1.720483324045e-01 
 1.152800000000e-09  1.450719574156e-01 
 1.162800000000e-09  9.740616623869e-02 
 1.172800000000e-09  3.499844305230e-02 
 1.182800000000e-09 -3.419951466746e-02 
 1.192800000000e-09 -1.008328088905e-01 
 1.202800000000e-09 -1.551785296701e-01 
 1.212800000000e-09 -1.888856529532e-01 
 1.222800000000e-09 -1.965705933517e-01 
 1.232800000000e-09 -1.768002414982e-01 
 1.242800000000e-09 -1.321419091463e-01 
 1.252800000000e-09 -6.827389201359e-02 
 1.262800000000e-09  6.827702466683e-03 
 1.272800000000e-09  8.336025885252e-02 
 1.282800000000e-09  1.504593031497e-01 
 1.292800000000e-09  1.978603910188e-01 
 1.302800000000e-09  2.180818567317e-01 
 1.312800000000e-09  2.079052450326e-01 
 1.322800000000e-09  1.687064524759e-01 
 1.332800000000e-09  1.056178667002e-01 
 1.342800000000e-09  2.645093149777e-02 
 1.352800000000e-09 -5.878344866909e-02 
 1.362800000000e-09 -1.384073626214e-01 
 1.372800000000e-09 -2.004578366495e-01 
 1.382800000000e-09 -2.351719689609e-01 
 1.392800000000e-09 -2.370664505840e-01 
 1.402800000000e-09 -2.058292150192e-01 
 1.412800000000e-09 -1.458438935470e-01 
 1.422800000000e-09 -6.475716165812e-02 
 1.432800000000e-09  2.744164779068e-02 
 1.442800000000e-09  1.186677467127e-01 
 1.452800000000e-09  1.956043873575e-01 
 1.462800000000e-09  2.461346489278e-01 
 1.472800000000e-09  2.622474799614e-01 
 1.482800000000e-09  2.416352030673e-01 
 1.492800000000e-09  1.874639466144e-01 
 1.502800000000e-09  1.069845739779e-01 
 1.512800000000e-09  1.009520608396e-02 
 1.522800000000e-09 -9.106408139098e-02 
 1.532800000000e-09 -1.823274741957e-01 
 1.542800000000e-09 -2.495165532311e-01 
 1.552800000000e-09 -2.818828040776e-01 
 1.562800000000e-09 -2.745581207843e-01 
 1.572800000000e-09 -2.289962194530e-01 
 1.582800000000e-09 -1.517946716250e-01 
 1.592800000000e-09 -5.273212621171e-02 
 1.602800000000e-09  5.618995023310e-02 
 1.612800000000e-09  1.604972711971e-01 
 1.622800000000e-09  2.444161671128e-01 
 1.632800000000e-09  2.943962014626e-01 
 1.642800000000e-09  3.026512636800e-01 
 1.652800000000e-09  2.685672940552e-01 
 1.662800000000e-09  1.975937651807e-01 
 1.672800000000e-09  9.915618588630e-02 
 1.682800000000e-09 -1.489027129140e-02 
 1.692800000000e-09 -1.302005676576e-01 
 1.702800000000e-09 -2.300668810612e-01 
 1.712800000000e-09 -2.984666266788e-01 
 1.722800000000e-09 -3.244277600467e-01 
 1.732800000000e-09 -3.045745987982e-01 
 1.742800000000e-09 -2.426927806087e-01 
 1.752800000000e-09 -1.477216196966e-01 
 1.762800000000e-09 -3.139676254740e-02 
 1.772800000000e-09  9.232691310228e-02 
 1.782800000000e-09  2.065220425916e-01 
 1.792800000000e-09  2.932599629583e-01 
 1.802800000000e-09  3.382935040036e-01 
 1.812800000000e-09  3.350299473546e-01 
 1.822800000000e-09  2.851798716136e-01 
 1.832800000000e-09  1.966887736116e-01 
 1.842800000000e-09  8.108943403828e-02 
 1.852800000000e-09 -4.803738359405e-02 
 1.862800000000e-09 -1.741533489438e-01 
 1.872800000000e-09 -2.782175427889e-01 
 1.882800000000e-09 -3.430632454929e-01 
 1.892800000000e-09 -3.585195638344e-01 
 1.902800000000e-09 -3.235686388709e-01 
 1.912800000000e-09 -2.445803840567e-01 
 1.922800000000e-09 -1.326504675918e-01 
 1.932800000000e-09 -1.161369150481e-03 
 1.942800000000e-09  1.340350508804e-01 
 1.952800000000e-09  2.536568075274e-01 
 1.962800000000e-09  3.382368790700e-01 
 1.972800000000e-09  3.739572232827e-01 
 1.982800000000e-09  3.563858698632e-01 
 1.992800000000e-09  2.897470720798e-01 
 2.002800000000e-09  1.843747531454e-01 
 2.012800000000e-09  5.355673147211e-02 
 2.022800000000e-09 -8.756785206600e-02 
 2.032800000000e-09 -2.202412903870e-01 
 2.042800000000e-09 -3.235651345996e-01 
 2.052800000000e-09 -3.801973248937e-01 
 2.062800000000e-09 -3.819058381622e-01 
 2.072800000000e-09 -3.304777237958e-01 
 2.082800000000e-09 -2.347590586908e-01 
 2.092800000000e-09 -1.076349684807e-01 
 2.102800000000e-09  3.615656008780e-02 
 2.112800000000e-09  1.788395910070e-01 
 2.122800000000e-09  2.990754445314e-01 
 2.132800000000e-09  3.766999684907e-01 
 2.142800000000e-09  3.994054837081e-01 
 2.152800000000e-09  3.656344975689e-01 
 2.162800000000e-09  2.822758836087e-01 
 2.172800000000e-09  1.616598406641e-01 
 2.182800000000e-09  1.832930249134e-02 
 2.192800000000e-09 -1.310497621303e-01 
 2.202800000000e-09 -2.656171151083e-01 
 2.212800000000e-09 -3.633167820066e-01 
 2.222800000000e-09 -4.079268224948e-01 
 2.232800000000e-09 -3.939643447080e-01 
 2.242800000000e-09 -3.257168286325e-01 
 2.252800000000e-09 -2.143483923544e-01 
 2.262800000000e-09 -7.434239809672e-02 
 2.272800000000e-09  7.846683795058e-02 
 2.282800000000e-09  2.243660398537e-01 
 2.292800000000e-09  3.404626412951e-01 
 2.302800000000e-09  4.069796514892e-01 
 2.312800000000e-09  4.142045273947e-01 
 2.322800000000e-09  3.635765112492e-01 
 2.332800000000e-09  2.643669189658e-01 
 2.342800000000e-09  1.305063704246e-01 
 2.352800000000e-09 -2.251360669028e-02 
 2.362800000000e-09 -1.763889433778e-01 
 2.372800000000e-09 -3.084397271068e-01 
 2.382800000000e-09 -3.963276425258e-01 
 2.392800000000e-09 -4.259528481911e-01 
 2.402800000000e-09 -3.950370554860e-01 
 2.412800000000e-09 -3.105222442362e-01 
 2.422800000000e-09 -1.854052395823e-01 
 2.432800000000e-09 -3.509179383689e-02 
 2.442800000000e-09  1.233864114975e-01 
 2.452800000000e-09  2.684037392960e-01 
 2.462800000000e-09  3.761954567273e-01 
 2.472800000000e-09  4.285328194068e-01 
 2.482800000000e-09  4.189333712574e-01 
 2.492800000000e-09  3.516629841553e-01 
 2.502800000000e-09  2.380432042433e-01 
 2.512800000000e-09  9.314062099074e-02 
 2.522800000000e-09 -6.671581036823e-02 
 2.532800000000e-09 -2.214484888115e-01 
 2.542800000000e-09 -3.470161294259e-01 
 2.552800000000e-09 -4.218394295558e-01 
 2.562800000000e-09 -4.348364634640e-01 
 2.572800000000e-09 -3.868412735929e-01 
 2.582800000000e-09 -2.871193433809e-01 
 2.592800000000e-09 -1.501420903316e-01 
 2.602800000000e-09  8.063297122043e-03 
 2.612800000000e-09  1.690689949572e-01 
 2.622800000000e-09  3.095616643209e-01 
 2.632800000000e-09  4.057282015951e-01 
 2.642800000000e-09  4.419357774049e-01 
 2.652800000000e-09  4.150352824088e-01 
 2.662800000000e-09  3.316759993384e-01 
 2.672800000000e-09  2.050752787359e-01 
 2.682800000000e-09  5.122065668010e-02 
 2.692800000000e-09 -1.127330077781e-01 
 2.702800000000e-09 -2.649322249863e-01 
 2.712800000000e-09 -3.805821719952e-01 
 2.722800000000e-09 -4.399305823462e-01 
 2.732800000000e-09 -4.353849935071e-01 
 2.742800000000e-09 -3.706659017487e-01 
 2.752800000000e-09 -2.570498965086e-01 
 2.762800000000e-09 -1.100674197874e-01 
 2.772800000000e-09  5.371372715257e-02 
 2.782800000000e-09  2.142405466400e-01 
 2.792800000000e-09  3.469029563602e-01 
 2.802800000000e-09  4.288049497323e-01 
 2.812800000000e-09  4.475754527741e-01 
 2.822800000000e-09  4.032982397378e-01 
 2.832800000000e-09  3.049606660743e-01 
 2.842800000000e-09  1.672121284254e-01 
 2.852800000000e-09  6.450097651218e-03 
 2.862800000000e-09 -1.589791713110e-01 
 2.872800000000e-09 -3.055795872044e-01 
 2.882800000000e-09 -4.085709642950e-01 
 2.892800000000e-09 -4.509872697262e-01 
 2.902800000000e-09 -4.287200001321e-01 
 2.912800000000e-09 -3.480542072780e-01 
 2.922800000000e-09 -2.220219917980e-01 
 2.932800000000e-09 -6.677635945986e-02 
 2.942800000000e-09  1.003946153397e-01 
 2.952800000000e-09  2.576936990539e-01 
 2.962800000000e-09  3.797480517141e-01 
 2.972800000000e-09  4.455492824082e-01 
 2.982800000000e-09  4.463599195047e-01 
 2.992800000000e-09  3.852178566767e-01 
 3.002800000000e-09  2.731396395148e-01 
 3.012800000000e-09  1.258412005482e-01 
 3.022800000000e-09 -3.994800195115e-02 
 3.032800000000e-09 -2.043868820751e-01 
 3.042800000000e-09 -3.426615187533e-01 
 3.052800000000e-09 -4.308874750839e-01 
 3.062800000000e-09 -4.554462644072e-01 
 3.072800000000e-09 -4.155712221551e-01 
 3.082800000000e-09 -3.198023065935e-01 
 3.092800000000e-09 -1.827375836514e-01 
 3.102800000000e-09 -2.102333061545e-02 
 3.112800000000e-09  1.471704802244e-01 
 3.122800000000e-09  2.984356907305e-01 
 3.132800000000e-09  4.073607614247e-01 
 3.142800000000e-09  4.557116379003e-01 
 3.152800000000e-09  4.384054498169e-01 
 3.162800000000e-09  3.611839198036e-01 
 3.172800000000e-09  2.368023815303e-01 
 3.182800000000e-09  8.159145489463e-02 
 3.192800000000e-09 -8.721294249698e-02 
 3.202800000000e-09 -2.480918736886e-01 
 3.212800000000e-09 -3.754167083370e-01 
 3.222800000000e-09 -4.471540577074e-01 
 3.232800000000e-09 -4.534131237490e-01 
 3.242800000000e-09 -3.964676514102e-01 
 3.252800000000e-09 -2.869335133492e-01 
 3.262800000000e-09 -1.405118892418e-01 
 3.272800000000e-09  2.596537456337e-02 
 3.282800000000e-09  1.929661181241e-01 
 3.292800000000e-09  3.357223275061e-01 
 3.302800000000e-09  4.296254937820e-01 
 3.312800000000e-09  4.598706383866e-01 
 3.322800000000e-09  4.247775242580e-01 
 3.332800000000e-09  3.323319718405e-01 
 3.342800000000e-09  1.969265328563e-01 
 3.352800000000e-09  3.535188779039e-02 
 3.362800000000e-09 -1.344365262100e-01 
 3.372800000000e-09 -2.892894859738e-01 
 3.382800000000e-09 -4.034199682008e-01 
 3.392800000000e-09 -4.575036969558e-01 
 3.402800000000e-09 -4.454027720158e-01 
 3.412800000000e-09 -3.721623806588e-01 
 3.422800000000e-09 -2.501876608070e-01 
 3.432800000000e-09 -9.586614060013e-02 
 3.442800000000e-09  7.363109857095e-02 
 3.452800000000e-09  2.371555785354e-01 
 3.462800000000e-09  3.690248221088e-01 
 3.472800000000e-09  4.463480107618e-01 
 3.482800000000e-09  4.580808549052e-01 
 3.492800000000e-09  4.056803813511e-01 
 3.502800000000e-09  2.992775673599e-01 
 3.512800000000e-09  1.544337174141e-01 
 3.522800000000e-09 -1.194963863479e-02 
 3.532800000000e-09 -1.806848192462e-01 
 3.542800000000e-09 -3.271987993086e-01 
 3.552800000000e-09 -4.263446139566e-01 
 3.562800000000e-09 -4.621856138910e-01 
 3.572800000000e-09 -4.320830827960e-01 
 3.582800000000e-09 -3.435596744798e-01 
 3.592800000000e-09 -2.105590330170e-01 
 3.602800000000e-09 -4.972831586764e-02 
 3.612800000000e-09  1.210412452505e-01 
 3.622800000000e-09  2.789245098134e-01 
 3.632800000000e-09  3.979134926578e-01 
 3.642800000000e-09  4.576669863947e-01 
 3.652800000000e-09  4.509476670885e-01 
 3.662800000000e-09  3.820489553514e-01 
 3.672800000000e-09  2.629563914798e-01 
 3.682800000000e-09  1.100197191911e-01 
 3.692800000000e-09 -5.964101586371e-02 
 3.702800000000e-09 -2.252936903693e-01 
 3.712800000000e-09 -3.613261671018e-01 
 3.722800000000e-09 -4.441003574481e-01 
 3.732800000000e-09 -4.614026594595e-01 
 3.742800000000e-09 -4.138220967259e-01 
 3.752800000000e-09 -3.109425776686e-01 
 3.762800000000e-09 -1.681059074828e-01 
 3.772800000000e-09 -2.268994852265e-03 
 3.782800000000e-09  1.677290200397e-01 
 3.792800000000e-09  3.176028300027e-01 
 3.802800000000e-09  4.217905579718e-01 
 3.812800000000e-09  4.632551732332e-01 
 3.822800000000e-09  4.383464477258e-01 
 3.832800000000e-09  3.538867460324e-01 
 3.842800000000e-09  2.234772407891e-01 
 3.852800000000e-09  6.382569407589e-02 
 3.862800000000e-09 -1.073899475359e-01 
 3.872800000000e-09 -2.677651336318e-01 
 3.882800000000e-09 -3.912047521927e-01 
 3.892800000000e-09 -4.565883441923e-01 
 3.902800000000e-09 -4.554460097973e-01 
 3.912800000000e-09 -3.910699889115e-01 
 3.922800000000e-09 -2.750837118445e-01 
 3.932800000000e-09 -1.237975183303e-01 
 3.942800000000e-09  4.570595162151e-02 
 3.952800000000e-09  2.131139740326e-01 
 3.962800000000e-09  3.529672859647e-01 
 3.972800000000e-09  4.409841058879e-01 
 3.982800000000e-09  4.638015683590e-01 
 3.992800000000e-09  4.211166369262e-01 
 4.002800000000e-09  3.219343462405e-01 
 4.012800000000e-09  1.813277681248e-01 
 4.022800000000e-09  1.630147871186e-02 
 4.032800000000e-09 -1.546302210532e-01 
 4.042800000000e-09 -3.075214032218e-01 
 4.052800000000e-09 -4.165004619147e-01 
 4.062800000000e-09 -4.634872611642e-01 
 4.072800000000e-09 -4.437983815862e-01 
 4.082800000000e-09 -3.635308177918e-01 
 4.092800000000e-09 -2.359092887991e-01 
 4.102800000000e-09 -7.765390782415e-02 
 4.112800000000e-09  9.373201772525e-02 
 4.122800000000e-09  2.562844770481e-01 
 4.132800000000e-09  3.839057318865e-01 
 4.142800000000e-09  4.544992132053e-01 
 4.152800000000e-09  4.585889463925e-01 
 4.162800000000e-09  3.988814150344e-01 
 4.172800000000e-09  2.863903243240e-01 
 4.182800000000e-09  1.371781067506e-01 
 4.192800000000e-09 -3.169282604561e-02 
 4.202800000000e-09 -2.003463810107e-01 
 4.212800000000e-09 -3.435783771704e-01 
 4.222800000000e-09 -4.365916971654e-01 
 4.232800000000e-09 -4.649007707332e-01 
 4.242800000000e-09 -4.272702176885e-01 
 4.252800000000e-09 -3.320787404685e-01 
 4.262800000000e-09 -1.940663570378e-01 
 4.272800000000e-09 -3.024978038670e-02 
 4.282800000000e-09  1.411680845786e-01 
 4.292800000000e-09  2.966457751740e-01 
 4.302800000000e-09  4.101263253142e-01 
 4.312800000000e-09  4.624796470527e-01 
 4.322800000000e-09  4.480226856045e-01 
 4.332800000000e-09  3.721961972597e-01 
 4.342800000000e-09  2.477375423558e-01 
 4.352800000000e-09  9.127619301914e-02 
 4.362800000000e-09 -7.983691314839e-02 
 4.372800000000e-09 -2.441153187184e-01 
 4.382800000000e-09 -3.755682116320e-01 
 4.392800000000e-09 -4.513626234967e-01 
 4.402800000000e-09 -4.608893159701e-01 
 4.412800000000e-09 -4.060144085356e-01 
 4.422800000000e-09 -2.972045339827e-01 
 4.432800000000e-09 -1.502843389780e-01 
 4.442800000000e-09  1.770383036520e-02 
 4.452800000000e-09  1.873078026923e-01 
 4.462800000000e-09  3.336366657321e-01 
 4.472800000000e-09  4.314751892974e-01 
 4.482800000000e-09  4.652451969038e-01 
 4.492800000000e-09  4.327480744675e-01 
 4.502800000000e-09  3.418704235140e-01 
 4.512800000000e-09  2.068223219816e-01 
 4.522800000000e-09  4.438308912157e-02 
 4.532800000000e-09 -1.273657548726e-01 
 4.542800000000e-09 -2.852891197508e-01 
 4.552800000000e-09 -4.032140797854e-01 
 4.562800000000e-09 -4.610485028833e-01 
 4.572800000000e-09 -4.520156525291e-01 
 4.582800000000e-09 -3.807817570122e-01 
 4.592800000000e-09 -2.596162652909e-01 
 4.602800000000e-09 -1.050440708769e-01 
 4.612800000000e-09  6.569646982099e-02 
 4.622800000000e-09  2.315971140707e-01 
 4.632800000000e-09  3.668203641223e-01 
 4.642800000000e-09  4.478469676291e-01 
 4.652800000000e-09  4.629110177392e-01 
 4.662800000000e-09  4.130026515691e-01 
 4.672800000000e-09  3.080111872747e-01 
 4.682800000000e-09  1.634915141476e-01 
 4.692800000000e-09 -3.514613028677e-03 
 4.702800000000e-09 -1.739547178595e-01 
 4.712800000000e-09 -3.232867101365e-01 
 4.722800000000e-09 -4.259386501435e-01 
 4.732800000000e-09 -4.652503916860e-01 
 4.742800000000e-09 -4.380148814762e-01 
 4.752800000000e-09 -3.514016128611e-01 
 4.762800000000e-09 -2.192420193744e-01 
 4.772800000000e-09 -5.833140437903e-02 
 4.782800000000e-09  1.135091211300e-01 
 4.792800000000e-09  2.736098032153e-01 
 4.802800000000e-09  3.957615610477e-01 
 4.812800000000e-09  4.591035531904e-01 
 4.822800000000e-09  4.556424751340e-01 
 4.832800000000e-09  3.890598815875e-01 
 4.842800000000e-09  2.712310689989e-01 
 4.852800000000e-09  1.185981022730e-01 
 4.862800000000e-09 -5.168059484075e-02 
 4.872800000000e-09 -2.190558727970e-01 
 4.882800000000e-09 -3.578853984434e-01 
 4.892800000000e-09 -4.440330700440e-01 
 4.902800000000e-09 -4.645899554968e-01 
 4.912800000000e-09 -4.196538314181e-01 
 4.922800000000e-09 -3.185213727508e-01 
 4.932800000000e-09 -1.764530460086e-01 
 4.942800000000e-09 -1.050354171397e-02 
 4.952800000000e-09  1.606366765618e-01 
 4.962800000000e-09  3.127967482946e-01 
 4.972800000000e-09  4.201196199332e-01 
 4.982800000000e-09  4.649069628538e-01 
 4.992800000000e-09  4.429246681299e-01 
 5.002800000000e-09  3.606104980741e-01 
 5.012800000000e-09  2.314012175639e-01 
 5.022800000000e-09  7.208279377541e-02 
 5.032800000000e-09 -9.973459200884e-02 
 5.042800000000e-09 -2.618483990653e-01 
 5.052800000000e-09 -3.880687793831e-01 
 5.062800000000e-09 -4.567353524357e-01 
 5.072800000000e-09 -4.587150118202e-01 
 5.082800000000e-09 -3.968295952443e-01 
 5.092800000000e-09 -2.824659174996e-01 
 5.102800000000e-09 -1.319068920266e-01 
 5.112800000000e-09  3.773654873457e-02 
 5.122800000000e-09  2.063617780019e-01 
 5.132800000000e-09  3.485733937319e-01 
 5.142800000000e-09  4.397014730783e-01 
 5.152800000000e-09  4.657138917902e-01 
 5.162800000000e-09  4.257929326782e-01 
 5.172800000000e-09  3.286191875662e-01 
 5.182800000000e-09  1.891271672880e-01 
 5.192800000000e-09  2.438066949726e-02 
 5.202800000000e-09 -1.472579817436e-01 
 5.212800000000e-09 -3.020185678264e-01 
 5.222800000000e-09 -4.138394249243e-01 
 5.232800000000e-09 -4.639696140297e-01 
 5.242800000000e-09 -4.471858694251e-01 
 5.252800000000e-09 -3.692699362301e-01 
 5.262800000000e-09 -2.431840763374e-01 
 5.272800000000e-09 -8.563740000511e-02 
 5.282800000000e-09  8.593084283241e-02 
 5.292800000000e-09  2.497967938745e-01 
 5.302800000000e-09  3.798616425213e-01 
 5.312800000000e-09  4.535531012554e-01 
 5.322800000000e-09  4.607447230406e-01 
 5.332800000000e-09  4.036788676120e-01 
 5.342800000000e-09  2.930831825915e-01 
 5.352800000000e-09  1.449231216965e-01 
 5.362800000000e-09 -2.372353537990e-02 
 5.372800000000e-09 -1.932038939553e-01 
 5.382800000000e-09 -3.384475414683e-01 
 5.392800000000e-09 -4.343627497128e-01 
 5.402800000000e-09 -4.658215804235e-01 
 5.412800000000e-09 -4.310508762142e-01 
 5.422800000000e-09 -3.382509926018e-01 
 5.432800000000e-09 -2.018114384951e-01 
 5.442800000000e-09 -3.852936604456e-02 
 5.452800000000e-09  1.333723457118e-01 
 5.462800000000e-09  2.905369529894e-01 
 5.472800000000e-09  4.067830470490e-01 
 5.482800000000e-09  4.623867532742e-01 
 5.492800000000e-09  4.510381155634e-01 
 5.502800000000e-09  3.777447310965e-01 
 5.512800000000e-09  2.549987312788e-01 
 5.522800000000e-09  9.940457087814e-02 
 5.532800000000e-09 -7.173604174243e-02 
 5.542800000000e-09 -2.371927570432e-01 
 5.552800000000e-09 -3.710181605128e-01 
 5.562800000000e-09 -4.499392846620e-01 
 5.572800000000e-09 -4.626725410626e-01 
 5.582800000000e-09 -4.105897135742e-01 
 5.592800000000e-09 -3.038420782658e-01 
 5.602800000000e-09 -1.581266529282e-01 
 5.612800000000e-09  9.494886388894e-03 
 5.622800000000e-09  1.797897987552e-01 
 5.632800000000e-09  3.280377424127e-01 
 5.642800000000e-09  4.287737330298e-01 
 5.652800000000e-09  4.657772226903e-01 
 5.662800000000e-09  4.362752922690e-01 
 5.672800000000e-09  3.477545809178e-01 
 5.682800000000e-09  2.142265526079e-01 
 5.692800000000e-09  5.250507665716e-02 
 5.702800000000e-09 -1.194724435419e-01 
 5.712800000000e-09 -2.788196833150e-01 
 5.722800000000e-09 -3.993068205251e-01 
 5.732800000000e-09 -4.604121620007e-01 
 5.742800000000e-09 -4.546242889021e-01 
 5.752800000000e-09 -3.859908289305e-01 
 5.762800000000e-09 -2.666033491954e-01 
 5.772800000000e-09 -1.129812260282e-01 
 5.782800000000e-09  5.767402241081e-02 
 5.792800000000e-09  2.246046276942e-01 
 5.802800000000e-09  3.620521952621e-01 
 5.812800000000e-09  4.461073304720e-01 
 5.822800000000e-09  4.643401252579e-01 
 5.832800000000e-09  4.172366815635e-01 
 5.842800000000e-09  3.143592846028e-01 
 5.852800000000e-09  1.711143068781e-01 
 5.862800000000e-09  4.566670750216e-03 
 5.872800000000e-09 -1.664327401518e-01 
 5.882800000000e-09 -3.175329113222e-01 
 5.892800000000e-09 -4.229637669332e-01 
 5.902800000000e-09 -4.654521247406e-01 
 5.912800000000e-09 -4.412069648267e-01 
 5.922800000000e-09 -3.569880314516e-01 
 5.932800000000e-09 -2.264147157084e-01 
 5.942800000000e-09 -6.629670865872e-02 
 5.952800000000e-09  1.056625360074e-01 
 5.962800000000e-09  2.670482269647e-01 
 5.972800000000e-09  3.916347879651e-01 
 5.982800000000e-09  4.580786662907e-01 
 5.992800000000e-09  4.577337466718e-01 
 6.002800000000e-09  3.937973205457e-01 
 6.012800000000e-09  2.778753135486e-01 
 6.022800000000e-09  1.263343489291e-01 
 6.032800000000e-09 -4.368826615569e-02 
 6.042800000000e-09 -2.118938277749e-01 
 6.052800000000e-09 -3.527616182585e-01 
 6.062800000000e-09 -4.418243122918e-01 
 6.072800000000e-09 -4.655221633647e-01 
 6.082800000000e-09 -4.234337772517e-01 
 6.092800000000e-09 -3.245111353769e-01 
 6.102800000000e-09 -1.838402790932e-01 
 6.112800000000e-09 -1.849128672002e-02 
 6.122800000000e-09  1.530323117183e-01 
 6.132800000000e-09  3.067763803490e-01 
 6.142800000000e-09  4.167434530421e-01 
 6.152800000000e-09  4.646561805620e-01 
 6.162800000000e-09  4.456827416392e-01 
 6.172800000000e-09  3.658357298383e-01 
 6.182800000000e-09  2.383219487324e-01 
 6.192800000000e-09  7.991420565131e-02 
 6.202800000000e-09 -9.187426196248e-02 
 6.212800000000e-09 -2.551048138523e-01 
 6.222800000000e-09 -3.836160383704e-01 
 6.232800000000e-09 -4.551368232753e-01 
 6.242800000000e-09 -4.600203503978e-01 
 6.252800000000e-09 -4.008687286053e-01 
 6.262800000000e-09 -2.886484962332e-01 
 6.272800000000e-09 -1.394366238602e-01 
 6.282800000000e-09  2.967038226382e-02 
 6.292800000000e-09  1.988301258601e-01 
 6.302800000000e-09  3.428266320268e-01 
 6.312800000000e-09  4.367338153882e-01 
 6.322800000000e-09  4.658848119220e-01 
 6.332800000000e-09  4.289160492319e-01 
 6.342800000000e-09  3.343235983003e-01 
 6.352800000000e-09  1.966532743131e-01 
 6.362800000000e-09  3.269656159829e-02 
 6.372800000000e-09 -1.391874311833e-01 
 6.382800000000e-09 -2.954426087857e-01 
 6.392800000000e-09 -4.099168518299e-01 
 6.402800000000e-09 -4.632750747742e-01 
 6.412800000000e-09 -4.496623515137e-01 
 6.422800000000e-09 -3.744121039548e-01 
 6.432800000000e-09 -2.502208573719e-01 
 6.442800000000e-09 -9.374844109141e-02 
 6.452800000000e-09  7.764521429049e-02 
 6.462800000000e-09  2.425208620914e-01 
 6.472800000000e-09  3.748509191158e-01 
 6.482800000000e-09  4.516362491880e-01 
 6.492800000000e-09  4.620714809045e-01 
 6.502800000000e-09  4.078953353027e-01 
 6.512800000000e-09  2.995045182131e-01 
 6.522800000000e-09  1.527183020328e-01 
 6.532800000000e-09 -1.539186023101e-02 
 6.542800000000e-09 -1.854179327748e-01 
 6.552800000000e-09 -3.324836142121e-01 
 6.562800000000e-09 -4.312600110221e-01 
 6.572800000000e-09 -4.659730641156e-01 
 6.582800000000e-09 -4.342690398897e-01 
 6.592800000000e-09 -3.439367874790e-01 
 6.602800000000e-09 -2.091517597941e-01 
 6.612800000000e-09 -4.673005759520e-02 
 6.622800000000e-09  1.252752702111e-01 
 6.632800000000e-09  2.837758598317e-01 
 6.642800000000e-09  4.025470729360e-01 
 6.652800000000e-09  4.613208021475e-01 
 6.662800000000e-09  4.531442782791e-01 
 6.672800000000e-09  3.825675108870e-01 
 6.682800000000e-09  2.618002847239e-01 
 6.692800000000e-09  1.073717703402e-01 
 6.702800000000e-09 -6.347728391392e-02 
 6.712800000000e-09 -2.297978810521e-01 
 6.722800000000e-09 -3.657513998194e-01 
 6.732800000000e-09 -4.476863754558e-01 
 6.742800000000e-09 -4.636463541381e-01 
 6.752800000000e-09 -4.144855799427e-01 
 6.762800000000e-09 -3.100108736819e-01 
 6.772800000000e-09 -1.657500180304e-01 
 6.782800000000e-09  1.236610810943e-03 
 6.792800000000e-09  1.719457732085e-01 
 6.802800000000e-09  3.218730014661e-01 
 6.812800000000e-09  4.253686710343e-01 
 6.822800000000e-09  4.655911916829e-01 
 6.832800000000e-09  4.391730818513e-01 
 6.842800000000e-09  3.531759726954e-01 
 6.852800000000e-09  2.213821812301e-01 
 6.862800000000e-09  6.060450868173e-02 
 6.872800000000e-09 -1.113635969237e-01 
 6.882800000000e-09 -2.719133830030e-01 
 6.892800000000e-09 -3.948131386517e-01 
 6.902800000000e-09 -4.590530776998e-01 
 6.912800000000e-09 -4.564579328036e-01 
 6.922800000000e-09 -3.905791322602e-01 
 6.932800000000e-09 -2.732242419117e-01 
 6.942800000000e-09 -1.208249375367e-01 
 6.952800000000e-09  4.945996165538e-02 
 6.962800000000e-09  2.171453683633e-01 
 6.972800000000e-09  3.566094649227e-01 
 6.982800000000e-09  4.436088957834e-01 
 6.992800000000e-09  4.650494912821e-01 
 7.002800000000e-09  4.208873096449e-01 
 7.012800000000e-09  3.203283025435e-01 
 7.022800000000e-09  1.785926420290e-01 
 7.032800000000e-09  1.274687035495e-02 
 7.042800000000e-09 -1.585672865286e-01 
 7.052800000000e-09 -3.112303746419e-01 
 7.062800000000e-09 -4.193324003697e-01 
 7.072800000000e-09 -4.650063465996e-01 
 7.082800000000e-09 -4.438532578744e-01 
 7.092800000000e-09 -3.621964551316e-01 
 7.102800000000e-09 -2.334145263152e-01 
 7.112800000000e-09 -7.429798863578e-02 
 7.122800000000e-09  9.756733276325e-02 
 7.132800000000e-09  2.600469438095e-01 
 7.142800000000e-09  3.869480060547e-01 
 7.152800000000e-09  4.564797941153e-01 
 7.162800000000e-09  4.593258998738e-01 
 7.172800000000e-09  3.981714422717e-01 
 7.182800000000e-09  2.843285302661e-01 
 7.192800000000e-09  1.340588748920e-01 
 7.202800000000e-09 -3.552601495397e-02 
 7.212800000000e-09 -2.043882498536e-01 
 7.222800000000e-09 -3.471670301579e-01 
 7.232800000000e-09 -4.391048797556e-01 
 7.242800000000e-09 -4.659898744892e-01 
 7.252800000000e-09 -4.268579405104e-01 
 7.262800000000e-09 -3.302929315018e-01 
 7.272800000000e-09 -1.911805151424e-01 
 7.282800000000e-09 -2.659126376765e-02 
 7.292800000000e-09  1.451578269675e-01 
 7.302800000000e-09  3.003564990674e-01 
 7.312800000000e-09  4.129085934665e-01 
 7.322800000000e-09  4.639033290898e-01 
 7.332800000000e-09  4.479514464838e-01 
 7.342800000000e-09  3.707194448341e-01 
 7.352800000000e-09  2.451029934351e-01 
 7.362800000000e-09  8.780469473537e-02 
 7.372800000000e-09 -8.375619502599e-02 
 7.382800000000e-09 -2.479271823499e-01 
 7.392800000000e-09 -3.786210589748e-01 
 7.402800000000e-09 -4.531450374872e-01 
 7.412800000000e-09 -4.611933444703e-01 
 7.422800000000e-09 -4.048770906573e-01 
 7.432800000000e-09 -2.948400812271e-01 
 7.442800000000e-09 -1.470136314128e-01 
 7.452800000000e-09  2.152331413478e-02 
 7.462800000000e-09  1.911814760693e-01 
 7.472800000000e-09  3.369359178031e-01 
 7.482800000000e-09  4.336250422196e-01 
 7.492800000000e-09  4.659473103904e-01 
 7.502800000000e-09  4.319783490923e-01 
 7.512800000000e-09  3.398120387670e-01 
 7.522800000000e-09  2.037851675771e-01 
 7.532800000000e-09  4.070365964161e-02 
 7.542800000000e-09 -1.312539424047e-01 
 7.552800000000e-09 -2.887986342596e-01 
 7.562800000000e-09 -4.057308654511e-01 
 7.572800000000e-09 -4.621789165485e-01 
 7.582800000000e-09 -4.516639884159e-01 
 7.592800000000e-09 -3.790749206438e-01 
 7.602800000000e-09 -2.568318179417e-01 
 7.612800000000e-09 -1.015234141120e-01 
 7.622800000000e-09  6.956430657460e-02 
 7.632800000000e-09  2.352734619950e-01 
 7.642800000000e-09  3.696805653541e-01 
 7.652800000000e-09  4.494072507898e-01 
 7.662800000000e-09  4.629920373066e-01 
 7.672800000000e-09  4.116716606158e-01 
 7.682800000000e-09  3.055088300077e-01 
 7.692800000000e-09  1.601588999705e-01 
 7.702800000000e-09 -7.315119512296e-03 
 7.712800000000e-09 -1.777409030438e-01 
 7.722800000000e-09 -3.264515447035e-01 
 7.732800000000e-09 -4.279280469845e-01 
 7.742800000000e-09 -4.657835990355e-01 
 7.752800000000e-09 -4.370900010156e-01 
 7.762800000000e-09 -3.492234737567e-01 
 7.772800000000e-09 -2.161374075576e-01 
 7.782800000000e-09 -5.464813817226e-02 
 7.792800000000e-09  1.173452409872e-01 
 7.802800000000e-09  2.770277870907e-01 
 7.812800000000e-09  3.981646126385e-01 
 7.822800000000e-09  4.601016700010e-01 
 7.832800000000e-09  4.551532277799e-01 
 7.842800000000e-09  3.872379375609e-01 
 7.852800000000e-09  2.683741506259e-01 
 7.862800000000e-09  1.150607278362e-01 
 7.872800000000e-09 -5.551211477250e-02 
 7.882800000000e-09 -2.226578842402e-01 
 7.892800000000e-09 -3.606509574068e-01 
 7.902800000000e-09 -4.454896803288e-01 
 7.912800000000e-09 -4.645684378747e-01 
 7.922800000000e-09 -4.182348964173e-01 
 7.932800000000e-09 -3.159590261430e-01 
 7.942800000000e-09 -1.731001612583e-01 
 7.952800000000e-09 -6.724745105406e-03 
 7.962800000000e-09  1.643719535290e-01 
 7.972800000000e-09  3.158977523506e-01 
 7.982800000000e-09  4.220416898167e-01 
 7.992800000000e-09  4.653718934877e-01 
 8.002800000000e-09  4.419383690974e-01 
 8.012800000000e-09  3.583871677679e-01 
 8.022800000000e-09  2.282757839668e-01 
 8.032800000000e-09  6.841092304380e-02 
 8.042800000000e-09 -1.035357400172e-01 
 8.052800000000e-09 -2.652223125243e-01 
 8.062800000000e-09 -3.904285749982e-01 
 8.072800000000e-09 -4.576899775147e-01 
 8.082800000000e-09 -4.581843107413e-01 
 8.092800000000e-09 -3.949754711061e-01 
 8.102800000000e-09 -2.795931905432e-01 
 8.112800000000e-09 -1.283782517286e-01 
 8.122800000000e-09  4.153908513773e-02 
 8.132800000000e-09  2.099289133957e-01 
 8.142800000000e-09  3.513103785886e-01 
 8.152800000000e-09  4.411362730502e-01 
 8.162800000000e-09  4.656742557393e-01 
 8.172800000000e-09  4.243611029472e-01 
 8.182800000000e-09  3.260530566427e-01 
 8.192800000000e-09  1.857848130621e-01 
 8.202800000000e-09  2.062742197537e-02 
 8.212800000000e-09 -1.509656002328e-01 
 8.222800000000e-09 -3.051029391417e-01 
 8.232800000000e-09 -4.157579612181e-01 
 8.242800000000e-09 -4.644410051085e-01 
 8.252800000000e-09 -4.462141436170e-01 
 8.262800000000e-09 -3.670633436099e-01 
 8.272800000000e-09 -2.400765847499e-01 
 8.282800000000e-09 -8.198979024123e-02 
 8.292800000000e-09  8.971049739927e-02 
 8.302800000000e-09  2.531649891755e-01 
 8.312800000000e-09  3.822359374471e-01 
 8.322800000000e-09  4.545428953194e-01 
 8.332800000000e-09  4.602650644384e-01 
 8.342800000000e-09  4.018737933679e-01 
 8.352800000000e-09  2.902485297618e-01 
 8.362800000000e-09  1.414251485738e-01 
 8.372800000000e-09 -2.750794874866e-02 
 8.382800000000e-09 -1.967785659777e-01 
 8.392800000000e-09 -3.412242432684e-01 
 8.402800000000e-09 -4.358587938603e-01 
 8.412800000000e-09 -4.658476682340e-01 
 8.422800000000e-09 -4.296788280155e-01 
 8.432800000000e-09 -3.357407146106e-01 
 8.442800000000e-09 -1.985220337515e-01 
 8.452800000000e-09 -3.481568794968e-02 
 8.462800000000e-09  1.370701348805e-01 
 8.472800000000e-09  2.936524555798e-01 
 8.482800000000e-09  4.087685315318e-01 
 8.492800000000e-09  4.629417567097e-01 
 8.502800000000e-09  4.501521656432e-01 
 8.512800000000e-09  3.756148124521e-01 
 8.522800000000e-09  2.519517033634e-01 
 8.532800000000e-09  9.580243920980e-02 
 8.542800000000e-09 -7.549555227445e-02 
 8.552800000000e-09 -2.405796919333e-01 
 8.562800000000e-09 -3.734516592897e-01 
 8.572800000000e-09 -4.510123054497e-01 
 8.582800000000e-09 -4.622825723256e-01 
 8.592800000000e-09 -4.088680447615e-01 
 8.602800000000e-09 -3.010762665479e-01 
 8.612800000000e-09 -1.546820084908e-01 
 8.622800000000e-09  1.324764662275e-02 
 8.632800000000e-09  1.833694258869e-01 
 8.642800000000e-09  3.308638443428e-01 
 8.652800000000e-09  4.303519949623e-01 
 8.662800000000e-09  4.658971588524e-01 
 8.672800000000e-09  4.349937144381e-01 
 8.682800000000e-09  3.453207882526e-01 
 8.692800000000e-09  2.109942175720e-01 
 8.702800000000e-09  4.882919702465e-02 
 8.712800000000e-09 -1.231644715302e-01 
 8.722800000000e-09 -2.819721785943e-01 
 8.732800000000e-09 -4.013669442833e-01 
 8.742800000000e-09 -4.609471142109e-01 
 8.752800000000e-09 -4.535925733981e-01 
 8.762800000000e-09 -3.837329838362e-01 
 8.772800000000e-09 -2.635015426740e-01 
 8.782800000000e-09 -1.094026524437e-01 
 8.792800000000e-09  6.133911851060e-02 
 8.802800000000e-09  2.278489301404e-01 
 8.812800000000e-09  3.643232226633e-01 
 8.822800000000e-09  4.470206584863e-01 
 8.832800000000e-09  4.638123012098e-01 
 8.842800000000e-09  4.154163657327e-01 
 8.852800000000e-09  3.115479076453e-01 
 8.862800000000e-09  1.676866254355e-01 
 8.872800000000e-09  8.906808818032e-04 
 8.882800000000e-09 -1.698958405569e-01 
 8.892800000000e-09 -3.202286354129e-01 
 8.902800000000e-09 -4.244184361065e-01 
 8.912800000000e-09 -4.654670138851e-01 
 8.922800000000e-09 -4.398513575100e-01 
 8.932800000000e-09 -3.545208098976e-01 
 8.942800000000e-09 -2.231954925538e-01 
 8.952800000000e-09 -6.268384627970e-02 
 8.962800000000e-09  1.092566421114e-01 
 8.972800000000e-09  2.700913693338e-01 
 8.982800000000e-09  3.935945055868e-01 
 8.992800000000e-09  4.586360787693e-01 
 9.002800000000e-09  4.568682226340e-01 
 9.012800000000e-09  3.917116397644e-01 
 9.022800000000e-09  2.748980863718e-01 
 9.032800000000e-09  1.228330459993e-01 
 9.042800000000e-09 -4.733543371507e-02 
 9.052800000000e-09 -2.151930116189e-01 
 9.062800000000e-09 -3.551578508465e-01 
 9.072800000000e-09 -4.429066325595e-01 
 9.082800000000e-09 -4.651748199707e-01 
 9.092800000000e-09 -4.217795294708e-01 
 9.102800000000e-09 -3.218324324714e-01 
 9.112800000000e-09 -1.805026280999e-01 
 9.122800000000e-09 -1.485569366420e-02 
 9.132800000000e-09  1.565196046302e-01 
 9.142800000000e-09  3.095665782618e-01 
 9.152800000000e-09  4.183452010811e-01 
 9.162800000000e-09  4.648384822366e-01 
 9.172800000000e-09  4.444885859802e-01 
 9.182800000000e-09  3.635040294618e-01 
 9.192800000000e-09  2.351990414365e-01 
 9.202800000000e-09  7.635606664133e-02 
 9.212800000000e-09 -9.546785208782e-02 
 9.222800000000e-09 -2.582118732042e-01 
 9.232800000000e-09 -3.856963922464e-01 
 9.242800000000e-09 -4.558526024219e-01 
 9.252800000000e-09 -4.593272327194e-01 
 9.262800000000e-09 -3.989366824840e-01 
 9.272800000000e-09 -2.857852305481e-01 
 9.282800000000e-09 -1.360054709358e-01 
 9.292800000000e-09  3.330050172372e-02 
 9.302800000000e-09  2.021784404860e-01 
 9.312800000000e-09  3.453376604515e-01 
 9.322800000000e-09  4.379725932483e-01 
 9.332800000000e-09  4.657042185510e-01 
 9.342800000000e-09  4.274144755103e-01 
 9.352800000000e-09  3.315766736419e-01 
 9.362800000000e-09  1.930050357453e-01 
 9.372800000000e-09  2.875375385375e-02 
 9.382800000000e-09 -1.429186262235e-01 
 9.392800000000e-09 -2.983852992979e-01 
 9.402800000000e-09 -4.115514641636e-01 
 9.412800000000e-09 -4.633659311023e-01 
 9.422800000000e-09 -4.482703694550e-01 
 9.432800000000e-09 -3.718057205707e-01 
 9.442800000000e-09 -2.467854144254e-01 
 9.452800000000e-09 -8.988297401043e-02 
 9.462800000000e-09  8.151404967127e-02 
 9.472800000000e-09  2.458403928296e-01 
 9.482800000000e-09  3.770479460036e-01 
 9.492800000000e-09  4.523476265409e-01 
 9.502800000000e-09  4.612556180294e-01 
 9.512800000000e-09  4.057447961717e-01 
 9.522800000000e-09  2.963629765234e-01 
 9.532800000000e-09  1.489900797689e-01 
 9.542800000000e-09 -1.930759076716e-02 
 9.552800000000e-09 -1.890141488126e-01 
 9.562800000000e-09 -3.351705364225e-01 
 9.572800000000e-09 -4.325691596133e-01 
 9.582800000000e-09 -4.657426265792e-01 
 9.592800000000e-09 -4.326098808504e-01 
 9.602800000000e-09 -3.411496065200e-01 
 9.612800000000e-09 -2.056326732974e-01 
 9.622800000000e-09 -4.285889153242e-02 
 9.632800000000e-09  1.290449138609e-01 
 9.642800000000e-09  2.868709681362e-01 
 9.652800000000e-09  4.044226441117e-01 
 9.662800000000e-09  4.616923589764e-01 
 9.672800000000e-09  4.520295451841e-01 
 9.682800000000e-09  3.801974456020e-01 
 9.692800000000e-09  2.585344401988e-01 
 9.702800000000e-09  1.036001194997e-01 
 9.712800000000e-09 -6.734237900531e-02 
 9.722800000000e-09 -2.332167424267e-01 
 9.732800000000e-09 -3.681396593134e-01 
 9.742800000000e-09 -4.486419805134e-01 
 9.752800000000e-09 -4.630845706588e-01 
 9.762800000000e-09 -4.125638176616e-01 
 9.772800000000e-09 -3.070460872633e-01 
 9.782800000000e-09 -1.621346275887e-01 
 9.792800000000e-09  5.114602884683e-03 
 9.802800000000e-09  1.755953103035e-01 
 9.812800000000e-09  3.247060753282e-01 
 9.822800000000e-09  4.268883663455e-01 
 9.832800000000e-09  4.655935476313e-01 
 9.842800000000e-09  4.377336225166e-01 
 9.852800000000e-09  3.505682171310e-01 
 9.862800000000e-09  2.179845523071e-01 
 9.872800000000e-09  5.679231329526e-02 
 9.882800000000e-09 -1.151519233914e-01 
 9.892800000000e-09 -2.751127298996e-01 
 9.902800000000e-09 -3.968627871111e-01 
 9.912800000000e-09 -4.596231585186e-01 
 9.922800000000e-09 -4.555307752008e-01 
 9.932800000000e-09 -3.883695919339e-01 
 9.942800000000e-09 -2.700784914519e-01 
 9.952800000000e-09 -1.171279413114e-01 
 9.962800000000e-09  5.330739378322e-02 
 9.972800000000e-09  2.206176409951e-01 
 9.982800000000e-09  3.591197913486e-01 
 9.992800000000e-09  4.447287668034e-01 
 1.000000000000e-08  4.658065634617e-01 
