% time-domain voltage integration by openEMS v0.0.35-108-gc651cce @Mon Jan 26 10:16:21 2026
% start-coordinates: (-7.246e-05,-4.3075e-05,0.00015727) m -> [12,45,24]
% stop-coordinates: (-7.246e-05,-4.3075e-05,0.00016498) m -> [12,45,34]
% t/s	voltage
0	-0
3.56563812637e-13	-1.69238605074e-09
7.13127625273e-13	-4.3926460247e-09
1.06969143791e-12	-4.68814248533e-09
1.42625525055e-12	1.04028585746e-09
1.78281906318e-12	2.2028847857e-08
2.13938287582e-12	7.27867783823e-08
2.49594668846e-12	1.68909938481e-07
2.85251050109e-12	3.1615037166e-07
3.20907431373e-12	4.88803781451e-07
3.56563812637e-12	6.02911395475e-07
3.922201939e-12	4.97371491548e-07
4.27876575164e-12	-5.32954449461e-08
4.63532956428e-12	-1.27140587125e-06
4.99189337691e-12	-3.24810889651e-06
5.34845718955e-12	-5.7870576029e-06
5.70502100219e-12	-8.29721898299e-06
6.06158481482e-12	-9.82806091088e-06
6.41814862746e-12	-9.31099094714e-06
6.7747124401e-12	-5.97604926611e-06
7.13127625273e-12	2.05541414111e-07
7.48784006537e-12	8.27234049439e-06
7.84440387801e-12	1.63995615594e-05
8.20096769064e-12	2.2429302021e-05
8.55753150328e-12	2.46254163585e-05
8.91409531592e-12	2.23314696086e-05
9.27065912855e-12	1.62287883541e-05
9.62722294119e-12	8.07080112963e-06
9.98378675383e-12	1.97826403037e-08
1.03403505665e-11	-6.10837062709e-06
1.06969143791e-11	-9.3707080282e-06
1.10534781917e-11	-9.81755090379e-06
1.14100420044e-11	-8.23551920348e-06
1.1766605817e-11	-5.70092916519e-06
1.21231696296e-11	-3.16261102284e-06
1.24797334423e-11	-1.20354791022e-06
1.28362972549e-11	-9.52817494349e-09
1.31928610676e-11	5.18805084226e-07
1.35494248802e-11	6.08328253549e-07
1.39059886928e-11	4.85462948063e-07
1.42625525055e-11	3.09820874733e-07
1.46191163181e-11	1.63113493379e-07
1.49756801307e-11	6.89404862086e-08
1.53322439434e-11	2.01635043107e-08
1.5688807756e-11	5.79136263251e-10
1.60453715686e-11	-4.38993072449e-09
1.64019353813e-11	-3.7187053159e-09
1.67584991939e-11	-2.13211816258e-09
1.71150630066e-11	-1.93969239282e-09
1.74716268192e-11	-1.97210678343e-09
1.78281906318e-11	-2.03674088706e-09
1.81847544445e-11	-2.07732511748e-09
1.85413182571e-11	-2.04997813169e-09
1.88978820697e-11	-2.05876252157e-09
1.92544458824e-11	-2.08384590139e-09
1.9611009695e-11	-2.15351327049e-09
1.99675735077e-11	-2.14929406217e-09
2.03241373203e-11	-2.17532276914e-09
2.06807011329e-11	-2.17451057161e-09
2.10372649456e-11	-2.19699627935e-09
2.13938287582e-11	-2.23028039092e-09
2.17503925708e-11	-2.28223039078e-09
2.21069563835e-11	-2.27871833902e-09
2.24635201961e-11	-2.27036345279e-09
2.28200840087e-11	-2.3138523042e-09
2.31766478214e-11	-2.32037948578e-09
2.3533211634e-11	-2.35201379206e-09
2.38897754467e-11	-2.3690343437e-09
2.42463392593e-11	-2.35360535228e-09
2.46029030719e-11	-2.35934158321e-09
2.49594668846e-11	-2.39511951938e-09
