 1.628000000000e-10 -3.245398261391e-03 
 1.728000000000e-10 -2.035784351578e-02 
 1.828000000000e-10 -3.510543634995e-02 
 1.928000000000e-10 -4.498249971326e-02 
 2.028000000000e-10 -4.821576714802e-02 
 2.128000000000e-10 -4.406382691998e-02 
 2.228000000000e-10 -3.293581620110e-02 
 2.328000000000e-10 -1.633246905966e-02 
 2.428000000000e-10  3.367064742745e-03 
 2.528000000000e-10  2.327342979939e-02 
 2.628000000000e-10  4.042333851136e-02 
 2.728000000000e-10  5.218928263257e-02 
 2.828000000000e-10  5.661623900109e-02 
 2.928000000000e-10  5.269933448412e-02 
 3.028000000000e-10  4.056100593421e-02 
 3.128000000000e-10  2.153853906160e-02 
 3.228000000000e-10 -1.839425091650e-03 
 3.328000000000e-10 -2.608126451923e-02 
 3.428000000000e-10 -4.730778172640e-02 
 3.528000000000e-10 -6.201058382529e-02 
 3.628000000000e-10 -6.768413436051e-02 
 3.728000000000e-10 -6.318544590080e-02 
 3.828000000000e-10 -4.886278091018e-02 
 3.928000000000e-10 -2.650844577869e-02 
 4.028000000000e-10  8.148055900565e-04 
 4.128000000000e-10  2.913007188951e-02 
 4.228000000000e-10  5.413724882229e-02 
 4.328000000000e-10  7.191859710917e-02 
 4.428000000000e-10  7.953620957981e-02 
 4.528000000000e-10  7.544851471886e-02 
 4.628000000000e-10  5.971748001371e-02 
 4.728000000000e-10  3.406139890820e-02 
 4.828000000000e-10  1.831209640479e-03 
 4.928000000000e-10 -3.218880073958e-02 
 5.028000000000e-10 -6.255703050699e-02 
 5.128000000000e-10 -8.433962852230e-02 
 5.228000000000e-10 -9.397927110064e-02 
 5.328000000000e-10 -8.972386123532e-02 
 5.428000000000e-10 -7.176971247168e-02 
 5.528000000000e-10 -4.220023452459e-02 
 5.628000000000e-10 -4.865346795634e-03 
 5.728000000000e-10  3.484156131539e-02 
 5.828000000000e-10  7.075058888503e-02 
 5.928000000000e-10  9.716165362042e-02 
 6.028000000000e-10  1.098081117428e-01 
 6.128000000000e-10  1.064062427105e-01 
 6.228000000000e-10  8.687606859856e-02 
 6.328000000000e-10  5.329492033948e-02 
 6.428000000000e-10  9.843779693679e-03 
 6.528000000000e-10 -3.714918664237e-02 
 6.628000000000e-10 -8.009411672379e-02 
 6.728000000000e-10 -1.120561177842e-01 
 6.828000000000e-10 -1.279872272528e-01 
 6.928000000000e-10 -1.252404529868e-01 
 7.028000000000e-10 -1.037585730709e-01 
 7.128000000000e-10 -6.590784922679e-02 
 7.228000000000e-10 -1.629027316512e-02 
 7.328000000000e-10  3.811603053324e-02 
 7.428000000000e-10  8.864543277972e-02 
 7.528000000000e-10  1.271744601997e-01 
 7.628000000000e-10  1.476301115879e-01 
 7.728000000000e-10  1.466624513142e-01 
 7.828000000000e-10  1.239315284611e-01 
 7.928000000000e-10  8.186965236453e-02 
 8.028000000000e-10  2.536259464843e-02 
 8.128000000000e-10 -3.778239448513e-02 
 8.228000000000e-10 -9.722707978346e-02 
 8.328000000000e-10 -1.433004226212e-01 
 8.428000000000e-10 -1.688755691668e-01 
 8.528000000000e-10 -1.699779360390e-01 
 8.628000000000e-10 -1.461464865455e-01 
 8.728000000000e-10 -1.000730442083e-01 
 8.828000000000e-10 -3.699704290163e-02 
 8.928000000000e-10  3.483458728023e-02 
 9.028000000000e-10  1.038193134608e-01 
 9.128000000000e-10  1.586346659594e-01 
 9.228000000000e-10  1.907650022080e-01 
 9.328000000000e-10  1.952598918111e-01 
 9.428000000000e-10  1.712811289640e-01 
 9.528000000000e-10  1.216614394250e-01 
 9.628000000000e-10  5.193740162854e-02 
 9.728000000000e-10 -2.923590288946e-02 
 9.828000000000e-10 -1.086782987757e-01 
 9.928000000000e-10 -1.731399325975e-01 
 1.002800000000e-09 -2.126985366216e-01 
 1.012800000000e-09 -2.213849939969e-01 
 1.022800000000e-09 -1.979872040413e-01 
 1.032800000000e-09 -1.455519636543e-01 
 1.042800000000e-09 -7.003425480044e-02 
 1.052800000000e-09  1.981453069094e-02 
 1.062800000000e-09  1.099489113841e-01 
 1.072800000000e-09  1.850715685767e-01 
 1.082800000000e-09  2.335046089299e-01 
 1.092800000000e-09  2.479099369943e-01 
 1.102800000000e-09  2.264142787315e-01 
 1.112800000000e-09  1.721426177975e-01 
 1.122800000000e-09  9.148893743124e-02 
 1.132800000000e-09 -6.705396303230e-03 
 1.142800000000e-09 -1.076951078144e-01 
 1.152800000000e-09 -1.940097631206e-01 
 1.162800000000e-09 -2.522147886804e-01 
 1.172800000000e-09 -2.734825407740e-01 
 1.182800000000e-09 -2.551361164681e-01 
 1.192800000000e-09 -2.002679621314e-01 
 1.202800000000e-09 -1.157834315478e-01 
 1.212800000000e-09 -1.062862035577e-02 
 1.222800000000e-09  1.006442852141e-01 
 1.232800000000e-09  1.985911785358e-01 
 1.242800000000e-09  2.677055097566e-01 
 1.252800000000e-09  2.973710979048e-01 
 1.262800000000e-09  2.837779539646e-01 
 1.272800000000e-09  2.297494259319e-01 
 1.282800000000e-09  1.426399071822e-01 
 1.292800000000e-09  3.166227672970e-02 
 1.302800000000e-09 -8.909785718973e-02 
 1.312800000000e-09 -1.985597147491e-01 
 1.322800000000e-09 -2.791394613662e-01 
 1.332800000000e-09 -3.183404454315e-01 
 1.342800000000e-09 -3.109868710471e-01 
 1.352800000000e-09 -2.594030848338e-01 
 1.362800000000e-09 -1.712612952959e-01 
 1.372800000000e-09 -5.619712619934e-02 
 1.382800000000e-09  7.256920360931e-02 
 1.392800000000e-09  1.931957839920e-01 
 1.402800000000e-09  2.857480413021e-01 
 1.412800000000e-09  3.357108460608e-01 
 1.422800000000e-09  3.361920875874e-01 
 1.432800000000e-09  2.887482369723e-01 
 1.442800000000e-09  2.011022992469e-01 
 1.452800000000e-09  8.344157502249e-02 
 1.462800000000e-09 -5.173405001596e-02 
 1.472800000000e-09 -1.826657342415e-01 
 1.482800000000e-09 -2.871366745508e-01 
 1.492800000000e-09 -3.486649792224e-01 
 1.502800000000e-09 -3.583692119008e-01 
 1.512800000000e-09 -3.167710512714e-01 
 1.522800000000e-09 -2.313266506848e-01 
 1.532800000000e-09 -1.127961916783e-01 
 1.542800000000e-09  2.683545516834e-02 
 1.552800000000e-09  1.669350050004e-01 
 1.562800000000e-09  2.830985044729e-01 
 1.572800000000e-09  3.568685701091e-01 
 1.582800000000e-09  3.771031293722e-01 
 1.592800000000e-09  3.429937788017e-01 
 1.602800000000e-09  2.613844033612e-01 
 1.612800000000e-09  1.434873721668e-01 
 1.622800000000e-09  1.168787955038e-03 
 1.632800000000e-09 -1.465796751244e-01 
 1.642800000000e-09 -2.737646063548e-01 
 1.652800000000e-09 -3.600152986797e-01 
 1.662800000000e-09 -3.918122126365e-01 
 1.672800000000e-09 -3.667074859918e-01 
 1.682800000000e-09 -2.906195274391e-01 
 1.692800000000e-09 -1.749233402481e-01 
 1.702800000000e-09 -3.169722368854e-02 
 1.712800000000e-09  1.219732727645e-01 
 1.722800000000e-09  2.593834162840e-01 
 1.732800000000e-09  3.581395474765e-01 
 1.742800000000e-09  4.023501261880e-01 
 1.752800000000e-09  3.875889315781e-01 
 1.762800000000e-09  3.185769654485e-01 
 1.772800000000e-09  2.064892573549e-01 
 1.782800000000e-09  6.386410214524e-02 
 1.792800000000e-09 -9.384970530663e-02 
 1.802800000000e-09 -2.403860296200e-01 
 1.812800000000e-09 -3.513010575322e-01 
 1.822800000000e-09 -4.084992210783e-01 
 1.832800000000e-09 -4.052039498237e-01 
 1.842800000000e-09 -3.447460223188e-01 
 1.852800000000e-09 -2.377092070055e-01 
 1.862800000000e-09 -9.710396983991e-02 
 1.872800000000e-09  6.280243193288e-02 
 1.882800000000e-09  2.172519375205e-01 
 1.892800000000e-09  3.397762622233e-01 
 1.902800000000e-09  4.103002721424e-01 
 1.912800000000e-09  4.193803437489e-01 
 1.922800000000e-09  3.687706666725e-01 
 1.932800000000e-09  2.681144031343e-01 
 1.942800000000e-09  1.307595681681e-01 
 1.952800000000e-09 -2.961702870803e-02 
 1.962800000000e-09 -1.905144567933e-01 
 1.972800000000e-09 -3.238294632780e-01 
 1.982800000000e-09 -4.077214254748e-01 
 1.992800000000e-09 -4.298808743974e-01 
 2.002800000000e-09 -3.902904092677e-01 
 2.012800000000e-09 -2.973389593942e-01 
 2.022800000000e-09 -1.644054750989e-01 
 2.032800000000e-09 -5.075525472692e-03 
 2.042800000000e-09  1.606620638461e-01 
 2.052800000000e-09  3.038182951536e-01 
 2.062800000000e-09  4.008704728207e-01 
 2.072800000000e-09  4.366316359363e-01 
 2.082800000000e-09  4.090429768801e-01 
 2.092800000000e-09  3.250001258077e-01 
 2.102800000000e-09  1.975749139511e-01 
 2.112800000000e-09  4.059759662212e-02 
 2.122800000000e-09 -1.282126290106e-01 
 2.132800000000e-09 -2.801039399344e-01 
 2.142800000000e-09 -3.898163711117e-01 
 2.152800000000e-09 -4.395091388252e-01 
 2.162800000000e-09 -4.247483641894e-01 
 2.172800000000e-09 -3.507655097318e-01 
 2.182800000000e-09 -2.299561728005e-01 
 2.192800000000e-09 -7.650015383459e-02 
 2.202800000000e-09  9.364037495838e-02 
 2.212800000000e-09  2.530860990323e-01 
 2.222800000000e-09  3.747792990682e-01 
 2.232800000000e-09  4.385828362485e-01 
 2.242800000000e-09  4.372692001529e-01 
 2.252800000000e-09  3.743543706875e-01 
 2.262800000000e-09  2.612273943028e-01 
 2.272800000000e-09  1.122995762436e-01 
 2.282800000000e-09 -5.753516919342e-02 
 2.292800000000e-09 -2.232009096815e-01 
 2.302800000000e-09 -3.559897199897e-01 
 2.312800000000e-09 -4.338510478137e-01 
 2.322800000000e-09 -4.464681646243e-01 
 2.332800000000e-09 -3.955383457566e-01 
 2.342800000000e-09 -2.911215595319e-01 
 2.352800000000e-09 -1.476427573661e-01 
 2.362800000000e-09  2.045471780708e-02 
 2.372800000000e-09  1.908635265852e-01 
 2.382800000000e-09  3.337367759487e-01 
 2.392800000000e-09  4.253793096150e-01 
 2.402800000000e-09  4.522584504462e-01 
 2.412800000000e-09  4.140946161863e-01 
 2.422800000000e-09  3.193609552169e-01 
 2.432800000000e-09  1.821893139060e-01 
 2.442800000000e-09  1.703466033058e-02 
 2.452800000000e-09 -1.564678674999e-01 
 2.462800000000e-09 -3.082875471783e-01 
 2.472800000000e-09 -4.131761140217e-01 
 2.482800000000e-09 -4.545233001360e-01 
 2.492800000000e-09 -4.297789819537e-01 
 2.502800000000e-09 -3.456626784802e-01 
 2.512800000000e-09 -2.156906139502e-01 
 2.522800000000e-09 -5.453866758045e-02 
 2.532800000000e-09  1.203688878252e-01 
 2.542800000000e-09  2.799532208449e-01 
 2.552800000000e-09  3.973352311858e-01 
 2.562800000000e-09  4.532185625258e-01 
 2.572800000000e-09  4.424121631732e-01 
 2.582800000000e-09  3.697976763764e-01 
 2.592800000000e-09  2.479394758007e-01 
 2.602800000000e-09  9.173018865908e-02 
 2.612800000000e-09 -8.295004901164e-02 
 2.622800000000e-09 -2.490421443914e-01 
 2.632800000000e-09 -3.780289480019e-01 
 2.642800000000e-09 -4.484055808409e-01 
 2.652800000000e-09 -4.519166941652e-01 
 2.662800000000e-09 -3.916005245240e-01 
 2.672800000000e-09 -2.787522913178e-01 
 2.682800000000e-09 -1.283024422494e-01 
 2.692800000000e-09  4.470224000131e-02 
 2.702800000000e-09  2.159351606400e-01 
 2.712800000000e-09  3.555058350462e-01 
 2.722800000000e-09  4.401231251690e-01 
 2.732800000000e-09  4.582126840072e-01 
 2.742800000000e-09  4.108868916073e-01 
 2.752800000000e-09  3.078907908200e-01 
 2.762800000000e-09  1.639527027365e-01 
 2.772800000000e-09 -6.141067630344e-03 
 2.782800000000e-09 -1.809675194619e-01 
 2.792800000000e-09 -3.299871268937e-01 
 2.802800000000e-09 -4.283606177250e-01 
 2.812800000000e-09 -4.611819754073e-01 
 2.822800000000e-09 -4.274432057779e-01 
 2.832800000000e-09 -3.351297772149e-01 
 2.842800000000e-09 -1.984635905844e-01 
 2.852800000000e-09 -3.231785694845e-02 
 2.862800000000e-09  1.444555372354e-01 
 2.872800000000e-09  3.017268940217e-01 
 2.882800000000e-09  4.131296113646e-01 
 2.892800000000e-09  4.607216635117e-01 
 2.902800000000e-09  4.410549089064e-01 
 2.912800000000e-09  3.602303017866e-01 
 2.922800000000e-09  2.316539653098e-01 
 2.932800000000e-09  7.039661115068e-02 
 2.942800000000e-09 -1.066714266270e-01 
 2.952800000000e-09 -2.709614651090e-01 
 2.962800000000e-09 -3.945200568305e-01 
 2.972800000000e-09 -4.568549614119e-01 
 2.982800000000e-09 -4.516242145096e-01 
 2.992800000000e-09 -3.830545972760e-01 
 3.002800000000e-09 -2.634048028408e-01 
 3.012800000000e-09 -1.078404412945e-01 
 3.022800000000e-09  6.801918766061e-02 
 3.032800000000e-09  2.380339965097e-01 
 3.042800000000e-09  3.727485163388e-01 
 3.052800000000e-09  4.496294611382e-01 
 3.062800000000e-09  4.590883987041e-01 
 3.072800000000e-09  4.034462960926e-01 
 3.082800000000e-09  2.935182446188e-01 
 3.092800000000e-09  1.443732087999e-01 
 3.102800000000e-09 -2.894752169273e-02 
 3.112800000000e-09 -2.032513740565e-01 
 3.122800000000e-09 -3.480184278527e-01 
 3.132800000000e-09 -4.390587764642e-01 
 3.142800000000e-09 -4.633598386276e-01 
 3.152800000000e-09 -4.212367707940e-01 
 3.162800000000e-09 -3.218091359315e-01 
 3.172800000000e-09 -1.797718295151e-01 
 3.182800000000e-09 -1.007316682514e-02 
 3.192800000000e-09  1.669304236385e-01 
 3.202800000000e-09  3.205539881008e-01 
 3.212800000000e-09  4.251220041648e-01 
 3.222800000000e-09  4.643222141998e-01 
 3.232800000000e-09  4.362052796991e-01 
 3.242800000000e-09  3.480401020181e-01 
 3.252800000000e-09  2.138531265961e-01 
 3.262800000000e-09  4.873223078283e-02 
 3.272800000000e-09 -1.293215214137e-01 
 3.282800000000e-09 -2.905803809618e-01 
 3.292800000000e-09 -4.078367653670e-01 
 3.302800000000e-09 -4.619002345529e-01 
 3.312800000000e-09 -4.481884888530e-01 
 3.322800000000e-09 -3.720453427635e-01 
 3.332800000000e-09 -2.465061424999e-01 
 3.342800000000e-09 -8.681582467852e-02 
 3.352800000000e-09  9.070730664043e-02 
 3.362800000000e-09  2.583489202493e-01 
 3.372800000000e-09  3.873426436470e-01 
 3.382800000000e-09  4.561580039271e-01 
 3.392800000000e-09  4.571216543433e-01 
 3.402800000000e-09  3.936856341620e-01 
 3.412800000000e-09  2.775899268877e-01 
 3.422800000000e-09  1.240708772380e-01 
 3.432800000000e-09 -5.149998790467e-02 
 3.442800000000e-09 -2.241767382573e-01 
 3.452800000000e-09 -3.638427058842e-01 
 3.462800000000e-09 -4.471152173384e-01 
 3.472800000000e-09 -4.629403932896e-01 
 3.482800000000e-09 -4.128235666426e-01 
 3.492800000000e-09 -3.069236757143e-01 
 3.502800000000e-09 -1.602512205646e-01 
 3.512800000000e-09  1.216795161617e-02 
 3.522800000000e-09  1.883711691187e-01 
 3.532800000000e-09  3.375489390132e-01 
 3.542800000000e-09  4.347676164449e-01 
 3.552800000000e-09  4.655388483201e-01 
 3.562800000000e-09  4.292626977478e-01 
 3.572800000000e-09  3.343061667437e-01 
 3.582800000000e-09  1.951651724084e-01 
 3.592800000000e-09  2.689608319761e-02 
 3.602800000000e-09 -1.512079465018e-01 
 3.612800000000e-09 -3.086782365000e-01 
 3.622800000000e-09 -4.190901979939e-01 
 3.632800000000e-09 -4.647974713035e-01 
 3.642800000000e-09 -4.427924592551e-01 
 3.652800000000e-09 -3.595226207449e-01 
 3.662800000000e-09 -2.286707171901e-01 
 3.672800000000e-09 -6.545734846251e-02 
 3.682800000000e-09  1.129128329758e-01 
 3.692800000000e-09  2.774358111842e-01 
 3.702800000000e-09  4.001430821713e-01 
 3.712800000000e-09  4.607270490576e-01 
 3.722800000000e-09  4.533162897973e-01 
 3.732800000000e-09  3.824521050528e-01 
 3.742800000000e-09  2.606774944894e-01 
 3.752800000000e-09  1.032965140159e-01 
 3.762800000000e-09 -7.384219936172e-02 
 3.772800000000e-09 -2.441329632126e-01 
 3.782800000000e-09 -3.781189095223e-01 
 3.792800000000e-09 -4.533702210906e-01 
 3.802800000000e-09 -4.607740037842e-01 
 3.812800000000e-09 -4.029527237184e-01 
 3.822800000000e-09 -2.910137560249e-01 
 3.832800000000e-09 -1.401654867782e-01 
 3.842800000000e-09  3.440786291485e-02 
 3.852800000000e-09  2.090569203864e-01 
 3.862800000000e-09  3.532101467708e-01 
 3.872800000000e-09  4.427433505804e-01 
 3.882800000000e-09  4.650894297816e-01 
 3.892800000000e-09  4.208749950785e-01 
 3.902800000000e-09  3.195138936418e-01 
 3.912800000000e-09  1.758524878751e-01 
 3.922800000000e-09  4.926404895039e-03 
 3.932800000000e-09 -1.725123674155e-01 
 3.942800000000e-09 -3.256303534279e-01 
 3.952800000000e-09 -4.288193997135e-01 
 3.962800000000e-09 -4.661451226913e-01 
 3.972800000000e-09 -4.360038233667e-01 
 3.982800000000e-09 -3.459513023438e-01 
 3.992800000000e-09 -2.101855913507e-01 
 4.002800000000e-09 -4.385282168073e-02 
 4.012800000000e-09  1.347344124251e-01 
 4.022800000000e-09  2.955896086104e-01 
 4.032800000000e-09  4.115956924322e-01 
 4.042800000000e-09  4.638532731469e-01 
 4.052800000000e-09  4.481724719701e-01 
 4.062800000000e-09  3.701672418735e-01 
 4.072800000000e-09  2.430672909527e-01 
 4.082800000000e-09  8.217426185860e-02 
 4.092800000000e-09 -9.597867356312e-02 
 4.102800000000e-09 -2.633223821282e-01 
 4.112800000000e-09 -3.911936315361e-01 
 4.122800000000e-09 -4.582713336110e-01 
 4.132800000000e-09 -4.573085126752e-01 
 4.142800000000e-09 -3.920198462467e-01 
 4.152800000000e-09 -2.743672118669e-01 
 4.162800000000e-09 -1.196515806528e-01 
 4.172800000000e-09  5.663141920877e-02 
 4.182800000000e-09  2.291303554027e-01 
 4.192800000000e-09  3.678011239370e-01 
 4.202800000000e-09  4.494133550804e-01 
 4.212800000000e-09  4.633515156786e-01 
 4.222800000000e-09  4.113869312212e-01 
 4.232800000000e-09  3.039201733622e-01 
 4.242800000000e-09  1.560475453968e-01 
 4.252800000000e-09 -1.714749624222e-02 
 4.262800000000e-09 -1.933165955193e-01 
 4.272800000000e-09 -3.416307147319e-01 
 4.282800000000e-09 -4.372857263226e-01 
 4.292800000000e-09 -4.662057410920e-01 
 4.302800000000e-09 -4.280820987743e-01 
 4.312800000000e-09 -3.315342537395e-01 
 4.322800000000e-09 -1.911704737506e-01 
 4.332800000000e-09 -2.206868382330e-02 
 4.342800000000e-09  1.561559156722e-01 
 4.352800000000e-09  3.128929631325e-01 
 4.362800000000e-09  4.218538708237e-01 
 4.372800000000e-09  4.657438371025e-01 
 4.382800000000e-09  4.418904815484e-01 
 4.392800000000e-09  3.569933832975e-01 
 4.402800000000e-09  2.248789914312e-01 
 4.412800000000e-09  6.077407263067e-02 
 4.422800000000e-09 -1.178735043601e-01 
 4.432800000000e-09 -2.817861969836e-01 
 4.442800000000e-09 -4.031632325056e-01 
 4.452800000000e-09 -4.619613602455e-01 
 4.462800000000e-09 -4.527014854792e-01 
 4.472800000000e-09 -3.801683897941e-01 
 4.482800000000e-09 -2.570803857817e-01 
 4.492800000000e-09 -9.876680551386e-02 
 4.502800000000e-09  7.877887721881e-02 
 4.512800000000e-09  2.486025027275e-01 
 4.522800000000e-09  3.813857259174e-01 
 4.532800000000e-09  4.549051632829e-01 
 4.542800000000e-09  4.604665531359e-01 
 4.552800000000e-09  4.009426448796e-01 
 4.562800000000e-09  2.876422305509e-01 
 4.572800000000e-09  1.358113993343e-01 
 4.582800000000e-09 -3.929326361723e-02 
 4.592800000000e-09 -2.136389902041e-01 
 4.602800000000e-09 -3.567252813949e-01 
 4.612800000000e-09 -4.445967732629e-01 
 4.622800000000e-09 -4.651102205535e-01 
 4.632800000000e-09 -4.191529423956e-01 
 4.642800000000e-09 -3.163671376173e-01 
 4.652800000000e-09 -1.716746534359e-01 
 4.662800000000e-09 -1.271026489986e-04 
 4.672800000000e-09  1.771817057896e-01 
 4.682800000000e-09  3.293753097232e-01 
 4.692800000000e-09  4.309992062916e-01 
 4.702800000000e-09  4.665093201593e-01 
 4.712800000000e-09  4.345967802121e-01 
 4.722800000000e-09  3.430571934542e-01 
 4.732800000000e-09  2.061952734992e-01 
 4.742800000000e-09  3.915256805288e-02 
 4.752800000000e-09 -1.394862220214e-01 
 4.762800000000e-09 -2.995566623300e-01 
 4.772800000000e-09 -4.141085873717e-01 
 4.782800000000e-09 -4.645684675267e-01 
 4.792800000000e-09 -4.470953308806e-01 
 4.802800000000e-09 -3.675381515943e-01 
 4.812800000000e-09 -2.392683870348e-01 
 4.822800000000e-09 -7.758947095101e-02 
 4.832800000000e-09  1.007817967631e-01 
 4.842800000000e-09  2.674871833352e-01 
 4.852800000000e-09  3.940294310189e-01 
 4.862800000000e-09  4.593426854046e-01 
 4.872800000000e-09  4.565721827355e-01 
 4.882800000000e-09  3.896683942622e-01 
 4.892800000000e-09  2.707710744250e-01 
 4.902800000000e-09  1.152007663870e-01 
 4.912800000000e-09 -6.145142080801e-02 
 4.922800000000e-09 -2.334688238035e-01 
 4.932800000000e-09 -3.709413456253e-01 
 4.942800000000e-09 -4.508370797407e-01 
 4.952800000000e-09 -4.629610606589e-01 
 4.962800000000e-09 -4.093263637330e-01 
 4.972800000000e-09 -3.005419771863e-01 
 4.982800000000e-09 -1.517514695026e-01 
 4.992800000000e-09  2.193149188056e-02 
 5.002800000000e-09  1.977983068478e-01 
 5.012800000000e-09  3.450566260910e-01 
 5.022800000000e-09  4.390723806843e-01 
 5.032800000000e-09  4.661809568101e-01 
 5.042800000000e-09  4.263410523838e-01 
 5.052800000000e-09  3.283995935461e-01 
 5.062800000000e-09  1.870452620149e-01 
 5.072800000000e-09  1.735030026755e-02 
 5.082800000000e-09 -1.607616580235e-01 
 5.092800000000e-09 -3.165824538451e-01 
 5.102800000000e-09 -4.240148717399e-01 
 5.112800000000e-09 -4.661157555932e-01 
 5.122800000000e-09 -4.405014866309e-01 
 5.132800000000e-09 -3.541286049773e-01 
 5.142800000000e-09 -2.209362648284e-01 
 5.152800000000e-09 -5.613864189895e-02 
 5.162800000000e-09  1.225868540839e-01 
 5.172800000000e-09  2.857391655783e-01 
 5.182800000000e-09  4.056945136338e-01 
 5.192800000000e-09  4.627073883005e-01 
 5.202800000000e-09  4.516641168180e-01 
 5.212800000000e-09  3.775810833792e-01 
 5.222800000000e-09  2.533293881970e-01 
 5.232800000000e-09  9.424106391784e-02 
 5.242800000000e-09 -8.355106706266e-02 
 5.252800000000e-09 -2.527673873338e-01 
 5.262800000000e-09 -3.842560102448e-01 
 5.272800000000e-09 -4.560249724877e-01 
 5.282800000000e-09 -4.597847210723e-01 
 5.292800000000e-09 -3.986428615611e-01 
 5.302800000000e-09 -2.840977745326e-01 
 5.312800000000e-09 -1.314204883198e-01 
 5.322800000000e-09  4.407332208971e-02 
 5.332800000000e-09  2.179830117292e-01 
 5.342800000000e-09  3.599113166932e-01 
 5.352800000000e-09  4.460899451618e-01 
 5.362800000000e-09  4.647956982135e-01 
 5.372800000000e-09  4.171640281737e-01 
 5.382800000000e-09  3.130523293441e-01 
 5.392800000000e-09  1.674402529112e-01 
 5.402800000000e-09 -4.613517754582e-03 
 5.412800000000e-09 -1.816760029706e-01 
 5.422800000000e-09 -3.328574070355e-01 
 5.432800000000e-09 -4.328745076171e-01 
 5.442800000000e-09 -4.665788958610e-01 
 5.452800000000e-09 -4.329444698182e-01 
 5.462800000000e-09 -3.399967402667e-01 
 5.472800000000e-09 -2.021330336267e-01 
 5.482800000000e-09 -3.447960894857e-02 
 5.492800000000e-09  1.441060984257e-01 
 5.502800000000e-09  3.033116510152e-01 
 5.512800000000e-09  4.163642903411e-01 
 5.522800000000e-09  4.650286548444e-01 
 5.532800000000e-09  4.457990397747e-01 
 5.542800000000e-09  3.647535142872e-01 
 5.552800000000e-09  2.353914390078e-01 
 5.562800000000e-09  7.300775177551e-02 
 5.572800000000e-09 -1.054941274998e-01 
 5.582800000000e-09 -2.714866730673e-01 
 5.592800000000e-09 -3.966519163737e-01 
 5.602800000000e-09 -4.601933320710e-01 
 5.612800000000e-09 -4.556389064877e-01 
 5.622800000000e-09 -3.871693384434e-01 
 5.632800000000e-09 -2.670913737356e-01 
 5.642800000000e-09 -1.107343963101e-01 
 5.652800000000e-09  6.621136239243e-02 
 5.662800000000e-09  2.376776603768e-01 
 5.672800000000e-09  3.739042564415e-01 
 5.682800000000e-09  4.520699716749e-01 
 5.692800000000e-09  4.623947763527e-01 
 5.702800000000e-09  4.071281092896e-01 
 5.712800000000e-09  2.970783643724e-01 
 5.722800000000e-09  1.474267749811e-01 
 5.732800000000e-09 -2.668270832460e-02 
 5.742800000000e-09 -2.021816782288e-01 
 5.752800000000e-09 -3.483365849822e-01 
 5.762800000000e-09 -4.406920207906e-01 
 5.772800000000e-09 -4.659968412352e-01 
 5.782800000000e-09 -4.244692086213e-01 
 5.792800000000e-09 -3.251778784178e-01 
 5.802800000000e-09 -1.828825195576e-01 
 5.812800000000e-09 -1.264752281863e-02 
 5.822800000000e-09  1.652917672085e-01 
 5.832800000000e-09  3.201567451504e-01 
 5.842800000000e-09  4.260244415995e-01 
 5.852800000000e-09  4.663250734225e-01 
 5.862800000000e-09  4.389778246643e-01 
 5.872800000000e-09  3.511700553051e-01 
 5.882800000000e-09  2.169486470541e-01 
 5.892800000000e-09  5.150934255671e-02 
 5.902800000000e-09 -1.272347103440e-01 
 5.912800000000e-09 -2.895797006473e-01 
 5.922800000000e-09 -4.080842405233e-01 
 5.932800000000e-09 -4.633110478117e-01 
 5.942800000000e-09 -4.505027222739e-01 
 5.952800000000e-09 -3.749041176805e-01 
 5.962800000000e-09 -2.495304767616e-01 
 5.972800000000e-09 -8.971002377962e-02 
 5.982800000000e-09  8.827811848849e-02 
 5.992800000000e-09  2.568427697614e-01 
 6.002800000000e-09  3.870064931289e-01 
 6.012800000000e-09  4.570191211927e-01 
 6.022800000000e-09  4.589895087527e-01 
 6.032800000000e-09  3.962569443528e-01 
 6.042800000000e-09  2.805019126480e-01 
 6.052800000000e-09  1.270140320111e-01 
 6.062800000000e-09 -4.882661329257e-02 
 6.072800000000e-09 -2.222559457532e-01 
 6.082800000000e-09 -3.629951732562e-01 
 6.092800000000e-09 -4.474699550005e-01 
 6.102800000000e-09 -4.643757106876e-01 
 6.112800000000e-09 -4.150911898176e-01 
 6.122800000000e-09 -3.096837103451e-01 
 6.132800000000e-09 -1.631839118680e-01 
 6.142800000000e-09  9.340678832089e-03 
 6.152800000000e-09  1.861143745541e-01 
 6.162800000000e-09  3.362527470004e-01 
 6.172800000000e-09  4.346474545745e-01 
 6.182800000000e-09  4.665501336763e-01 
 6.192800000000e-09  4.312104131419e-01 
 6.202800000000e-09  3.368806286197e-01 
 6.212800000000e-09  1.980440916534e-01 
 6.222800000000e-09  2.981075785046e-02 
 6.232800000000e-09 -1.486820994737e-01 
 6.242800000000e-09 -3.069929660166e-01 
 6.252800000000e-09 -4.185278937792e-01 
 6.262800000000e-09 -4.653979391865e-01 
 6.272800000000e-09 -4.444109115401e-01 
 6.282800000000e-09 -3.618868699315e-01 
 6.292800000000e-09 -2.314636277388e-01 
 6.302800000000e-09 -6.840934927052e-02 
 6.312800000000e-09  1.101779496085e-01 
 6.322800000000e-09  2.754170321100e-01 
 6.332800000000e-09  3.991751095862e-01 
 6.342800000000e-09  4.609359825346e-01 
 6.352800000000e-09  4.546043420230e-01 
 6.362800000000e-09  3.845895119870e-01 
 6.372800000000e-09  2.633585532239e-01 
 6.382800000000e-09  1.062440656013e-01 
 6.392800000000e-09 -7.095702144422e-02 
 6.402800000000e-09 -2.418334476559e-01 
 6.412800000000e-09 -3.767843839511e-01 
 6.422800000000e-09 -4.532078290994e-01 
 6.432800000000e-09 -4.617358779966e-01 
 6.442800000000e-09 -4.048520521783e-01 
 6.452800000000e-09 -2.935592345643e-01 
 6.462800000000e-09 -1.430705128578e-01 
 6.472800000000e-09  3.143490251889e-02 
 6.482800000000e-09  2.065266117259e-01 
 6.492800000000e-09  3.515470939810e-01 
 6.502800000000e-09  4.422247900701e-01 
 6.512800000000e-09  4.657247993515e-01 
 6.522800000000e-09  4.225202069220e-01 
 6.532800000000e-09  3.218985518258e-01 
 6.542800000000e-09  1.786845812628e-01 
 6.552800000000e-09  7.935890506794e-03 
 6.562800000000e-09 -1.697939171643e-01 
 6.572800000000e-09 -3.236736828270e-01 
 6.582800000000e-09 -4.279564704838e-01 
 6.592800000000e-09 -4.664534055733e-01 
 6.602800000000e-09 -4.373800153934e-01 
 6.612800000000e-09 -3.481535381686e-01 
 6.622800000000e-09 -2.129228388367e-01 
 6.632800000000e-09 -4.686375586616e-02 
 6.642800000000e-09  1.318651625734e-01 
 6.652800000000e-09  2.933739828359e-01 
 6.662800000000e-09  4.104053269020e-01 
 6.672800000000e-09  4.638399087409e-01 
 6.682800000000e-09  4.492704822240e-01 
 6.692800000000e-09  3.721699452815e-01 
 6.702800000000e-09  2.456920184790e-01 
 6.712800000000e-09  8.515781300009e-02 
 6.722800000000e-09 -9.299743793071e-02 
 6.732800000000e-09 -2.608823389087e-01 
 6.742800000000e-09 -3.896982309606e-01 
 6.752800000000e-09 -4.579456088148e-01 
 6.762800000000e-09 -4.581277818076e-01 
 6.772800000000e-09 -3.938148301151e-01 
 6.782800000000e-09 -2.768644863509e-01 
 6.792800000000e-09 -1.225809734760e-01 
 6.802800000000e-09  5.358309264711e-02 
 6.812800000000e-09  2.265024223292e-01 
 6.822800000000e-09  3.660285504434e-01 
 6.832800000000e-09  4.487867587572e-01 
 6.842800000000e-09  4.638911275311e-01 
 6.852800000000e-09  4.129612248747e-01 
 6.862800000000e-09  3.062711052048e-01 
 6.872800000000e-09  1.588976872963e-01 
 6.882800000000e-09 -1.407850942438e-02 
 6.892800000000e-09 -1.905336495460e-01 
 6.902800000000e-09 -3.396049637057e-01 
 6.912800000000e-09 -4.363611152305e-01 
 6.922800000000e-09 -4.664588578323e-01 
 6.932800000000e-09 -4.294187317521e-01 
 6.942800000000e-09 -3.337185521103e-01 
 6.952800000000e-09 -1.939228137321e-01 
 6.962800000000e-09 -2.512609018957e-02 
 6.972800000000e-09  1.532454444849e-01 
 6.982800000000e-09  3.106380147897e-01 
 6.992800000000e-09  4.206366943514e-01 
 7.002800000000e-09  4.657075414669e-01 
 7.012800000000e-09  4.429765771726e-01 
 7.022800000000e-09  3.589954075576e-01 
 7.032800000000e-09  2.275206730338e-01 
 7.042800000000e-09  6.379787966448e-02 
 7.052800000000e-09 -1.148627101690e-01 
 7.062800000000e-09 -2.793278073748e-01 
 7.072800000000e-09 -4.016671303078e-01 
 7.082800000000e-09 -4.616404946800e-01 
 7.092800000000e-09 -4.535310214056e-01 
 7.102800000000e-09 -3.819763202972e-01 
 7.112800000000e-09 -2.595993507533e-01 
 7.122800000000e-09 -1.017351248213e-01 
 7.132800000000e-09  7.570174714989e-02 
 7.142800000000e-09  2.459686606372e-01 
 7.152800000000e-09  3.796296791490e-01 
 7.162800000000e-09  4.543056460707e-01 
 7.172800000000e-09  4.610382139539e-01 
 7.182800000000e-09  4.025488688598e-01 
 7.192800000000e-09  2.900255609897e-01 
 7.202800000000e-09  1.387029761501e-01 
 7.212800000000e-09 -3.619063527744e-02 
 7.222800000000e-09 -2.108589571675e-01 
 7.232800000000e-09 -3.547311761833e-01 
 7.242800000000e-09 -4.437233674918e-01 
 7.252800000000e-09 -4.654180657120e-01 
 7.262800000000e-09 -4.205410072421e-01 
 7.272800000000e-09 -3.185960493262e-01 
 7.282800000000e-09 -1.744703444699e-01 
 7.292800000000e-09 -3.218853249718e-03 
 7.302800000000e-09  1.742800703513e-01 
 7.312800000000e-09  3.271608886709e-01 
 7.322800000000e-09  4.298496033907e-01 
 7.332800000000e-09  4.665443877706e-01 
 7.342800000000e-09  4.357501998365e-01 
 7.352800000000e-09  3.451142919461e-01 
 7.362800000000e-09  2.088823949037e-01 
 7.372800000000e-09  4.221147687068e-02 
 7.382800000000e-09 -1.364847456402e-01 
 7.392800000000e-09 -2.971426525940e-01 
 7.402800000000e-09 -4.126888140071e-01 
 7.412800000000e-09 -4.643296526728e-01 
 7.422800000000e-09 -4.480027400006e-01 
 7.432800000000e-09 -3.694086692385e-01 
 7.442800000000e-09 -2.418356514749e-01 
 7.452800000000e-09 -8.059611999959e-02 
 7.462800000000e-09  9.770707436662e-02 
 7.472800000000e-09  2.648963917503e-01 
 7.482800000000e-09  3.923520567419e-01 
 7.492800000000e-09  4.588324682357e-01 
 7.502800000000e-09  4.572301200605e-01 
 7.512800000000e-09  3.913455255951e-01 
 7.522800000000e-09  2.732088827511e-01 
 7.532800000000e-09  1.181366197583e-01 
 7.542800000000e-09 -5.833740540723e-02 
 7.552800000000e-09 -2.307281074391e-01 
 7.562800000000e-09 -3.690267078957e-01 
 7.572800000000e-09 -4.500624205622e-01 
 7.582800000000e-09 -4.633671332990e-01 
 7.592800000000e-09 -4.107988764101e-01 
 7.602800000000e-09 -3.028357041424e-01 
 7.612800000000e-09 -1.545969382249e-01 
 7.622800000000e-09  1.881774233407e-02 
 7.632800000000e-09  1.949329075096e-01 
 7.642800000000e-09  3.429220366474e-01 
 7.652800000000e-09  4.380313458978e-01 
 7.662800000000e-09  4.663257082656e-01 
 7.672800000000e-09  4.275919188490e-01 
 7.682800000000e-09  3.305314622284e-01 
 7.692800000000e-09  1.897860298562e-01 
 7.702800000000e-09  2.043670001455e-02 
 7.712800000000e-09 -1.577922482269e-01 
 7.722800000000e-09 -3.142506927531e-01 
 7.732800000000e-09 -4.227016224259e-01 
 7.742800000000e-09 -4.659734022265e-01 
 7.752800000000e-09 -4.415037093164e-01 
 7.762800000000e-09 -3.560757260271e-01 
 7.772800000000e-09 -2.235602703333e-01 
 7.782800000000e-09 -5.918429200995e-02 
 7.792800000000e-09  1.195241400605e-01 
 7.802800000000e-09  2.832053803943e-01 
 7.812800000000e-09  4.041136932663e-01 
 7.822800000000e-09  4.623037619442e-01 
 7.832800000000e-09  4.524244909710e-01 
 7.842800000000e-09  3.793416679804e-01 
 7.852800000000e-09  2.558297631609e-01 
 7.862800000000e-09  9.722268786902e-02 
 7.872800000000e-09 -8.043657615653e-02 
 7.882800000000e-09 -2.500781030351e-01 
 7.892800000000e-09 -3.824355795798e-01 
 7.902800000000e-09 -4.553611032808e-01 
 7.912800000000e-09 -4.603005643504e-01 
 7.922800000000e-09 -4.002088561465e-01 
 7.932800000000e-09 -2.864624184903e-01 
 7.942800000000e-09 -1.343192399482e-01 
 7.952800000000e-09  4.094229405319e-02 
 7.962800000000e-09  2.151616862258e-01 
 7.972800000000e-09  3.578687764393e-01 
 7.982800000000e-09  4.451682753853e-01 
 7.992800000000e-09  4.650611625156e-01 
 8.002800000000e-09  4.185210041279e-01 
 8.012800000000e-09  3.152658496858e-01 
 8.022800000000e-09  1.702399131353e-01 
 8.032800000000e-09 -1.500778642346e-03 
 8.042800000000e-09 -1.787454821081e-01 
 8.052800000000e-09 -3.306084456330e-01 
 8.062800000000e-09 -4.316909453491e-01 
 8.072800000000e-09 -4.665832182774e-01 
 8.082800000000e-09 -4.340748599731e-01 
 8.092800000000e-09 -3.420414195955e-01 
 8.102800000000e-09 -2.048216726719e-01 
 8.112800000000e-09 -3.755380602993e-02 
 8.122800000000e-09  1.410840363790e-01 
 8.132800000000e-09  3.008731366222e-01 
 8.142800000000e-09  4.149212737738e-01 
 8.152800000000e-09  4.647687111890e-01 
 8.162800000000e-09  4.466905476733e-01 
 8.172800000000e-09  3.666150956414e-01 
 8.182800000000e-09  2.379594155161e-01 
 8.192800000000e-09  7.602598319099e-02 
 8.202800000000e-09 -1.024046700638e-01 
 8.212800000000e-09 -2.688791998803e-01 
 8.222800000000e-09 -3.949595268788e-01 
 8.232800000000e-09 -4.596696012379e-01 
 8.242800000000e-09 -4.562867282942e-01 
 8.252800000000e-09 -3.888407098293e-01 
 8.262800000000e-09 -2.695300414840e-01 
 8.272800000000e-09 -1.136799131169e-01 
 8.282800000000e-09  6.308468388979e-02 
 8.292800000000e-09  2.349255106715e-01 
 8.302800000000e-09  3.719809294682e-01 
 8.312800000000e-09  4.512890341698e-01 
 8.322800000000e-09  4.627970842373e-01 
 8.332800000000e-09  4.085996540343e-01 
 8.342800000000e-09  2.993750163355e-01 
 8.352800000000e-09  1.502811763032e-01 
 8.362800000000e-09 -2.355758471926e-02 
 8.372800000000e-09 -1.993093166548e-01 
 8.382800000000e-09 -3.461988635891e-01 
 8.392800000000e-09 -4.396516126393e-01 
 8.402800000000e-09 -4.661438822418e-01 
 8.412800000000e-09 -4.257238485620e-01 
 8.422800000000e-09 -3.273150513359e-01 
 8.432800000000e-09 -1.856317044382e-01 
 8.442800000000e-09 -1.574400830661e-02 
 8.452800000000e-09  1.623184055705e-01 
 8.462800000000e-09  3.178204061474e-01 
 8.472800000000e-09  4.247231570154e-01 
 8.482800000000e-09  4.662098514059e-01 
 8.492800000000e-09  4.400013550424e-01 
 8.502800000000e-09  3.531334529368e-01 
 8.512800000000e-09  2.195833051784e-01 
 8.522800000000e-09  5.455958210049e-02 
 8.532800000000e-09 -1.241804040856e-01 
 8.542800000000e-09 -2.870640077897e-01 
 8.552800000000e-09 -4.065287872694e-01 
 8.562800000000e-09 -4.629330267276e-01 
 8.572800000000e-09 -4.512856161181e-01 
 8.582800000000e-09 -3.766812601905e-01 
 8.592800000000e-09 -2.520412992021e-01 
 8.602800000000e-09 -9.269735672880e-02 
 8.612800000000e-09  8.516859202569e-02 
 8.622800000000e-09  2.541689266989e-01 
 8.632800000000e-09  3.852101053650e-01 
 8.642800000000e-09  4.563812533516e-01 
 8.652800000000e-09  4.595294312501e-01 
 8.662800000000e-09  3.978416214811e-01 
 8.672800000000e-09  2.828792615616e-01 
 8.682800000000e-09  1.299205660641e-01 
 8.692800000000e-09 -4.569728695420e-02 
 8.702800000000e-09 -2.194491428362e-01 
 8.712800000000e-09 -3.609763087539e-01 
 8.722800000000e-09 -4.465756629420e-01 
 8.732800000000e-09 -4.646669066739e-01 
 8.742800000000e-09 -4.164690019731e-01 
 8.752800000000e-09 -3.119115698121e-01 
 8.762800000000e-09 -1.659925144461e-01 
 8.772800000000e-09  6.226605458641e-03 
 8.782800000000e-09  1.831962973255e-01 
 8.792800000000e-09  3.340263256257e-01 
 8.802800000000e-09  4.334925007131e-01 
 8.812800000000e-09  4.665823139299e-01 
 8.822800000000e-09  4.323644524845e-01 
 8.832800000000e-09  3.389421770081e-01 
 8.842800000000e-09  2.007429424485e-01 
 8.852800000000e-09  3.288767225988e-02 
 8.862800000000e-09 -1.456715393952e-01 
 8.872800000000e-09 -3.045760636675e-01 
 8.882800000000e-09 -4.171138062856e-01 
 8.892800000000e-09 -4.651665159207e-01 
 8.902800000000e-09 -4.453291690190e-01 
 8.912800000000e-09 -3.637694775700e-01 
 8.922800000000e-09 -2.340445102432e-01 
 8.932800000000e-09 -7.143310054631e-02 
 8.942800000000e-09  1.070970456900e-01 
 8.952800000000e-09  2.728301312447e-01 
 8.962800000000e-09  3.975127056970e-01 
 8.972800000000e-09  4.604437846446e-01 
 8.982800000000e-09  4.552808950543e-01 
 8.992800000000e-09  3.862828436293e-01 
 9.002800000000e-09  2.658114884626e-01 
 9.012800000000e-09  1.091971253317e-01 
 9.022800000000e-09 -6.783513784296e-02 
 9.032800000000e-09 -2.390992734092e-01 
 9.042800000000e-09 -3.748890532051e-01 
 9.052800000000e-09 -4.524579981968e-01 
 9.062800000000e-09 -4.621674473326e-01 
 9.072800000000e-09 -4.063470435455e-01 
 9.082800000000e-09 -2.958720135696e-01 
 9.092800000000e-09 -1.459346677879e-01 
 9.102800000000e-09  2.830988421757e-02 
 9.112800000000e-09  2.036694134570e-01 
 9.122800000000e-09  3.494356386172e-01 
 9.132800000000e-09  4.412163319588e-01 
 9.142800000000e-09  4.659027908156e-01 
 9.152800000000e-09  4.238008067486e-01 
 9.162800000000e-09  3.240541450772e-01 
 9.172800000000e-09  1.814449482845e-01 
 9.182800000000e-09  1.103457450026e-02 
 9.192800000000e-09 -1.668338156834e-01 
 9.202800000000e-09 -3.213618294171e-01 
 9.212800000000e-09 -4.266870901504e-01 
 9.222800000000e-09 -4.663696994353e-01 
 9.232800000000e-09 -4.384309341778e-01 
 9.242800000000e-09 -3.501368964479e-01 
 9.252800000000e-09 -2.155697483952e-01 
 9.262800000000e-09 -4.991824329238e-02 
 9.272800000000e-09  1.288214597343e-01 
 9.282800000000e-09  2.908803935795e-01 
 9.292800000000e-09  4.088807233707e-01 
 9.302800000000e-09  4.634933591262e-01 
 9.312800000000e-09  4.500814906060e-01 
 9.322800000000e-09  3.739680206025e-01 
 9.332800000000e-09  2.482160148236e-01 
 9.342800000000e-09  8.815124253405e-02 
 9.352800000000e-09 -8.989514746938e-02 
 9.362800000000e-09 -2.582278963704e-01 
 9.372800000000e-09 -3.879306861610e-01 
 9.382800000000e-09 -4.573385765202e-01 
 9.392800000000e-09 -4.586960096492e-01 
 9.402800000000e-09 -3.954214229394e-01 
 9.412800000000e-09 -2.792564184043e-01 
 9.422800000000e-09 -1.254958643686e-01 
 9.432800000000e-09  5.045635723403e-02 
 9.442800000000e-09  2.237121697755e-01 
 9.452800000000e-09  3.640366682545e-01 
 9.462800000000e-09  4.479236008655e-01 
 9.472800000000e-09  4.642119475768e-01 
 9.482800000000e-09  4.143631886198e-01 
 9.492800000000e-09  3.085157375869e-01 
 9.502800000000e-09  1.617163985911e-01 
 9.512800000000e-09 -1.096360541534e-02 
 9.522800000000e-09 -1.876299498992e-01 
 9.532800000000e-09 -3.374039247772e-01 
 9.542800000000e-09 -4.352379093604e-01 
 9.552800000000e-09 -4.665219387349e-01 
 9.562800000000e-09 -4.305990216044e-01 
 9.572800000000e-09 -3.357988663368e-01 
 9.582800000000e-09 -1.966330385468e-01 
 9.592800000000e-09 -2.820593552345e-02 
 9.602800000000e-09  1.502471361537e-01 
 9.612800000000e-09  3.082445667578e-01 
 9.622800000000e-09  4.192540243014e-01 
 9.632800000000e-09  4.655074457255e-01 
 9.642800000000e-09  4.439223837848e-01 
 9.652800000000e-09  3.608982110733e-01 
 9.662800000000e-09  2.301139044195e-01 
 9.672800000000e-09  6.683170672020e-02 
 9.682800000000e-09 -1.117808112547e-01 
 9.692800000000e-09 -2.767585734265e-01 
 9.702800000000e-09 -4.000318301824e-01 
 9.712800000000e-09 -4.611821827424e-01 
 9.722800000000e-09 -4.542421653074e-01 
 9.732800000000e-09 -3.836994552677e-01 
 9.742800000000e-09 -2.620750778603e-01 
 9.752800000000e-09 -1.047022934431e-01 
 9.762800000000e-09  7.258279168575e-02 
 9.772800000000e-09  2.432529322984e-01 
 9.782800000000e-09  3.777634190620e-01 
 9.792800000000e-09  4.535886931849e-01 
 9.802800000000e-09  4.615014363620e-01 
 9.812800000000e-09  4.040651026985e-01 
 9.822800000000e-09  2.923484138528e-01 
 9.832800000000e-09  1.415745428701e-01 
 9.842800000000e-09 -3.306363290925e-02 
 9.852800000000e-09 -2.080113056553e-01 
 9.862800000000e-09 -3.526397261470e-01 
 9.872800000000e-09 -4.427407683778e-01 
 9.882800000000e-09 -4.656225221743e-01 
 9.892800000000e-09 -4.218446081870e-01 
 9.902800000000e-09 -3.207690788293e-01 
 9.912800000000e-09 -1.772421136605e-01 
 9.922800000000e-09 -6.319886655494e-03 
 9.932800000000e-09  1.713330912913e-01 
 9.942800000000e-09  3.248715206873e-01 
 9.952800000000e-09  4.286086588884e-01 
 9.962800000000e-09  4.664875305840e-01 
 9.972800000000e-09  4.368238584379e-01 
 9.982800000000e-09  3.471135121311e-01 
 9.992800000000e-09  2.115392813323e-01 
 1.000000000000e-08  9.357420090641e-02 
