% time-domain voltage integration by openEMS v0.0.36-88-g332ca7d @Sun Jan 18 11:44:44 2026
% start-coordinates: (-1.244e-05,-4.2175e-05,0.00015727) m -> [95,46,24]
% stop-coordinates: (-1.244e-05,-4.2175e-05,0.00016498) m -> [95,46,34]
% t/s	voltage
0	-0
3.56563812637e-13	6.40150645166e-11
7.13127625273e-13	-1.33878626934e-10
1.06969143791e-12	-4.4032750265e-13
1.42625525055e-12	1.244543869e-10
1.78281906318e-12	4.61803949248e-10
2.13938287582e-12	1.15728283206e-09
2.49594668846e-12	2.38843407552e-09
2.85251050109e-12	3.82343201544e-09
3.20907431373e-12	4.73456826522e-09
3.56563812637e-12	3.52912429835e-09
3.922201939e-12	-2.04338426735e-09
4.27876575164e-12	-1.38269571348e-08
4.63532956428e-12	-3.18928667919e-08
4.99189337691e-12	-5.24778431821e-08
5.34845718955e-12	-6.73077806823e-08
5.70502100219e-12	-6.45968021296e-08
6.06158481482e-12	-3.40346324457e-08
6.41814862746e-12	2.69966212718e-08
6.7747124401e-12	1.08177474534e-07
7.13127625273e-12	1.85297811761e-07
7.48784006537e-12	2.27879104031e-07
7.84440387801e-12	2.11439218134e-07
8.20096769064e-12	1.3059090076e-07
8.55753150328e-12	4.82896675424e-09
8.91409531592e-12	-1.27371359682e-07
9.27065912855e-12	-2.23686881462e-07
9.62722294119e-12	-2.55898656931e-07
9.98378675383e-12	-2.20327947886e-07
1.03403505665e-11	-1.37513645804e-07
1.06969143791e-11	-4.0744777996e-08
1.10534781917e-11	3.91471104422e-08
1.14100420044e-11	8.42820218061e-08
1.1766605817e-11	9.31764008172e-08
1.21231696296e-11	7.63650711555e-08
1.24797334423e-11	4.85344915369e-08
1.28362972549e-11	2.20597186074e-08
1.31928610676e-11	3.52819316818e-09
1.35494248802e-11	-5.79650002996e-09
1.39059886928e-11	-8.13560308011e-09
1.42625525055e-11	-6.78251937947e-09
1.46191163181e-11	-4.32842922615e-09
1.49756801307e-11	-2.21981416582e-09
1.53322439434e-11	-8.26416473448e-10
1.5688807756e-11	-1.14998726687e-10
1.60453715686e-11	1.27219366118e-10
1.64019353813e-11	1.63509763021e-10
1.67584991939e-11	1.07460036963e-10
1.71150630066e-11	-5.07347007627e-12
1.74716268192e-11	2.75347334993e-11
1.78281906318e-11	7.37196887736e-11
1.81847544445e-11	5.21818315554e-11
1.85413182571e-11	3.74570617578e-11
1.88978820697e-11	2.29819292936e-11
1.92544458824e-11	2.99865499185e-11
1.9611009695e-11	5.7106924441e-11
1.99675735077e-11	5.40139521651e-11
2.03241373203e-11	5.51595164943e-11
2.06807011329e-11	3.7516656665e-11
2.10372649456e-11	1.27145180235e-11
2.13938287582e-11	5.81715561138e-11
2.17503925708e-11	4.54956762368e-11
2.21069563835e-11	2.84556899528e-11
2.24635201961e-11	1.89128006875e-11
2.28200840087e-11	3.72286359048e-12
2.31766478214e-11	4.89821692321e-11
2.3533211634e-11	3.62992192728e-11
2.38897754467e-11	3.66032761826e-11
2.42463392593e-11	2.96428995309e-12
2.46029030719e-11	1.60558746203e-11
2.49594668846e-11	2.09750409316e-11
2.53160306972e-11	2.57509910747e-11
