 1.628000000000e-10  2.351470106985e-02 
 1.728000000000e-10  1.470665640244e-02 
 1.828000000000e-10  3.979986786218e-03 
 1.928000000000e-10 -7.497575368389e-03 
 2.028000000000e-10 -1.843688221131e-02 
 2.128000000000e-10 -2.756843849264e-02 
 2.228000000000e-10 -3.379719578109e-02 
 2.328000000000e-10 -3.633066535266e-02 
 2.428000000000e-10 -3.478112947220e-02 
 2.528000000000e-10 -2.921753883111e-02 
 2.628000000000e-10 -2.016982761554e-02 
 2.728000000000e-10 -8.577293308754e-03 
 2.828000000000e-10  4.306637841058e-03 
 2.928000000000e-10  1.704864352905e-02 
 3.028000000000e-10  2.818912088794e-02 
 3.128000000000e-10  3.641121812353e-02 
 3.228000000000e-10  4.069596596264e-02 
 3.328000000000e-10  4.044952734126e-02 
 3.428000000000e-10  3.558066769362e-02 
 3.528000000000e-10  2.652361726019e-02 
 3.628000000000e-10  1.419502503962e-02 
 3.728000000000e-10 -9.122372675652e-05 
 3.828000000000e-10 -1.475872119465e-02 
 3.928000000000e-10 -2.814094118913e-02 
 4.028000000000e-10 -3.866969184219e-02 
 4.128000000000e-10 -4.506009194499e-02 
 4.228000000000e-10 -4.647090868085e-02 
 4.328000000000e-10 -4.261148763090e-02 
 4.428000000000e-10 -3.378725190965e-02 
 4.528000000000e-10 -2.087435235890e-02 
 4.628000000000e-10 -5.233562995591e-03 
 4.728000000000e-10  1.142849162056e-02 
 4.828000000000e-10  2.723821333179e-02 
 4.928000000000e-10  4.036381064976e-02 
 5.028000000000e-10  4.922834849324e-02 
 5.128000000000e-10  5.270375813364e-02 
 5.228000000000e-10  5.025314823328e-02 
 5.328000000000e-10  4.200570444266e-02 
 5.428000000000e-10  2.874904468871e-02 
 5.528000000000e-10  1.185640959185e-02 
 5.628000000000e-10 -6.848554447449e-03 
 5.728000000000e-10 -2.528205378017e-02 
 5.828000000000e-10 -4.132638057810e-02 
 5.928000000000e-10 -5.307414574519e-02 
 6.028000000000e-10 -5.906315030663e-02 
 6.128000000000e-10 -5.845907348131e-02 
 6.228000000000e-10 -5.116647497148e-02 
 6.328000000000e-10 -3.784980757473e-02 
 6.428000000000e-10 -1.986734373490e-02 
 6.528000000000e-10  8.633911599365e-04 
 6.628000000000e-10  2.205810090008e-02 
 6.728000000000e-10  4.130751496796e-02 
 6.828000000000e-10  5.634925389127e-02 
 6.928000000000e-10  6.534226777155e-02 
 7.028000000000e-10  6.709977024302e-02 
 7.128000000000e-10  6.124349521652e-02 
 7.228000000000e-10  4.825419115859e-02 
 7.328000000000e-10  2.942677472614e-02 
 7.428000000000e-10  6.742884517824e-03 
 7.528000000000e-10 -1.732547310376e-02 
 7.628000000000e-10 -4.006867929619e-02 
 7.728000000000e-10 -5.883812621836e-02 
 7.828000000000e-10 -7.136465495073e-02 
 7.928000000000e-10 -7.604800900611e-02 
 8.028000000000e-10 -7.216252001482e-02 
 8.128000000000e-10 -5.995070764485e-02 
 8.228000000000e-10 -4.060037042212e-02 
 8.328000000000e-10 -1.612055771806e-02 
 8.428000000000e-10  1.085350587193e-02 
 8.528000000000e-10  3.732006327699e-02 
 8.628000000000e-10  6.022945201084e-02 
 8.728000000000e-10  7.684309147339e-02 
 8.828000000000e-10  8.508205024427e-02 
 8.928000000000e-10  8.380002454461e-02 
 9.028000000000e-10  7.292876673653e-02 
 9.128000000000e-10  5.348413609363e-02 
 9.228000000000e-10  2.745492492790e-02 
 9.328000000000e-10 -2.391787906338e-03 
 9.428000000000e-10 -3.277350276131e-02 
 9.528000000000e-10 -6.022514870477e-02 
 9.628000000000e-10 -8.149575550982e-02 
 9.728000000000e-10 -9.396183717819e-02 
 9.828000000000e-10 -9.597808956509e-02 
 9.928000000000e-10 -8.708866451345e-02 
 1.002800000000e-09 -6.807312127881e-02 
 1.012800000000e-09 -4.084829370763e-02 
 1.022800000000e-09 -8.271851693167e-03 
 1.032800000000e-09  2.612131879554e-02 
 1.042800000000e-09  5.845655809095e-02 
 1.052800000000e-09  8.494298188361e-02 
 1.062800000000e-09  1.023495543952e-01 
 1.072800000000e-09  1.084438480924e-01 
 1.082800000000e-09  1.022897307128e-01 
 1.092800000000e-09  8.434863119465e-02 
 1.102800000000e-09  5.639987318548e-02 
 1.112800000000e-09  2.134238599702e-02 
 1.122800000000e-09 -1.707145278407e-02 
 1.132800000000e-09 -5.457093067186e-02 
 1.142800000000e-09 -8.680506096841e-02 
 1.152800000000e-09 -1.098759734585e-01 
 1.162800000000e-09 -1.208757150576e-01 
 1.172800000000e-09 -1.182895364879e-01 
 1.182800000000e-09 -1.021725041546e-01 
 1.192800000000e-09 -7.409671118403e-02 
 1.202800000000e-09 -3.694608196459e-02 
 1.212800000000e-09  5.358113944964e-03 
 1.222800000000e-09  4.818490420479e-02 
 1.232800000000e-09  8.662736102570e-02 
 1.242800000000e-09  1.160768001226e-01 
 1.252800000000e-09  1.328602057866e-01 
 1.262800000000e-09  1.347720439142e-01 
 1.272800000000e-09  1.213522659631e-01 
 1.282800000000e-09  9.387965998347e-02 
 1.292800000000e-09  5.516044106463e-02 
 1.302800000000e-09  9.231659042367e-03 
 1.312800000000e-09 -3.896138834929e-02 
 1.322800000000e-09 -8.397715394802e-02 
 1.332800000000e-09 -1.204689009287e-01 
 1.342800000000e-09 -1.439172040759e-01 
 1.352800000000e-09 -1.513096305516e-01 
 1.362800000000e-09 -1.415546378350e-01 
 1.372800000000e-09 -1.155436949008e-01 
 1.382800000000e-09 -7.593526785851e-02 
 1.392800000000e-09 -2.682262390574e-02 
 1.402800000000e-09  2.659721836705e-02 
 1.412800000000e-09  7.839921790150e-02 
 1.422800000000e-09  1.225025673802e-01 
 1.432800000000e-09  1.534766261975e-01 
 1.442800000000e-09  1.673827601048e-01 
 1.452800000000e-09  1.623610699661e-01 
 1.462800000000e-09  1.387988850040e-01 
 1.472800000000e-09  9.912687297543e-02 
 1.482800000000e-09  4.743558812950e-02 
 1.492800000000e-09 -1.089105203520e-02 
 1.502800000000e-09 -6.951433104479e-02 
 1.512800000000e-09 -1.216549620448e-01 
 1.522800000000e-09 -1.609338716646e-01 
 1.532800000000e-09 -1.823776007013e-01 
 1.542800000000e-09 -1.832153917799e-01 
 1.552800000000e-09 -1.631979420945e-01 
 1.562800000000e-09 -1.244335835284e-01 
 1.572800000000e-09 -7.094853928123e-02 
 1.582800000000e-09 -8.247726482238e-03 
 1.592800000000e-09  5.700641066021e-02 
 1.602800000000e-09  1.174128273881e-01 
 1.612800000000e-09  1.656474630421e-01 
 1.622800000000e-09  1.956120592172e-01 
 1.632800000000e-09  2.034742566095e-01 
 1.642800000000e-09  1.881925201702e-01 
 1.652800000000e-09  1.514364955117e-01 
 1.662800000000e-09  9.710036840065e-02 
 1.672800000000e-09  3.075424992143e-02 
 1.682800000000e-09 -4.070649084311e-02 
 1.692800000000e-09 -1.093681100527e-01 
 1.702800000000e-09 -1.670141172967e-01 
 1.712800000000e-09 -2.063683346006e-01 
 1.722800000000e-09 -2.223980241805e-01 
 1.732800000000e-09 -2.131018850050e-01 
 1.742800000000e-09 -1.795681550669e-01 
 1.752800000000e-09 -1.254741955852e-01 
 1.762800000000e-09 -5.640656522951e-02 
 1.772800000000e-09  2.058936280790e-02 
 1.782800000000e-09  9.722219510249e-02 
 1.792800000000e-09  1.644909423238e-01 
 1.802800000000e-09  2.139388365775e-01 
 1.812800000000e-09  2.392142625291e-01 
 1.822800000000e-09  2.371777190912e-01 
 1.832800000000e-09  2.081674530620e-01 
 1.842800000000e-09  1.555312688184e-01 
 1.852800000000e-09  8.482362487042e-02 
 1.862800000000e-09  3.182711248387e-03 
 1.872800000000e-09 -8.085855274785e-02 
 1.882800000000e-09 -1.576727354180e-01 
 1.892800000000e-09 -2.176840353082e-01 
 1.902800000000e-09 -2.531445164584e-01 
 1.912800000000e-09 -2.596074854682e-01 
 1.922800000000e-09 -2.364737174153e-01 
 1.932800000000e-09 -1.866149416047e-01 
 1.942800000000e-09 -1.154870855369e-01 
 1.952800000000e-09 -3.028521656931e-02 
 1.962800000000e-09  6.033303296330e-02 
 1.972800000000e-09  1.463075981856e-01 
 1.982800000000e-09  2.170757116481e-01 
 1.992800000000e-09  2.634708589504e-01 
 2.002800000000e-09  2.795857683201e-01 
 2.012800000000e-09  2.636877667337e-01 
 2.022800000000e-09  2.179976190514e-01 
 2.032800000000e-09  1.477705026632e-01 
 2.042800000000e-09  6.023528788844e-02 
 2.052800000000e-09 -3.590027877020e-02 
 2.062800000000e-09 -1.303434235454e-01 
 2.072800000000e-09 -2.117438775281e-01 
 2.082800000000e-09 -2.695698437482e-01 
 2.092800000000e-09 -2.963390906365e-01 
 2.102800000000e-09 -2.889873304843e-01 
 2.112800000000e-09 -2.488943531472e-01 
 2.122800000000e-09 -1.809707879038e-01 
 2.132800000000e-09 -9.243971683564e-02 
 2.142800000000e-09  7.972049562175e-03 
 2.152800000000e-09  1.099135473422e-01 
 2.162800000000e-09  2.014981098045e-01 
 2.172800000000e-09  2.709601175547e-01 
 2.182800000000e-09  3.091857145149e-01 
 2.192800000000e-09  3.115913371282e-01 
 2.202800000000e-09  2.785125641459e-01 
 2.212800000000e-09  2.143425721482e-01 
 2.222800000000e-09  1.262218420574e-01 
 2.232800000000e-09  2.289619307611e-02 
 2.242800000000e-09 -8.534329185747e-02 
 2.252800000000e-09 -1.863448747573e-01 
 2.262800000000e-09 -2.673252018764e-01 
 2.272800000000e-09 -3.175591880070e-01 
 2.282800000000e-09 -3.307831580635e-01 
 2.292800000000e-09 -3.060781026100e-01 
 2.302800000000e-09 -2.471299811295e-01 
 2.312800000000e-09 -1.608703950714e-01 
 2.322800000000e-09 -5.606471444308e-02 
 2.332800000000e-09  5.710720203786e-02 
 2.342800000000e-09  1.664804126614e-01 
 2.352800000000e-09  2.585370090486e-01 
 2.362800000000e-09  3.210478984971e-01 
 2.372800000000e-09  3.459598347955e-01 
 2.382800000000e-09  3.308853995460e-01 
 2.392800000000e-09  2.786036249969e-01 
 2.402800000000e-09  1.956694050266e-01 
 2.412800000000e-09  9.084259204507e-02 
 2.422800000000e-09 -2.580087568083e-02 
 2.432800000000e-09 -1.422759596339e-01 
 2.442800000000e-09 -2.446543683329e-01 
 2.452800000000e-09 -3.194035279863e-01 
 2.462800000000e-09 -3.566440470294e-01 
 2.472800000000e-09 -3.523171725516e-01 
 2.482800000000e-09 -3.080853724261e-01 
 2.492800000000e-09 -2.299346627541e-01 
 2.502800000000e-09 -1.265413828251e-01 
 2.512800000000e-09 -7.918697109728e-03 
 2.522800000000e-09  1.142374400712e-01 
 2.532800000000e-09  2.259152007649e-01 
 2.542800000000e-09  3.125563559092e-01 
 2.552800000000e-09  3.625078121579e-01 
 2.562800000000e-09  3.698694890968e-01 
 2.572800000000e-09  3.349702028170e-01 
 2.582800000000e-09  2.630291778313e-01 
 2.592800000000e-09  1.624983721505e-01 
 2.602800000000e-09  4.337150207895e-02 
 2.612800000000e-09 -8.296615753938e-02 
 2.622800000000e-09 -2.027047451148e-01 
 2.632800000000e-09 -3.005962423830e-01 
 2.642800000000e-09 -3.633624833807e-01 
 2.652800000000e-09 -3.831479793096e-01 
 2.662800000000e-09 -3.587363278261e-01 
 2.672800000000e-09 -2.943750447746e-01 
 2.682800000000e-09 -1.981024283463e-01 
 2.692800000000e-09 -7.990065474664e-02 
 2.702800000000e-09  4.910616063158e-02 
 2.712800000000e-09  1.755162066976e-01 
 2.722800000000e-09  2.837544815717e-01 
 2.732800000000e-09  3.591596070349e-01 
 2.742800000000e-09  3.918809280446e-01 
 2.752800000000e-09  3.789549022928e-01 
 2.762800000000e-09  3.234522862517e-01 
 2.772800000000e-09  2.327944301677e-01 
 2.782800000000e-09  1.168887126641e-01 
 2.792800000000e-09 -1.331077436258e-02 
 2.802800000000e-09 -1.449150157869e-01 
 2.812800000000e-09 -2.623781202451e-01 
 2.822800000000e-09 -3.499698029257e-01 
 2.832800000000e-09 -3.959011205718e-01 
 2.842800000000e-09 -3.952812483217e-01 
 2.852800000000e-09 -3.498041033688e-01 
 2.862800000000e-09 -2.660759730625e-01 
 2.872800000000e-09 -1.537799035549e-01 
 2.882800000000e-09 -2.379577091829e-02 
 2.892800000000e-09  1.115008549749e-01 
 2.902800000000e-09  2.369044490471e-01 
 2.912800000000e-09  3.359758374941e-01 
 2.922800000000e-09  3.951469696981e-01 
 2.932800000000e-09  4.074596111402e-01 
 2.942800000000e-09  3.730429393509e-01 
 2.952800000000e-09  2.974934248544e-01 
 2.962800000000e-09  1.900691805714e-01 
 2.972800000000e-09  6.162828225447e-02 
 2.982800000000e-09 -7.588473478434e-02 
 2.992800000000e-09 -2.078335871350e-01 
 3.002800000000e-09 -3.174492006205e-01 
 3.012800000000e-09 -3.896378246534e-01 
 3.022800000000e-09 -4.153062707965e-01 
 3.032800000000e-09 -3.928393160614e-01 
 3.042800000000e-09 -3.266287382354e-01 
 3.052800000000e-09 -2.253007425292e-01 
 3.062800000000e-09 -9.965608862761e-02 
 3.072800000000e-09  3.865857037404e-02 
 3.082800000000e-09  1.756964379044e-01 
 3.092800000000e-09  2.947280295754e-01 
 3.102800000000e-09  3.794668500251e-01 
 3.112800000000e-09  4.187124483854e-01 
 3.122800000000e-09  4.089229659925e-01 
 3.132800000000e-09  3.531074629962e-01 
 3.142800000000e-09  2.590664597802e-01 
 3.152800000000e-09  1.374084067395e-01 
 3.162800000000e-09 -3.756877804262e-04 
 3.172800000000e-09 -1.410345322545e-01 
 3.182800000000e-09 -2.682103739677e-01 
 3.192800000000e-09 -3.648004840375e-01 
 3.202800000000e-09 -4.176374199427e-01 
 3.212800000000e-09 -4.210860355942e-01 
 3.222800000000e-09 -3.766088755317e-01 
 3.232800000000e-09 -2.909972076747e-01 
 3.242800000000e-09 -1.744662776852e-01 
 3.252800000000e-09 -3.845462768801e-02 
 3.262800000000e-09  1.043898482400e-01 
 3.272800000000e-09  2.383439362755e-01 
 3.282800000000e-09  3.458798064883e-01 
 3.292800000000e-09  4.121055349707e-01 
 3.302800000000e-09  4.291762672289e-01 
 3.312800000000e-09  3.968534080324e-01 
 3.322800000000e-09  3.207375851655e-01 
 3.332800000000e-09  2.104412169401e-01 
 3.342800000000e-09  7.736378651659e-02 
 3.352800000000e-09 -6.629473250398e-02 
 3.362800000000e-09 -2.056061586024e-01 
 3.372800000000e-09 -3.229984967553e-01 
 3.382800000000e-09 -4.021873167925e-01 
 3.392800000000e-09 -4.330890308270e-01 
 3.402800000000e-09 -4.135975147576e-01 
 3.412800000000e-09 -3.479561907925e-01 
 3.422800000000e-09 -2.449815475911e-01 
 3.432800000000e-09 -1.159367261696e-01 
 3.442800000000e-09  2.724828474638e-02 
 3.452800000000e-09  1.704813242003e-01 
 3.462800000000e-09  2.964963261932e-01 
 3.472800000000e-09  3.880017558253e-01 
 3.482800000000e-09  4.327656717661e-01 
 3.492800000000e-09  4.266397841948e-01 
 3.502800000000e-09  3.723593291814e-01 
 3.512800000000e-09  2.777686961295e-01 
 3.522800000000e-09  1.538095086684e-01 
 3.532800000000e-09  1.229507160012e-02 
 3.542800000000e-09 -1.334463375343e-01 
 3.552800000000e-09 -2.667518473140e-01 
 3.562800000000e-09 -3.697283798621e-01 
 3.572800000000e-09 -4.282041247911e-01 
 3.582800000000e-09 -4.358295305936e-01 
 3.592800000000e-09 -3.936923785128e-01 
 3.602800000000e-09 -3.084945097023e-01 
 3.612800000000e-09 -1.906445200184e-01 
 3.622800000000e-09 -5.191443805730e-02 
 3.632800000000e-09  9.497784918184e-02 
 3.642800000000e-09  2.341853796548e-01 
 3.652800000000e-09  3.476110286977e-01 
 3.662800000000e-09  4.194477100462e-01 
 3.672800000000e-09  4.410512733270e-01 
 3.682800000000e-09  4.117217056636e-01 
 3.692800000000e-09  3.368529672352e-01 
 3.702800000000e-09  2.261229393598e-01 
 3.712800000000e-09  9.122418200983e-02 
 3.722800000000e-09 -5.553943250967e-02 
 3.732800000000e-09 -1.992363742332e-01 
 3.742800000000e-09 -3.219351700039e-01 
 3.752800000000e-09 -4.065740583802e-01 
 3.762800000000e-09 -4.422270578376e-01 
 3.772800000000e-09 -4.262427514839e-01 
 3.782800000000e-09 -3.625615805765e-01 
 3.792800000000e-09 -2.599532921172e-01 
 3.802800000000e-09 -1.298858211322e-01 
 3.812800000000e-09  1.555874005912e-02 
 3.822800000000e-09  1.623420740746e-01 
 3.832800000000e-09  2.930246875018e-01 
 3.842800000000e-09  3.897046635718e-01 
 3.852800000000e-09  4.393185650915e-01 
 3.862800000000e-09  4.370893289854e-01 
 3.872800000000e-09  3.853712243265e-01 
 3.882800000000e-09  2.918605869632e-01 
 3.892800000000e-09  1.675951567036e-01 
 3.902800000000e-09  2.457365307730e-02 
 3.912800000000e-09 -1.239330095052e-01 
 3.922800000000e-09 -2.612401897040e-01 
 3.932800000000e-09 -3.690212358416e-01 
 3.942800000000e-09 -4.323368631157e-01 
 3.952800000000e-09 -4.441354465112e-01 
 3.962800000000e-09 -4.050572924244e-01 
 3.972800000000e-09 -3.215649809314e-01 
 3.982800000000e-09 -2.040591262824e-01 
 3.992800000000e-09 -6.449152816284e-02 
 4.002800000000e-09  8.444276063753e-02 
 4.012800000000e-09  2.269816668400e-01 
 4.022800000000e-09  3.447665103238e-01 
 4.032800000000e-09  4.213299320458e-01 
 4.042800000000e-09  4.472807067613e-01 
 4.052800000000e-09  4.214077710400e-01 
 4.062800000000e-09  3.487873967804e-01 
 4.072800000000e-09  2.389986686566e-01 
 4.082800000000e-09  1.038621593559e-01 
 4.092800000000e-09 -4.428814464772e-02 
 4.102800000000e-09 -1.906604303611e-01 
 4.112800000000e-09 -3.172183724910e-01 
 4.122800000000e-09 -4.063769753123e-01 
 4.132800000000e-09 -4.464610545590e-01 
 4.142800000000e-09 -4.342410205907e-01 
 4.152800000000e-09 -3.732753287138e-01 
 4.162800000000e-09 -2.721544905347e-01 
 4.172800000000e-09 -1.423920781769e-01 
 4.182800000000e-09  3.851188724088e-03 
 4.192800000000e-09  1.526827457150e-01 
 4.202800000000e-09  2.866917418102e-01 
 4.212800000000e-09  3.876033260831e-01 
 4.222800000000e-09  4.416501243958e-01 
 4.232800000000e-09  4.434107824765e-01 
 4.242800000000e-09  3.948032171179e-01 
 4.252800000000e-09  3.032705014605e-01 
 4.262800000000e-09  1.798079416171e-01 
 4.272800000000e-09  3.651480177481e-02 
 4.282800000000e-09 -1.134526633230e-01 
 4.292800000000e-09 -2.535399444638e-01 
 4.302800000000e-09 -3.651970589036e-01 
 4.312800000000e-09 -4.328672226314e-01 
 4.322800000000e-09 -4.488040413161e-01 
 4.332800000000e-09 -4.131606087240e-01 
 4.342800000000e-09 -3.320799097878e-01 
 4.352800000000e-09 -2.158407996339e-01 
 4.362800000000e-09 -7.647685477290e-02 
 4.372800000000e-09  7.337816115987e-02 
 4.382800000000e-09  2.181524886564e-01 
 4.392800000000e-09  3.394038299742e-01 
 4.402800000000e-09  4.201638411542e-01 
 4.412800000000e-09  4.503295087334e-01 
 4.422800000000e-09  4.281485425141e-01 
 4.432800000000e-09  3.583206763912e-01 
 4.442800000000e-09  2.502339868838e-01 
 4.452800000000e-09  1.157356468119e-01 
 4.462800000000e-09 -3.284473822746e-02 
 4.472800000000e-09 -1.809217429063e-01 
 4.482800000000e-09 -3.104983418989e-01 
 4.492800000000e-09 -4.036226587515e-01 
 4.502800000000e-09 -4.479336901768e-01 
 4.512800000000e-09 -4.396013128570e-01 
 4.522800000000e-09 -3.817595081424e-01 
 4.532800000000e-09 -2.827454196043e-01 
 4.542800000000e-09 -1.540233655482e-01 
 4.552800000000e-09 -7.792685561554e-03 
 4.562800000000e-09  1.422369727301e-01 
 4.572800000000e-09  2.787953840844e-01 
 4.582800000000e-09  3.833786499367e-01 
 4.592800000000e-09  4.416009813875e-01 
 4.602800000000e-09  4.473856246743e-01 
 4.612800000000e-09  4.021828852878e-01 
 4.622800000000e-09  3.131238303353e-01 
 4.632800000000e-09  1.910811134417e-01 
 4.642800000000e-09  4.820285004485e-02 
 4.652800000000e-09 -1.024884953369e-01 
 4.662800000000e-09 -2.446488607003e-01 
 4.672800000000e-09 -3.596312036869e-01 
 4.682800000000e-09 -4.313572429346e-01 
 4.692800000000e-09 -4.513942715670e-01 
 4.702800000000e-09 -4.193861574970e-01 
 4.712800000000e-09 -3.411084535321e-01 
 4.722800000000e-09 -2.266534703018e-01 
 4.732800000000e-09 -8.807463806605e-02 
 4.742800000000e-09  6.206716804222e-02 
 4.752800000000e-09  2.084413385381e-01 
 4.762800000000e-09  3.326273673449e-01 
 4.772800000000e-09  4.172597477826e-01 
 4.782800000000e-09  4.515506592321e-01 
 4.792800000000e-09  4.331850323920e-01 
 4.802800000000e-09  3.664527497832e-01 
 4.812800000000e-09  2.604981427343e-01 
 4.822800000000e-09  1.271297009784e-01 
 4.832800000000e-09 -2.133989844276e-02 
 4.842800000000e-09 -1.705574419825e-01 
 4.852800000000e-09 -3.026502556975e-01 
 4.862800000000e-09 -3.994001655478e-01 
 4.872800000000e-09 -4.478073428618e-01 
 4.882800000000e-09 -4.434221986391e-01 
 4.892800000000e-09 -3.889335806507e-01 
 4.902800000000e-09 -2.923802458479e-01 
 4.912800000000e-09 -1.651156357142e-01 
 4.922800000000e-09 -1.935876979150e-02 
 4.932800000000e-09  1.313735503123e-01 
 4.942800000000e-09  2.700153304913e-01 
 4.952800000000e-09  3.779249892123e-01 
 4.962800000000e-09  4.401600163579e-01 
 4.972800000000e-09  4.499799168484e-01 
 4.982800000000e-09  4.083472650040e-01 
 4.992800000000e-09  3.220461664278e-01 
 5.002800000000e-09  2.017782796116e-01 
 5.012800000000e-09  5.970794242260e-02 
 5.022800000000e-09 -9.127638962850e-02 
 5.032800000000e-09 -2.350833214074e-01 
 5.042800000000e-09 -3.530474670713e-01 
 5.052800000000e-09 -4.286419561127e-01 
 5.062800000000e-09 -4.527516575065e-01 
 5.072800000000e-09 -4.244903852343e-01 
 5.082800000000e-09 -3.492419162123e-01 
 5.092800000000e-09 -2.368720976816e-01 
 5.102800000000e-09 -9.941353107573e-02 
 5.112800000000e-09  5.064399647884e-02 
 5.122800000000e-09  1.982329986036e-01 
 5.132800000000e-09  3.250206216664e-01 
 5.142800000000e-09  4.133167102343e-01 
 5.152800000000e-09  4.516716558250e-01 
 5.162800000000e-09  4.371900204490e-01 
 5.172800000000e-09  3.737310415800e-01 
 5.182800000000e-09  2.701623916741e-01 
 5.192800000000e-09  1.382117994763e-01 
 5.202800000000e-09 -9.827760258735e-03 
 5.212800000000e-09 -1.598413117962e-01 
 5.222800000000e-09 -2.941326878261e-01 
 5.232800000000e-09 -3.942867589578e-01 
 5.242800000000e-09 -4.467028598257e-01 
 5.252800000000e-09 -4.463009653097e-01 
 5.262800000000e-09 -3.952993770165e-01 
 5.272800000000e-09 -3.014134892173e-01 
 5.282800000000e-09 -1.758557766455e-01 
 5.292800000000e-09 -3.084761244098e-02 
 5.302800000000e-09  1.202819308351e-01 
 5.312800000000e-09  2.607085183782e-01 
 5.322800000000e-09  3.717154291442e-01 
 5.332800000000e-09  4.378520414265e-01 
 5.342800000000e-09  4.517083660380e-01 
 5.352800000000e-09  4.137443054532e-01 
 5.362800000000e-09  3.303743763628e-01 
 5.372800000000e-09  2.120979717054e-01 
 5.382800000000e-09  7.107309789651e-02 
 5.392800000000e-09 -7.993664571460e-02 
 5.402800000000e-09 -2.251138633946e-01 
 5.412800000000e-09 -3.458288626821e-01 
 5.422800000000e-09 -4.251605056769e-01 
 5.432800000000e-09 -4.533186711066e-01 
 5.442800000000e-09 -4.288716731886e-01 
 5.452800000000e-09 -3.567935379515e-01 
 5.462800000000e-09 -2.466971753834e-01 
 5.472800000000e-09 -1.105661256368e-01 
 5.482800000000e-09  3.917356342826e-02 
 5.492800000000e-09  1.877245657607e-01 
 5.502800000000e-09  3.168860220764e-01 
 5.512800000000e-09  4.086984377427e-01 
 5.522800000000e-09  4.510722868545e-01 
 5.532800000000e-09  4.405161052916e-01 
 5.542800000000e-09  3.804438573692e-01 
 5.552800000000e-09  2.794240028570e-01 
 5.562800000000e-09  1.490733197532e-01 
 5.572800000000e-09  1.666877670356e-03 
 5.582800000000e-09 -1.489137696442e-01 
 5.592800000000e-09 -2.851836241009e-01 
 5.602800000000e-09 -3.885828855844e-01 
 5.612800000000e-09 -4.449436873025e-01 
 5.622800000000e-09 -4.485417513377e-01 
 5.632800000000e-09 -4.011163899189e-01 
 5.642800000000e-09 -3.100386700046e-01 
 5.652800000000e-09 -1.863496801819e-01 
 5.662800000000e-09 -4.226782377382e-02 
 5.672800000000e-09  1.090543435708e-01 
 5.682800000000e-09  2.510568516088e-01 
 5.692800000000e-09  3.649952454975e-01 
 5.702800000000e-09  4.349493081905e-01 
 5.712800000000e-09  4.528385032430e-01 
 5.722800000000e-09  4.186097082845e-01 
 5.732800000000e-09  3.382885781481e-01 
 5.742800000000e-09  2.221502833623e-01 
 5.752800000000e-09  8.232850608340e-02 
 5.762800000000e-09 -6.852458818489e-02 
 5.772800000000e-09 -2.148751905844e-01 
 5.782800000000e-09 -3.381698394187e-01 
 5.792800000000e-09 -4.211387202422e-01 
 5.802800000000e-09 -4.533259603121e-01 
 5.812800000000e-09 -4.327396849039e-01 
 5.822800000000e-09 -3.639306030101e-01 
 5.832800000000e-09 -2.562398322237e-01 
 5.842800000000e-09 -1.215768749838e-01 
 5.852800000000e-09  2.768483388715e-02 
 5.862800000000e-09  1.770150479590e-01 
 5.872800000000e-09  3.083787668968e-01 
 5.882800000000e-09  4.035929399377e-01 
 5.892800000000e-09  4.499501185366e-01 
 5.902800000000e-09  4.433480323025e-01 
 5.912800000000e-09  3.867437650687e-01 
 5.922800000000e-09  2.883890953960e-01 
 5.932800000000e-09  1.597662215385e-01 
 5.942800000000e-09  1.313525116153e-02 
 5.952800000000e-09 -1.378448481263e-01 
 5.962800000000e-09 -2.759251489775e-01 
 5.972800000000e-09 -3.824438529962e-01 
 5.982800000000e-09 -4.426976479012e-01 
 5.992800000000e-09 -4.503076132731e-01 
 6.002800000000e-09 -4.065229561261e-01 
 6.012800000000e-09 -3.183549108105e-01 
 6.022800000000e-09 -1.966525135816e-01 
 6.032800000000e-09 -5.362406391901e-02 
 6.042800000000e-09  9.773910144678e-02 
 6.052800000000e-09  2.411555303248e-01 
 6.062800000000e-09  3.578905690152e-01 
 6.072800000000e-09  4.315950753521e-01 
 6.082800000000e-09  4.535150764244e-01 
 6.092800000000e-09  4.230695440666e-01 
 6.102800000000e-09  3.458846272600e-01 
 6.112800000000e-09  2.319933517694e-01 
 6.122800000000e-09  9.348899539560e-02 
 6.132800000000e-09 -5.707233187885e-02 
 6.142800000000e-09 -2.044427247112e-01 
 6.152800000000e-09 -3.301775799344e-01 
 6.162800000000e-09 -4.166992691283e-01 
 6.172800000000e-09 -4.528976922513e-01 
 6.182800000000e-09 -4.362064543571e-01 
 6.192800000000e-09 -3.707417012026e-01 
 6.202800000000e-09 -2.655571210258e-01 
 6.212800000000e-09 -1.324676619207e-01 
 6.222800000000e-09  1.619496984919e-02 
 6.232800000000e-09  1.661599599377e-01 
 6.242800000000e-09  2.995846356976e-01 
 6.252800000000e-09  3.981026357580e-01 
 6.262800000000e-09  4.484115100325e-01 
 6.272800000000e-09  4.457844541927e-01 
 6.282800000000e-09  3.927114453493e-01 
 6.292800000000e-09  2.971130275083e-01 
 6.302800000000e-09  1.703168502153e-01 
 6.312800000000e-09  2.457058221470e-02 
 6.322800000000e-09 -1.266751398891e-01 
 6.332800000000e-09 -2.664259514184e-01 
 6.342800000000e-09 -3.759552289421e-01 
 6.352800000000e-09 -4.400553715667e-01 
 6.362800000000e-09 -4.516846330965e-01 
 6.372800000000e-09 -4.115915067012e-01 
 6.382800000000e-09 -3.264143221341e-01 
 6.392800000000e-09 -2.067927739344e-01 
 6.402800000000e-09 -6.491736277324e-02 
 6.412800000000e-09  8.636470253852e-02 
 6.422800000000e-09  2.310586477902e-01 
 6.432800000000e-09  3.504726290074e-01 
 6.442800000000e-09  4.278648789243e-01 
 6.452800000000e-09  4.538100737818e-01 
 6.462800000000e-09  4.271866649974e-01 
 6.472800000000e-09  3.532099865427e-01 
 6.482800000000e-09  2.416554831972e-01 
 6.492800000000e-09  1.045615233830e-01 
 6.502800000000e-09 -4.559691485895e-02 
 6.512800000000e-09 -1.938559248528e-01 
 6.522800000000e-09 -3.219074567218e-01 
 6.532800000000e-09 -4.119042381427e-01 
 6.542800000000e-09 -4.520961001466e-01 
 6.552800000000e-09 -4.393277519790e-01 
 6.562800000000e-09 -3.772707164276e-01 
 6.572800000000e-09 -2.746773760590e-01 
 6.582800000000e-09 -1.432492147904e-01 
 6.592800000000e-09  4.713821395552e-03 
 6.602800000000e-09  1.551892510966e-01 
 6.612800000000e-09  2.905489630472e-01 
 6.622800000000e-09  3.922802821693e-01 
 6.632800000000e-09  4.465101087006e-01 
 6.642800000000e-09  4.478744200123e-01 
 6.652800000000e-09  3.983864608097e-01 
 6.662800000000e-09  3.056224197081e-01 
 6.672800000000e-09  1.807376370262e-01 
 6.682800000000e-09  3.596817179344e-02 
 6.692800000000e-09 -1.154273334029e-01 
 6.702800000000e-09 -2.567231894639e-01 
 6.712800000000e-09 -3.691617959719e-01 
 6.722800000000e-09 -4.370627230372e-01 
 6.732800000000e-09 -4.527155630173e-01 
 6.742800000000e-09 -4.163573736878e-01 
 6.752800000000e-09 -3.342418113718e-01 
 6.762800000000e-09 -2.167839098687e-01 
 6.772800000000e-09 -7.614715804403e-02 
 6.782800000000e-09  7.494755306252e-02 
 6.792800000000e-09  2.207959558139e-01 
 6.802800000000e-09  3.427788840341e-01 
 6.812800000000e-09  4.237976086451e-01 
 6.822800000000e-09  4.537605681171e-01 
 6.832800000000e-09  4.309926204276e-01 
 6.842800000000e-09  3.602879536297e-01 
 6.852800000000e-09  2.511513486777e-01 
 6.862800000000e-09  1.155486186634e-01 
 6.872800000000e-09 -3.411054544872e-02 
 6.882800000000e-09 -1.831392547560e-01 
 6.892800000000e-09 -3.133917007993e-01 
 6.902800000000e-09 -4.067877130374e-01 
 6.912800000000e-09 -4.509538348369e-01 
 6.922800000000e-09 -4.421316106088e-01 
 6.932800000000e-09 -3.835385900824e-01 
 6.942800000000e-09 -2.836128520082e-01 
 6.952800000000e-09 -1.539245643786e-01 
 6.962800000000e-09 -6.750145209388e-03 
 6.972800000000e-09  1.441226438129e-01 
 6.982800000000e-09  2.812993869415e-01 
 6.992800000000e-09  3.861559231240e-01 
 7.002800000000e-09  4.442745334786e-01 
 7.012800000000e-09  4.496426823785e-01 
 7.022800000000e-09  4.037874664134e-01 
 7.032800000000e-09  3.139284449235e-01 
 7.042800000000e-09  1.910324105429e-01 
 7.052800000000e-09  4.732233120131e-02 
 7.062800000000e-09 -1.041174801135e-01 
 7.072800000000e-09 -2.468405664525e-01 
 7.082800000000e-09 -3.620904881948e-01 
 7.092800000000e-09 -4.337431702438e-01 
 7.102800000000e-09 -4.534188523693e-01 
 7.112800000000e-09 -4.208349247598e-01 
 7.122800000000e-09 -3.418463107289e-01 
 7.132800000000e-09 -2.266297910061e-01 
 7.142800000000e-09 -8.731062271318e-02 
 7.152800000000e-09  6.349880730446e-02 
 7.162800000000e-09  2.103851043045e-01 
 7.172800000000e-09  3.348295517616e-01 
 7.182800000000e-09  4.194120517296e-01 
 7.192800000000e-09  4.533830812025e-01 
 7.202800000000e-09  4.345003171637e-01 
 7.212800000000e-09  3.671270001434e-01 
 7.222800000000e-09  2.604843266121e-01 
 7.232800000000e-09  1.264488932398e-01 
 7.242800000000e-09 -2.262106221880e-02 
 7.252800000000e-09 -1.723067603397e-01 
 7.262800000000e-09 -3.046476332804e-01 
 7.272800000000e-09 -4.013663425716e-01 
 7.282800000000e-09 -4.494855257393e-01 
 7.292800000000e-09 -4.446279829286e-01 
 7.302800000000e-09 -3.895523943825e-01 
 7.312800000000e-09 -2.923686917089e-01 
 7.322800000000e-09 -1.644947696935e-01 
 7.332800000000e-09 -1.819217305986e-02 
 7.342800000000e-09  1.329711285582e-01 
 7.352800000000e-09  2.718508393690e-01 
 7.362800000000e-09  3.797447490803e-01 
 7.372800000000e-09  4.417180473572e-01 
 7.382800000000e-09  4.511001115420e-01 
 7.392800000000e-09  4.089221252964e-01 
 7.402800000000e-09  3.220353107060e-01 
 7.412800000000e-09  2.012025926793e-01 
 7.422800000000e-09  5.862984017965e-02 
 7.432800000000e-09 -9.275471858821e-02 
 7.442800000000e-09 -2.367912097724e-01 
 7.452800000000e-09 -3.547538594902e-01 
 7.462800000000e-09 -4.301106226107e-01 
 7.472800000000e-09 -4.538099527021e-01 
 7.482800000000e-09 -4.250351369012e-01 
 7.492800000000e-09 -3.492346600033e-01 
 7.502800000000e-09 -2.363332779217e-01 
 7.512800000000e-09 -9.840539014000e-02 
 7.522800000000e-09  5.202779431601e-02 
 7.532800000000e-09  1.998408730040e-01 
 7.542800000000e-09  3.266414878920e-01 
 7.552800000000e-09  4.147234692290e-01 
 7.562800000000e-09  4.526907352795e-01 
 7.572800000000e-09  4.377197544903e-01 
 7.582800000000e-09  3.737334642289e-01 
 7.592800000000e-09  2.696569993605e-01 
 7.602800000000e-09  1.372609189652e-01 
 7.612800000000e-09 -1.113575805550e-02 
 7.622800000000e-09 -1.613710507488e-01 
 7.632800000000e-09 -2.956905458745e-01 
 7.642800000000e-09 -3.956544174465e-01 
 7.652800000000e-09 -4.477031339794e-01 
 7.662800000000e-09 -4.468308296294e-01 
 7.672800000000e-09 -3.953197150617e-01 
 7.682800000000e-09 -3.009421368498e-01 
 7.692800000000e-09 -1.749546485754e-01 
 7.702800000000e-09 -2.960227263405e-02 
 7.712800000000e-09  1.217494027915e-01 
 7.722800000000e-09  2.622200629062e-01 
 7.732800000000e-09  3.730615274699e-01 
 7.742800000000e-09  4.388511569828e-01 
 7.752800000000e-09  4.522529619399e-01 
 7.762800000000e-09  4.137922834580e-01 
 7.772800000000e-09  3.299408511777e-01 
 7.782800000000e-09  2.112433901635e-01 
 7.792800000000e-09  6.988205327465e-02 
 7.802800000000e-09 -8.135238493863e-02 
 7.812800000000e-09 -2.265908326325e-01 
 7.822800000000e-09 -3.471667518155e-01 
 7.832800000000e-09 -4.261739195285e-01 
 7.842800000000e-09 -4.538920262654e-01 
 7.852800000000e-09 -4.289579028469e-01 
 7.862800000000e-09 -3.564036977746e-01 
 7.872800000000e-09 -2.458890057881e-01 
 7.882800000000e-09 -1.094243008786e-01 
 7.892800000000e-09  4.054463413026e-02 
 7.902800000000e-09  1.891753802606e-01 
 7.912800000000e-09  3.182258747739e-01 
 7.922800000000e-09  4.097391585982e-01 
 7.932800000000e-09  4.516872131764e-01 
 7.942800000000e-09  4.406512256861e-01 
 7.952800000000e-09  3.801047239121e-01 
 7.962800000000e-09  2.786645971940e-01 
 7.972800000000e-09  1.479783781315e-01 
 7.982800000000e-09  3.361104502602e-04 
 7.992800000000e-09 -1.503438046412e-01 
 8.002800000000e-09 -2.865320504062e-01 
 8.012800000000e-09 -3.896603036526e-01 
 8.022800000000e-09 -4.456109442499e-01 
 8.032800000000e-09 -4.487345480126e-01 
 8.042800000000e-09 -4.008362853354e-01 
 8.052800000000e-09 -3.093355241194e-01 
 8.062800000000e-09 -1.853042297166e-01 
 8.072800000000e-09 -4.097755376505e-02 
 8.082800000000e-09  1.104644050102e-01 
 8.092800000000e-09  2.524162831684e-01 
 8.102800000000e-09  3.661154489609e-01 
 8.112800000000e-09  4.356789082565e-01 
 8.122800000000e-09  4.531027554927e-01 
 8.132800000000e-09  4.183984540984e-01 
 8.142800000000e-09  3.376446616467e-01 
 8.152800000000e-09  2.211545450921e-01 
 8.162800000000e-09  8.107744074799e-02 
 8.172800000000e-09 -6.991498009616e-02 
 8.182800000000e-09 -2.162456508590e-01 
 8.192800000000e-09 -3.393347318883e-01 
 8.202800000000e-09 -4.219360492272e-01 
 8.212800000000e-09 -4.536666687128e-01 
 8.222800000000e-09 -4.326036616580e-01 
 8.232800000000e-09 -3.633531930809e-01 
 8.242800000000e-09 -2.552976032019e-01 
 8.252800000000e-09 -1.203665779475e-01 
 8.262800000000e-09  2.905374489260e-02 
 8.272800000000e-09  1.783950298907e-01 
 8.282800000000e-09  3.095890689917e-01 
 8.292800000000e-09  4.044630986349e-01 
 8.302800000000e-09  4.503745782048e-01 
 8.312800000000e-09  4.432951759419e-01 
 8.322800000000e-09  3.862400562476e-01 
 8.332800000000e-09  2.875055937724e-01 
 8.342800000000e-09  1.585995296559e-01 
 8.352800000000e-09  1.179070305143e-02 
 8.362800000000e-09 -1.392311546640e-01 
 8.372800000000e-09 -2.771789417690e-01 
 8.382800000000e-09 -3.833888532439e-01 
 8.392800000000e-09 -4.432112742670e-01 
 8.402800000000e-09 -4.503450310157e-01 
 8.412800000000e-09 -4.061004336951e-01 
 8.422800000000e-09 -3.175368004614e-01 
 8.432800000000e-09 -1.955337407572e-01 
 8.442800000000e-09 -5.230803728752e-02 
 8.452800000000e-09  9.912652647789e-02 
 8.462800000000e-09  2.424482365118e-01 
 8.472800000000e-09  3.589094984272e-01 
 8.482800000000e-09  4.322017271756e-01 
 8.492800000000e-09  4.536491610740e-01 
 8.502800000000e-09  4.227358100595e-01 
 8.512800000000e-09  3.451393130806e-01 
 8.522800000000e-09  2.309277104142e-01 
 8.532800000000e-09  9.220617704210e-02 
 8.542800000000e-09 -5.845470457538e-02 
 8.552800000000e-09 -2.057683278842e-01 
 8.562800000000e-09 -3.312676512880e-01 
 8.572800000000e-09 -4.174015050012e-01 
 8.582800000000e-09 -4.531339102284e-01 
 8.592800000000e-09 -4.359686238751e-01 
 8.602800000000e-09 -3.700764960844e-01 
 8.612800000000e-09 -2.645503993948e-01 
 8.622800000000e-09 -1.312228942642e-01 
 8.632800000000e-09  1.756602753153e-02 
 8.642800000000e-09  1.675117677610e-01 
 8.652800000000e-09  3.007413729772e-01 
 8.662800000000e-09  3.989010250341e-01 
 8.672800000000e-09  4.487539291708e-01 
 8.682800000000e-09  4.456487822663e-01 
 8.692800000000e-09  3.921334803169e-01 
 8.702800000000e-09  2.961719630908e-01 
 8.712800000000e-09  1.691156360854e-01 
 8.722800000000e-09  2.321743594208e-02 
 8.732800000000e-09 -1.280453886464e-01 
 8.742800000000e-09 -2.676427035217e-01 
 8.752800000000e-09 -3.768475520062e-01 
 8.762800000000e-09 -4.405063628910e-01 
 8.772800000000e-09 -4.516564881520e-01 
 8.782800000000e-09 -4.111079461658e-01 
 8.792800000000e-09 -3.255465724108e-01 
 8.802800000000e-09 -2.056413766364e-01 
 8.812800000000e-09 -6.358912206127e-02 
 8.822800000000e-09  8.774450140186e-02 
 8.832800000000e-09  2.323268836820e-01 
 8.842800000000e-09  3.514543461083e-01 
 8.852800000000e-09  4.284255665727e-01 
 8.862800000000e-09  4.538940959629e-01 
 8.872800000000e-09  4.268044617259e-01 
 8.882800000000e-09  3.524233487647e-01 
 8.892800000000e-09  2.405608657751e-01 
 8.902800000000e-09  1.032649175192e-01 
 8.912800000000e-09 -4.697791064936e-02 
 8.922800000000e-09 -1.951670433711e-01 
 8.932800000000e-09 -3.229731127980e-01 
 8.942800000000e-09 -4.125748690094e-01 
 8.952800000000e-09 -4.522960560024e-01 
 8.962800000000e-09 -4.390530496402e-01 
 8.972800000000e-09 -3.765723196513e-01 
 8.982800000000e-09 -2.736451003703e-01 
 8.992800000000e-09 -1.419902019820e-01 
 9.002800000000e-09  6.087025481408e-03 
 9.012800000000e-09  1.565333081130e-01 
 9.022800000000e-09  2.916907324990e-01 
 9.032800000000e-09  3.930584145761e-01 
 9.042800000000e-09  4.468279977242e-01 
 9.052800000000e-09  4.477124630474e-01 
 9.062800000000e-09  3.977835253019e-01 
 9.072800000000e-09  3.046608508771e-01 
 9.082800000000e-09  1.795235593663e-01 
 9.092800000000e-09  3.461119353006e-02 
 9.102800000000e-09 -1.167941578608e-01 
 9.112800000000e-09 -2.579317367996e-01 
 9.122800000000e-09 -3.700427027882e-01 
 9.132800000000e-09 -4.374991449391e-01 
 9.142800000000e-09 -4.526706669006e-01 
 9.152800000000e-09 -4.158568072908e-01 
 9.162800000000e-09 -3.333590628134e-01 
 9.172800000000e-09 -2.156219559551e-01 
 9.182800000000e-09 -7.481469252942e-02 
 9.192800000000e-09  7.632644985921e-02 
 9.202800000000e-09  2.220606775750e-01 
 9.212800000000e-09  3.437559869768e-01 
 9.222800000000e-09  4.243521276437e-01 
 9.232800000000e-09  4.538363045577e-01 
 9.242800000000e-09  4.306008693264e-01 
 9.252800000000e-09  3.594918611070e-01 
 9.262800000000e-09  2.500486207600e-01 
 9.272800000000e-09  1.142482227603e-01 
 9.282800000000e-09 -3.549141851514e-02 
 9.292800000000e-09 -1.844494602729e-01 
 9.302800000000e-09 -3.144573276767e-01 
 9.312800000000e-09 -4.074586253294e-01 
 9.322800000000e-09 -4.511526141460e-01 
 9.332800000000e-09 -4.418541595258e-01 
 9.342800000000e-09 -3.828363476772e-01 
 9.352800000000e-09 -2.825767180154e-01 
 9.362800000000e-09 -1.526635193983e-01 
 9.372800000000e-09 -5.376783911680e-03 
 9.382800000000e-09  1.454674945825e-01 
 9.392800000000e-09  2.824443797884e-01 
 9.402800000000e-09  3.869393239529e-01 
 9.412800000000e-09  4.445972561247e-01 
 9.422800000000e-09  4.494840205232e-01 
 9.432800000000e-09  4.031859805929e-01 
 9.442800000000e-09  3.129669361223e-01 
 9.452800000000e-09  1.898182673849e-01 
 9.462800000000e-09  4.596580359479e-02 
 9.472800000000e-09 -1.054854918389e-01 
 9.482800000000e-09 -2.480540486494e-01 
 9.492800000000e-09 -3.629800949287e-01 
 9.502800000000e-09 -4.341894001256e-01 
 9.512800000000e-09 -4.533826750217e-01 
 9.522800000000e-09 -4.203409046523e-01 
 9.532800000000e-09 -3.409677076657e-01 
 9.542800000000e-09 -2.254701335947e-01 
 9.552800000000e-09 -8.597968932061e-02 
 9.562800000000e-09  6.487852462633e-02 
 9.572800000000e-09  2.116554669573e-01 
 9.582800000000e-09  3.358176492094e-01 
 9.592800000000e-09  4.199803832334e-01 
 9.602800000000e-09  4.534721795994e-01 
 9.612800000000e-09  4.341197421116e-01 
 9.622800000000e-09  3.663389878629e-01 
 9.632800000000e-09  2.593865329413e-01 
 9.642800000000e-09  1.251514584106e-01 
 9.652800000000e-09 -2.400189124719e-02 
 9.662800000000e-09 -1.736225085773e-01 
 9.672800000000e-09 -3.057254167905e-01 
 9.682800000000e-09 -4.020539164470e-01 
 9.692800000000e-09 -4.497014764922e-01 
 9.702800000000e-09 -4.443674755304e-01 
 9.712800000000e-09 -3.888627324459e-01 
 9.722800000000e-09 -2.913389563011e-01 
 9.732800000000e-09 -1.632372049388e-01 
 9.742800000000e-09 -1.681888323970e-02 
 9.752800000000e-09  1.343217429643e-01 
 9.762800000000e-09  2.730088177237e-01 
 9.772800000000e-09  3.805467714550e-01 
 9.782800000000e-09  4.420607923445e-01 
 9.792800000000e-09  4.509597757489e-01 
 9.802800000000e-09  4.083352865431e-01 
 9.812800000000e-09  3.210838094693e-01 
 9.822800000000e-09  1.999941475969e-01 
 9.832800000000e-09  5.727508776588e-02 
 9.842800000000e-09 -9.412698288283e-02 
 9.852800000000e-09 -2.380169106785e-01 
 9.862800000000e-09 -3.556628523593e-01 
 9.872800000000e-09 -4.305793617695e-01 
 9.882800000000e-09 -4.537954309782e-01 
 9.892800000000e-09 -4.245593859963e-01 
 9.902800000000e-09 -3.483694005212e-01 
 9.912800000000e-09 -2.351816907322e-01 
 9.922800000000e-09 -9.707801333650e-02 
 9.932800000000e-09  5.341000383765e-02 
 9.942800000000e-09  2.011221855746e-01 
 9.952800000000e-09  3.276489850475e-01 
 9.962800000000e-09  4.153161082080e-01 
 9.972800000000e-09  4.528042648604e-01 
 9.982800000000e-09  4.373606860438e-01 
 9.992800000000e-09  3.729619524193e-01 
 1.000000000000e-08  3.008161897874e-01 
