 1.628000000000e-10 -1.035481913370e-02 
 1.728000000000e-10 -2.685408769086e-02 
 1.828000000000e-10 -3.969923499624e-02 
 1.928000000000e-10 -4.665738243281e-02 
 2.028000000000e-10 -4.636060066625e-02 
 2.128000000000e-10 -3.856191832856e-02 
 2.228000000000e-10 -2.421452189490e-02 
 2.328000000000e-10 -5.357259501175e-03 
 2.428000000000e-10  1.515889147668e-02 
 2.528000000000e-10  3.408424576452e-02 
 2.628000000000e-10  4.827757300316e-02 
 2.728000000000e-10  5.523951528277e-02 
 2.828000000000e-10  5.355123590192e-02 
 2.928000000000e-10  4.314489661388e-02 
 3.028000000000e-10  2.535171820517e-02 
 3.128000000000e-10  2.731832115080e-03 
 3.228000000000e-10 -2.127505935079e-02 
 3.328000000000e-10 -4.284356297122e-02 
 3.428000000000e-10 -5.836630392732e-02 
 3.528000000000e-10 -6.507127279893e-02 
 3.628000000000e-10 -6.152660551066e-02 
 3.728000000000e-10 -4.790989941007e-02 
 3.828000000000e-10 -2.601366012486e-02 
 3.928000000000e-10  9.871512877418e-04 
 4.028000000000e-10  2.895830120496e-02 
 4.128000000000e-10  5.340370672349e-02 
 4.228000000000e-10  7.018889035756e-02 
 4.328000000000e-10  7.627598061950e-02 
 4.428000000000e-10  7.027514059334e-02 
 4.528000000000e-10  5.270611716864e-02 
 4.628000000000e-10  2.594289529336e-02 
 4.728000000000e-10 -6.103365026300e-03 
 4.828000000000e-10 -3.849959453449e-02 
 4.928000000000e-10 -6.599583789338e-02 
 5.028000000000e-10 -8.389084078647e-02 
 5.128000000000e-10 -8.889064828021e-02 
 5.228000000000e-10 -7.972749303737e-02 
 5.328000000000e-10 -5.737271878101e-02 
 5.428000000000e-10 -2.489694996661e-02 
 5.528000000000e-10  1.292513090432e-02 
 5.628000000000e-10  5.022740137592e-02 
 5.728000000000e-10  8.089888860445e-02 
 5.828000000000e-10  9.962902318683e-02 
 5.928000000000e-10  1.029189699211e-01 
 6.028000000000e-10  8.972597538283e-02 
 6.128000000000e-10  6.161631212557e-02 
 6.228000000000e-10  2.251142476242e-02 
 6.328000000000e-10 -2.181444347876e-02 
 6.428000000000e-10 -6.443997659114e-02 
 6.528000000000e-10 -9.829752633121e-02 
 6.628000000000e-10 -1.174448155535e-01 
 6.728000000000e-10 -1.182459964117e-01 
 6.828000000000e-10 -1.000292000556e-01 
 6.928000000000e-10 -6.511159645191e-02 
 7.028000000000e-10 -1.840967467378e-02 
 7.128000000000e-10  3.315301745257e-02 
 7.228000000000e-10  8.144618781198e-02 
 7.328000000000e-10  1.183442238189e-01 
 7.428000000000e-10  1.372854631259e-01 
 7.528000000000e-10  1.346277464453e-01 
 7.628000000000e-10  1.102492134063e-01 
 7.728000000000e-10  6.739929336164e-02 
 7.828000000000e-10  1.214682743243e-02 
 7.928000000000e-10 -4.729004161378e-02 
 8.028000000000e-10 -1.014338182344e-01 
 8.128000000000e-10 -1.410163636768e-01 
 8.228000000000e-10 -1.589106491961e-01 
 8.328000000000e-10 -1.516508642637e-01 
 8.428000000000e-10 -1.198831765439e-01 
 8.528000000000e-10 -6.796698588879e-02 
 8.628000000000e-10 -3.270651491744e-03 
 8.728000000000e-10  6.454075498291e-02 
 8.828000000000e-10  1.244868549888e-01 
 8.928000000000e-10  1.661109418507e-01 
 9.028000000000e-10  1.818624754870e-01 
 9.128000000000e-10  1.687009069231e-01 
 9.228000000000e-10  1.282711528061e-01 
 9.328000000000e-10  6.622521447818e-02 
 9.428000000000e-10 -8.636540209692e-03 
 9.528000000000e-10 -8.506729853197e-02 
 9.628000000000e-10 -1.504511033230e-01 
 9.728000000000e-10 -1.931497554072e-01 
 9.828000000000e-10 -2.054272260591e-01 
 9.928000000000e-10 -1.849809402422e-01 
 1.002800000000e-09 -1.346816397031e-01 
 1.012800000000e-09 -6.161138070848e-02 
 1.022800000000e-09  2.388987321086e-02 
 1.032800000000e-09  1.088539741020e-01 
 1.042800000000e-09  1.789162186871e-01 
 1.052800000000e-09  2.213839978841e-01 
 1.062800000000e-09  2.286926636860e-01 
 1.072800000000e-09  1.995901986751e-01 
 1.082800000000e-09  1.383596339345e-01 
 1.092800000000e-09  5.363456580140e-02 
 1.102800000000e-09 -4.263018024412e-02 
 1.112800000000e-09 -1.356266929682e-01 
 1.122800000000e-09 -2.091827893667e-01 
 1.132800000000e-09 -2.498099743752e-01 
 1.142800000000e-09 -2.505880079659e-01 
 1.152800000000e-09 -2.116093990748e-01 
 1.162800000000e-09 -1.386697424466e-01 
 1.172800000000e-09 -4.200656472474e-02 
 1.182800000000e-09  6.474882420808e-02 
 1.192800000000e-09  1.648304213702e-01 
 1.202800000000e-09  2.403001957922e-01 
 1.212800000000e-09  2.773247929301e-01 
 1.222800000000e-09  2.701078975440e-01 
 1.232800000000e-09  2.202539959241e-01 
 1.242800000000e-09  1.351394821685e-01 
 1.252800000000e-09  2.664237706564e-02 
 1.262800000000e-09 -8.990588192879e-02 
 1.272800000000e-09 -1.956860251896e-01 
 1.282800000000e-09 -2.711677417994e-01 
 1.292800000000e-09 -3.027879645238e-01 
 1.302800000000e-09 -2.863280107484e-01 
 1.312800000000e-09 -2.249552275398e-01 
 1.322800000000e-09 -1.275972160901e-01 
 1.332800000000e-09 -7.757570142348e-03 
 1.342800000000e-09  1.174930000901e-01 
 1.352800000000e-09  2.272271162580e-01 
 1.362800000000e-09  3.006917976857e-01 
 1.372800000000e-09  3.252994643447e-01 
 1.382800000000e-09  2.986538835586e-01 
 1.392800000000e-09  2.254229392251e-01 
 1.402800000000e-09  1.160913809231e-01 
 1.412800000000e-09 -1.425479839530e-02 
 1.422800000000e-09 -1.467822879260e-01 
 1.432800000000e-09 -2.584621738946e-01 
 1.442800000000e-09 -3.278880543453e-01 
 1.452800000000e-09 -3.441420148603e-01 
 1.462800000000e-09 -3.067214588355e-01 
 1.472800000000e-09 -2.216552813312e-01 
 1.482800000000e-09 -1.009493734111e-01 
 1.492800000000e-09  3.879403921241e-02 
 1.502800000000e-09  1.769288053955e-01 
 1.512800000000e-09  2.884626610804e-01 
 1.522800000000e-09  3.520868212013e-01 
 1.532800000000e-09  3.590115855087e-01 
 1.542800000000e-09  3.105066580606e-01 
 1.552800000000e-09  2.138569769013e-01 
 1.562800000000e-09  8.259406247636e-02 
 1.572800000000e-09 -6.525418246770e-02 
 1.582800000000e-09 -2.071791348216e-01 
 1.592800000000e-09 -3.164788390945e-01 
 1.602800000000e-09 -3.728216188233e-01 
 1.612800000000e-09 -3.697824420577e-01 
 1.622800000000e-09 -3.101681027247e-01 
 1.632800000000e-09 -2.024326233041e-01 
 1.642800000000e-09 -6.159576343581e-02 
 1.652800000000e-09  9.295978061663e-02 
 1.662800000000e-09  2.368138869932e-01 
 1.672800000000e-09  3.420089761840e-01 
 1.682800000000e-09  3.899815550975e-01 
 1.692800000000e-09  3.766210472247e-01 
 1.702800000000e-09  3.060199333290e-01 
 1.712800000000e-09  1.878080248020e-01 
 1.722800000000e-09  3.846654022660e-02 
 1.732800000000e-09 -1.213420316850e-01 
 1.742800000000e-09 -2.652777822853e-01 
 1.752800000000e-09 -3.647481294228e-01 
 1.762800000000e-09 -4.035665829370e-01 
 1.772800000000e-09 -3.797383714000e-01 
 1.782800000000e-09 -2.984413967078e-01 
 1.792800000000e-09 -1.704893403003e-01 
 1.802800000000e-09 -1.373869994541e-02 
 1.812800000000e-09  1.498806229262e-01 
 1.822800000000e-09  2.921556612293e-01 
 1.832800000000e-09  3.846092633004e-01 
 1.842800000000e-09  4.137612873576e-01 
 1.852800000000e-09  3.794584210398e-01 
 1.862800000000e-09  2.878158350081e-01 
 1.872800000000e-09  1.508999147304e-01 
 1.882800000000e-09 -1.216904399539e-02 
 1.892800000000e-09 -1.781712622064e-01 
 1.902800000000e-09 -3.171703675471e-01 
 1.912800000000e-09 -4.016187389531e-01 
 1.922800000000e-09 -4.207947127152e-01 
 1.932800000000e-09 -3.761087202742e-01 
 1.942800000000e-09 -2.745296852464e-01 
 1.952800000000e-09 -1.294452097320e-01 
 1.962800000000e-09  3.888852629532e-02 
 1.972800000000e-09  2.058989533522e-01 
 1.982800000000e-09  3.401645212585e-01 
 1.992800000000e-09  4.158497014596e-01 
 2.002800000000e-09  4.248880498309e-01 
 2.012800000000e-09  3.699825505619e-01 
 2.022800000000e-09  2.589249663088e-01 
 2.032800000000e-09  1.064890671514e-01 
 2.042800000000e-09 -6.607538466582e-02 
 2.052800000000e-09 -2.327556499379e-01 
 2.062800000000e-09 -3.610322232494e-01 
 2.072800000000e-09 -4.274142140035e-01 
 2.082800000000e-09 -4.262588197210e-01 
 2.092800000000e-09 -3.613604981523e-01 
 2.102800000000e-09 -2.413305155522e-01 
 2.112800000000e-09 -8.235058578234e-02 
 2.122800000000e-09  9.343977189375e-02 
 2.132800000000e-09  2.585100231165e-01 
 2.142800000000e-09  3.797613769448e-01 
 2.152800000000e-09  4.364740989678e-01 
 2.162800000000e-09  4.251478886804e-01 
 2.172800000000e-09  3.504993728502e-01 
 2.182800000000e-09  2.220119778647e-01 
 2.192800000000e-09  5.727669484749e-02 
 2.202800000000e-09 -1.207610265122e-01 
 2.212800000000e-09 -2.829970032452e-01 
 2.222800000000e-09 -3.963778492291e-01 
 2.232800000000e-09 -4.431776418883e-01 
 2.242800000000e-09 -4.217487450711e-01 
 2.252800000000e-09 -3.376207583252e-01 
 2.262800000000e-09 -2.012283233654e-01 
 2.272800000000e-09 -3.149974290138e-02 
 2.282800000000e-09  1.478178825050e-01 
 2.292800000000e-09  3.060707788468e-01 
 2.302800000000e-09  4.109210638136e-01 
 2.312800000000e-09  4.476604046386e-01 
 2.322800000000e-09  4.162516383582e-01 
 2.332800000000e-09  3.229376887649e-01 
 2.342800000000e-09  1.792175329647e-01 
 2.352800000000e-09  5.229627377449e-03 
 2.362800000000e-09 -1.744325067896e-01 
 2.372800000000e-09 -3.276330336633e-01 
 2.382800000000e-09 -4.234507937808e-01 
 2.392800000000e-09 -4.500789982980e-01 
 2.402800000000e-09 -4.088323049524e-01 
 2.412800000000e-09 -3.066288387501e-01 
 2.422800000000e-09 -1.561536908686e-01 
 2.432800000000e-09  2.138884682865e-02 
 2.442800000000e-09  2.004612946548e-01 
 2.452800000000e-09  3.476391164636e-01 
 2.462800000000e-09  4.340373350313e-01 
 2.472800000000e-09  4.505405762138e-01 
 2.482800000000e-09  3.996195385338e-01 
 2.492800000000e-09  2.888469249254e-01 
 2.502800000000e-09  1.322099290221e-01 
 2.512800000000e-09 -4.819205484464e-02 
 2.522800000000e-09 -2.257495166938e-01 
 2.532800000000e-09 -3.660473359423e-01 
 2.542800000000e-09 -4.427405181390e-01 
 2.552800000000e-09 -4.491448800303e-01 
 2.562800000000e-09 -3.887348611428e-01 
 2.572800000000e-09 -2.697364108569e-01 
 2.582800000000e-09 -1.075301503107e-01 
 2.592800000000e-09  7.503947086683e-02 
 2.602800000000e-09  2.501501801890e-01 
 2.612800000000e-09  3.828440681312e-01 
 2.622800000000e-09  4.496489820920e-01 
 2.632800000000e-09  4.460012355591e-01 
 2.642800000000e-09  3.762927872153e-01 
 2.652800000000e-09  2.494349812329e-01 
 2.662800000000e-09  8.223393916204e-02 
 2.672800000000e-09 -1.018195489997e-01 
 2.682800000000e-09 -2.735785852314e-01 
 2.692800000000e-09 -3.980312239569e-01 
 2.702800000000e-09 -4.547934667669e-01 
 2.712800000000e-09 -4.411876884271e-01 
 2.722800000000e-09 -3.623793176688e-01 
 2.732800000000e-09 -2.280541530098e-01 
 2.742800000000e-09 -5.644317890201e-02 
 2.752800000000e-09  1.283808875883e-01 
 2.762800000000e-09  2.958872531059e-01 
 2.772800000000e-09  4.115852606181e-01 
 2.782800000000e-09  4.582155269560e-01 
 2.792800000000e-09  4.347676806609e-01 
 2.802800000000e-09  3.470850831499e-01 
 2.812800000000e-09  2.057406605774e-01 
 2.822800000000e-09  3.028661579804e-02 
 2.832800000000e-09 -1.545970403575e-01 
 2.842800000000e-09 -3.169758644580e-01 
 2.852800000000e-09 -4.235236627299e-01 
 2.862800000000e-09 -4.600107375480e-01 
 2.872800000000e-09 -4.268397412396e-01 
 2.882800000000e-09 -3.305045407473e-01 
 2.892800000000e-09 -1.825973417909e-01 
 2.902800000000e-09 -3.852289281550e-03 
 2.912800000000e-09  1.803635000086e-01 
 2.922800000000e-09  3.367925671360e-01 
 2.932800000000e-09  4.338704625496e-01 
 2.942800000000e-09  4.602195398634e-01 
 2.952800000000e-09  4.174668562057e-01 
 2.962800000000e-09  3.127156971712e-01 
 2.972800000000e-09  1.587204662084e-01 
 2.982800000000e-09 -2.276363141119e-02 
 2.992800000000e-09 -2.055574164475e-01 
 3.002800000000e-09 -3.552691121464e-01 
 3.012800000000e-09 -4.426312482161e-01 
 3.022800000000e-09 -4.588760908266e-01 
 3.032800000000e-09 -4.066955920408e-01 
 3.042800000000e-09 -2.937903061867e-01 
 3.052800000000e-09 -1.342110615674e-01 
 3.062800000000e-09  4.945208489776e-02 
 3.072800000000e-09  2.300516553931e-01 
 3.082800000000e-09  3.723590555218e-01 
 3.092800000000e-09  4.498205965676e-01 
 3.102800000000e-09  4.560157154294e-01 
 3.112800000000e-09  3.945748199209e-01 
 3.122800000000e-09  2.738048963635e-01 
 3.132800000000e-09  1.091523810662e-01 
 3.142800000000e-09 -7.611416363853e-02 
 3.152800000000e-09 -2.537239541253e-01 
 3.162800000000e-09 -3.880229975868e-01 
 3.172800000000e-09 -4.554555426927e-01 
 3.182800000000e-09 -4.516748413992e-01 
 3.192800000000e-09 -3.811514116782e-01 
 3.202800000000e-09 -2.528416454839e-01 
 3.212800000000e-09 -8.362572253481e-02 
 3.222800000000e-09  1.026529882159e-01 
 3.232800000000e-09  2.764634747762e-01 
 3.242800000000e-09  4.022563949854e-01 
 3.252800000000e-09  4.595950889994e-01 
 3.262800000000e-09  4.459235294811e-01 
 3.272800000000e-09  3.664841902193e-01 
 3.282800000000e-09  2.309699308880e-01 
 3.292800000000e-09  5.769522897656e-02 
 3.302800000000e-09 -1.289786557908e-01 
 3.312800000000e-09 -2.981961162458e-01 
 3.322800000000e-09 -4.150331629807e-01 
 3.332800000000e-09 -4.621998608667e-01 
 3.342800000000e-09 -4.387596050780e-01 
 3.352800000000e-09 -3.506083058162e-01 
 3.362800000000e-09 -2.082976703413e-01 
 3.372800000000e-09 -3.147267288113e-02 
 3.382800000000e-09  1.549598845061e-01 
 3.392800000000e-09  3.187867899608e-01 
 3.402800000000e-09  4.263335739779e-01 
 3.412800000000e-09  4.633394739017e-01 
 3.422800000000e-09  4.302474317516e-01 
 3.432800000000e-09  3.335835493216e-01 
 3.442800000000e-09  1.848987687786e-01 
 3.452800000000e-09  5.022937719207e-03 
 3.462800000000e-09 -1.805026838539e-01 
 3.472800000000e-09 -3.381822163086e-01 
 3.482800000000e-09 -4.361626412149e-01 
 3.492800000000e-09 -4.630280137410e-01 
 3.502800000000e-09 -4.204209220627e-01 
 3.512800000000e-09 -3.154609745997e-01 
 3.522800000000e-09 -1.608498486299e-01 
 3.532800000000e-09  2.156754246775e-02 
 3.542800000000e-09  2.054876522770e-01 
 3.552800000000e-09  3.563078897076e-01 
 3.562800000000e-09  4.445104110349e-01 
 3.572800000000e-09  4.612798561213e-01 
 3.582800000000e-09  4.093076781111e-01 
 3.592800000000e-09  2.962950660167e-01 
 3.602800000000e-09  1.362270846057e-01 
 3.612800000000e-09 -4.821675263812e-02 
 3.622800000000e-09 -2.298010384050e-01 
 3.632800000000e-09 -3.731128377414e-01 
 3.642800000000e-09 -4.513738388661e-01 
 3.652800000000e-09 -4.581055545160e-01 
 3.662800000000e-09 -3.969271395488e-01 
 3.672800000000e-09 -2.761322915011e-01 
 3.682800000000e-09 -1.110976278735e-01 
 3.692800000000e-09  7.482783607665e-02 
 3.702800000000e-09  2.533194050627e-01 
 3.712800000000e-09  3.885508570921e-01 
 3.722800000000e-09  4.567571007355e-01 
 3.732800000000e-09  4.535265411189e-01 
 3.742800000000e-09  3.833130233782e-01 
 3.752800000000e-09  2.550444416813e-01 
 3.762800000000e-09  8.553277067848e-02 
 3.772800000000e-09 -1.013126702356e-01 
 3.782800000000e-09 -2.759325248943e-01 
 3.792800000000e-09 -4.026100222766e-01 
 3.802800000000e-09 -4.607073899570e-01 
 3.812800000000e-09 -4.476011371763e-01 
 3.822800000000e-09 -3.685122232689e-01 
 3.832800000000e-09 -2.330895834827e-01 
 3.842800000000e-09 -5.958612373231e-02 
 3.852800000000e-09  1.275880671548e-01 
 3.862800000000e-09  2.975690268105e-01 
 3.872800000000e-09  4.152587421018e-01 
 3.882800000000e-09  4.631750011506e-01 
 3.892800000000e-09  4.403138977071e-01 
 3.902800000000e-09  3.525465226007e-01 
 3.912800000000e-09  2.103648764227e-01 
 3.922800000000e-09  3.336212253256e-02 
 3.932800000000e-09 -1.535263351822e-01 
 3.942800000000e-09 -3.180906393631e-01 
 3.952800000000e-09 -4.264704690862e-01 
 3.962800000000e-09 -4.642210702677e-01 
 3.972800000000e-09 -4.317202363504e-01 
 3.982800000000e-09 -3.354664596616e-01 
 3.992800000000e-09 -1.869363854426e-01 
 4.002800000000e-09 -6.919066382214e-03 
 4.012800000000e-09  1.790369573673e-01 
 4.022800000000e-09  3.374433199320e-01 
 4.032800000000e-09  4.362447739970e-01 
 4.042800000000e-09  4.638522743027e-01 
 4.052800000000e-09  4.218461500001e-01 
 4.062800000000e-09  3.173157424160e-01 
 4.072800000000e-09  1.628750405199e-01 
 4.082800000000e-09 -1.966065242236e-02 
 4.092800000000e-09 -2.040024638836e-01 
 4.102800000000e-09 -3.555501307995e-01 
 4.112800000000e-09 -4.445672121394e-01 
 4.122800000000e-09 -4.620773140596e-01 
 4.132800000000e-09 -4.107133883781e-01 
 4.142800000000e-09 -2.981425219104e-01 
 4.152800000000e-09 -1.382521387724e-01 
 4.162800000000e-09  4.629869605780e-02 
 4.172800000000e-09  2.283100755451e-01 
 4.182800000000e-09  3.723572984402e-01 
 4.192800000000e-09  4.514294128531e-01 
 4.202800000000e-09  4.589007101311e-01 
 4.212800000000e-09  3.983355644938e-01 
 4.222800000000e-09  2.779881190731e-01 
 4.232800000000e-09  1.131311655407e-01 
 4.242800000000e-09 -7.290064690792e-02 
 4.252800000000e-09 -2.518365196758e-01 
 4.262800000000e-09 -3.878154173343e-01 
 4.272800000000e-09 -4.568312178710e-01 
 4.282800000000e-09 -4.543386489584e-01 
 4.292800000000e-09 -3.847409276209e-01 
 4.302800000000e-09 -2.569189550399e-01 
 4.312800000000e-09 -8.757959994069e-02 
 4.322800000000e-09  9.938069879055e-02 
 4.332800000000e-09  2.744709440850e-01 
 4.342800000000e-09  4.019094791126e-01 
 4.352800000000e-09  4.608156071024e-01 
 4.362800000000e-09  4.484459277631e-01 
 4.372800000000e-09  3.699737154435e-01 
 4.382800000000e-09  2.349903461166e-01 
 4.392800000000e-09  6.164859807757e-02 
 4.402800000000e-09 -1.256580197360e-01 
 4.412800000000e-09 -2.961430935419e-01 
 4.422800000000e-09 -4.146072277929e-01 
 4.432800000000e-09 -4.633309143109e-01 
 4.442800000000e-09 -4.412035763028e-01 
 4.452800000000e-09 -3.540508809805e-01 
 4.462800000000e-09 -2.122953289727e-01 
 4.472800000000e-09 -3.543940205435e-02 
 4.482800000000e-09  1.516065287764e-01 
 4.492800000000e-09  3.167127480968e-01 
 4.502800000000e-09  4.258794094882e-01 
 4.512800000000e-09  4.644355676032e-01 
 4.522800000000e-09  4.326642596630e-01 
 4.532800000000e-09  3.370204170884e-01 
 4.542800000000e-09  1.888981923729e-01 
 4.552800000000e-09  9.008613041374e-03 
 4.562800000000e-09 -1.771370886262e-01 
 4.572800000000e-09 -3.361254184979e-01 
 4.582800000000e-09 -4.357245278594e-01 
 4.592800000000e-09 -4.641348013100e-01 
 4.602800000000e-09 -4.228523505259e-01 
 4.612800000000e-09 -3.189239484866e-01 
 4.622800000000e-09 -1.648684501976e-01 
 4.632800000000e-09  1.756286181310e-02 
 4.642800000000e-09  2.021332284352e-01 
 4.652800000000e-09  3.543028596930e-01 
 4.662800000000e-09  4.441265479779e-01 
 4.672800000000e-09  4.624357229757e-01 
 4.682800000000e-09  4.117882299887e-01 
 4.692800000000e-09  2.998079325865e-01 
 4.702800000000e-09  1.402766477199e-01 
 4.712800000000e-09 -4.419737748117e-02 
 4.722800000000e-09 -2.264820438408e-01 
 4.732800000000e-09 -3.711895302454e-01 
 4.742800000000e-09 -4.510752302026e-01 
 4.752800000000e-09 -4.593410308111e-01 
 4.762800000000e-09 -3.994839681939e-01 
 4.772800000000e-09 -2.797120564487e-01 
 4.782800000000e-09 -1.151855373455e-01 
 4.792800000000e-09  7.080132295844e-02 
 4.802800000000e-09  2.500599483185e-01 
 4.812800000000e-09  3.867339288596e-01 
 4.822800000000e-09  4.565683062109e-01 
 4.832800000000e-09  4.548647131935e-01 
 4.842800000000e-09  3.859657777907e-01 
 4.852800000000e-09  2.587007146987e-01 
 4.862800000000e-09  8.966163094300e-02 
 4.872800000000e-09 -9.728939598780e-02 
 4.882800000000e-09 -2.727550898090e-01 
 4.892800000000e-09 -4.009194260994e-01 
 4.902800000000e-09 -4.606474188456e-01 
 4.912800000000e-09 -4.490607024634e-01 
 4.922800000000e-09 -3.712772589284e-01 
 4.932800000000e-09 -2.368280298234e-01 
 4.942800000000e-09 -6.375503885050e-02 
 4.952800000000e-09  1.235822855393e-01 
 4.962800000000e-09  2.944979093104e-01 
 4.972800000000e-09  4.137136259809e-01 
 4.982800000000e-09  4.632600310343e-01 
 4.992800000000e-09  4.419084428685e-01 
 5.002800000000e-09  3.554331243053e-01 
 5.012800000000e-09  2.141852324610e-01 
 5.022800000000e-09  3.756552357048e-02 
 5.032800000000e-09 -1.495546712239e-01 
 5.042800000000e-09 -3.151465547393e-01 
 5.052800000000e-09 -4.250862585259e-01 
 5.062800000000e-09 -4.644643060433e-01 
 5.072800000000e-09 -4.334602483800e-01 
 5.082800000000e-09 -3.384807403754e-01 
 5.092800000000e-09 -1.908362313361e-01 
 5.102800000000e-09 -1.114890974473e-02 
 5.112800000000e-09  1.751186031120e-01 
 5.122800000000e-09  3.346464592515e-01 
 5.132800000000e-09  4.350358319632e-01 
 5.142800000000e-09  4.642652271350e-01 
 5.152800000000e-09  4.237400312334e-01 
 5.162800000000e-09  3.204608900438e-01 
 5.172800000000e-09  1.668503419780e-01 
 5.182800000000e-09 -1.541446335243e-02 
 5.192800000000e-09 -2.001581136779e-01 
 5.202800000000e-09 -3.529181721412e-01 
 5.212800000000e-09 -4.435455394446e-01 
 5.222800000000e-09 -4.626696616566e-01 
 5.232800000000e-09 -4.127683361387e-01 
 5.242800000000e-09 -3.014196416038e-01 
 5.252800000000e-09 -1.422983622764e-01 
 5.262800000000e-09  4.204705154506e-02 
 5.272800000000e-09  2.245601237674e-01 
 5.282800000000e-09  3.699048113524e-01 
 5.292800000000e-09  4.506041789959e-01 
 5.302800000000e-09  4.596795122702e-01 
 5.312800000000e-09  4.005567448871e-01 
 5.322800000000e-09  2.813960588705e-01 
 5.332800000000e-09  1.172432156536e-01 
 5.342800000000e-09 -6.865548679054e-02 
 5.352800000000e-09 -2.482005389989e-01 
 5.362800000000e-09 -3.855530818377e-01 
 5.372800000000e-09 -4.562080979355e-01 
 5.382800000000e-09 -4.553077069348e-01 
 5.392800000000e-09 -3.871307679638e-01 
 5.402800000000e-09 -2.604536146226e-01 
 5.412800000000e-09 -9.175128815926e-02 
 5.422800000000e-09  9.515456538269e-02 
 5.432800000000e-09  2.709666170892e-01 
 5.442800000000e-09  3.998453288466e-01 
 5.452800000000e-09  4.603985647552e-01 
 5.462800000000e-09  4.496077037943e-01 
 5.472800000000e-09  3.725331641959e-01 
 5.482800000000e-09  2.386451468933e-01 
 5.492800000000e-09  6.587180094988e-02 
 5.502800000000e-09 -1.214661709212e-01 
 5.512800000000e-09 -2.927846363090e-01 
 5.522800000000e-09 -4.127587223782e-01 
 5.532800000000e-09 -4.631475757899e-01 
 5.542800000000e-09 -4.425744194165e-01 
 5.552800000000e-09 -3.567870462860e-01 
 5.562800000000e-09 -2.160613039786e-01 
 5.572800000000e-09 -3.969438786865e-02 
 5.582800000000e-09  1.474827474369e-01 
 5.592800000000e-09  3.135464113253e-01 
 5.602800000000e-09  4.242538667534e-01 
 5.612800000000e-09  4.644549921187e-01 
 5.622800000000e-09  4.342233452925e-01 
 5.632800000000e-09  3.399171120271e-01 
 5.642800000000e-09  1.927632706293e-01 
 5.652800000000e-09  1.329285755674e-02 
 5.662800000000e-09 -1.730815449235e-01 
 5.672800000000e-09 -3.331369717288e-01 
 5.682800000000e-09 -4.343128714243e-01 
 5.692800000000e-09 -4.643628386775e-01 
 5.702800000000e-09 -4.245999157258e-01 
 5.712800000000e-09 -3.219777252566e-01 
 5.722800000000e-09 -1.688236006374e-01 
 5.732800000000e-09  1.326216298779e-02 
 5.742800000000e-09  1.981657728552e-01 
 5.752800000000e-09  3.515065473458e-01 
 5.762800000000e-09  4.429346199404e-01 
 5.772800000000e-09  4.628751043953e-01 
 5.782800000000e-09  4.137241990513e-01 
 5.792800000000e-09  3.030141911833e-01 
 5.802800000000e-09  1.443131274731e-01 
 5.812800000000e-09 -3.989249064715e-02 
 5.822800000000e-09 -2.226221823582e-01 
 5.832800000000e-09 -3.685959032447e-01 
 5.842800000000e-09 -4.501068920066e-01 
 5.852800000000e-09 -4.599931783835e-01 
 5.862800000000e-09 -4.016085580820e-01 
 5.872800000000e-09 -2.830653049179e-01 
 5.882800000000e-09 -1.192951660084e-01 
 5.892800000000e-09  6.650550678188e-02 
 5.902800000000e-09  2.463262883446e-01 
 5.912800000000e-09  3.843506940454e-01 
 5.922800000000e-09  4.558246424422e-01 
 5.932800000000e-09  4.557289696724e-01 
 5.942800000000e-09  3.882775581952e-01 
 5.952800000000e-09  2.621940826006e-01 
 5.962800000000e-09  9.383638176533e-02 
 5.972800000000e-09 -9.301549400977e-02 
 5.982800000000e-09 -2.691644415983e-01 
 5.992800000000e-09 -3.987521464811e-01 
 6.002800000000e-09 -4.601295109565e-01 
 6.012800000000e-09 -4.501356999504e-01 
 6.022800000000e-09 -3.737729280473e-01 
 6.032800000000e-09 -2.404513430593e-01 
 6.042800000000e-09 -6.798465306620e-02 
 6.052800000000e-09  1.193458973529e-01 
 6.062800000000e-09  2.910627134522e-01 
 6.072800000000e-09  4.117762189720e-01 
 6.082800000000e-09  4.629911889131e-01 
 6.092800000000e-09  4.432066138875e-01 
 6.102800000000e-09  3.581169111103e-01 
 6.112800000000e-09  2.179276058588e-01 
 6.122800000000e-09  4.182938621707e-02 
 6.132800000000e-09 -1.453891824709e-01 
 6.142800000000e-09 -3.119120544766e-01 
 6.152800000000e-09 -4.233839330353e-01 
 6.162800000000e-09 -4.644107785620e-01 
 6.172800000000e-09 -4.349580848677e-01 
 6.182800000000e-09 -3.413341201344e-01 
 6.192800000000e-09 -1.946835355424e-01 
 6.202800000000e-09 -1.544349354727e-02 
 6.212800000000e-09  1.710240951149e-01 
 6.222800000000e-09  3.315971017571e-01 
 6.232800000000e-09  4.335571897861e-01 
 6.242800000000e-09  4.644304055760e-01 
 6.252800000000e-09  4.254354667123e-01 
 6.262800000000e-09  3.234786275092e-01 
 6.272800000000e-09  1.707923081728e-01 
 6.282800000000e-09 -1.110244328228e-02 
 6.292800000000e-09 -1.961540954355e-01 
 6.302800000000e-09 -3.500673242565e-01 
 6.312800000000e-09 -4.422950329456e-01 
 6.322800000000e-09 -4.630547322879e-01 
 6.332800000000e-09 -4.146596632896e-01 
 6.342800000000e-09 -3.045957041609e-01 
 6.352800000000e-09 -1.463249642105e-01 
 6.362800000000e-09  3.773043224785e-02 
 6.372800000000e-09  2.206660633534e-01 
 6.382800000000e-09  3.672622863102e-01 
 6.392800000000e-09  4.495842777861e-01 
 6.402800000000e-09  4.602842497338e-01 
 6.412800000000e-09  4.026426401732e-01 
 6.422800000000e-09  2.847238575334e-01 
 6.432800000000e-09  1.213455161903e-01 
 6.442800000000e-09 -6.434772673488e-02 
 6.452800000000e-09 -2.444347572813e-01 
 6.462800000000e-09 -3.831258901778e-01 
 6.472800000000e-09 -4.554188900839e-01 
 6.482800000000e-09 -4.561308906539e-01 
 6.492800000000e-09 -3.894096539805e-01 
 6.502800000000e-09 -2.639260870815e-01 
 6.512800000000e-09 -9.592094517618e-02 
 6.522800000000e-09  9.086871500635e-02 
 6.532800000000e-09  2.673461925509e-01 
 6.542800000000e-09  3.976390511572e-01 
 6.552800000000e-09  4.598409433234e-01 
 6.562800000000e-09  4.506467715140e-01 
 6.572800000000e-09  3.749997986984e-01 
 6.582800000000e-09  2.422506962122e-01 
 6.592800000000e-09  7.009779085261e-02 
 6.602800000000e-09 -1.172177297525e-01 
 6.612800000000e-09 -2.893254072758e-01 
 6.622800000000e-09 -4.107754791558e-01 
 6.632800000000e-09 -4.628173582941e-01 
 6.642800000000e-09 -4.438238889615e-01 
 6.652800000000e-09 -3.594355728237e-01 
 6.662800000000e-09 -2.197883669385e-01 
 6.672800000000e-09 -4.396530052682e-02 
 6.682800000000e-09  1.432876286490e-01 
 6.692800000000e-09  3.102629688875e-01 
 6.702800000000e-09  4.224971611421e-01 
 6.712800000000e-09  4.643506638719e-01 
 6.722800000000e-09  4.356793925553e-01 
 6.732800000000e-09  3.427412527476e-01 
 6.742800000000e-09  1.965994497008e-01 
 6.752800000000e-09  1.759571247625e-02 
 6.762800000000e-09 -1.689583318574e-01 
 6.772800000000e-09 -3.300429880588e-01 
 6.782800000000e-09 -4.327858469682e-01 
 6.792800000000e-09 -4.644834723659e-01 
 6.802800000000e-09 -4.262589252709e-01 
 6.812800000000e-09 -3.249708259341e-01 
 6.822800000000e-09 -1.727575617172e-01 
 6.832800000000e-09  8.940623162707e-03 
 6.842800000000e-09  1.941338523396e-01 
 6.852800000000e-09  3.486143474614e-01 
 6.862800000000e-09  4.416407562737e-01 
 6.872800000000e-09  4.632209115210e-01 
 6.882800000000e-09  4.155840390038e-01 
 6.892800000000e-09  3.061695008947e-01 
 6.902800000000e-09  1.483341522095e-01 
 6.912800000000e-09 -3.556574513013e-02 
 6.922800000000e-09 -2.187010483134e-01 
 6.932800000000e-09 -3.659153921981e-01 
 6.942800000000e-09 -4.490479055049e-01 
 6.952800000000e-09 -4.605628917336e-01 
 6.962800000000e-09 -4.036665481268e-01 
 6.972800000000e-09 -2.863755651691e-01 
 6.982800000000e-09 -1.233938134363e-01 
 6.992800000000e-09  6.218690845450e-02 
 7.002800000000e-09  2.425341061118e-01 
 7.012800000000e-09  3.818883031295e-01 
 7.022800000000e-09  4.550001748913e-01 
 7.032800000000e-09  4.565214463583e-01 
 7.042800000000e-09  3.905327742692e-01 
 7.052800000000e-09  2.656524128100e-01 
 7.062800000000e-09  9.800422089168e-02 
 7.072800000000e-09 -8.871845355351e-02 
 7.082800000000e-09 -2.655187895190e-01 
 7.092800000000e-09 -3.965140213043e-01 
 7.102800000000e-09 -4.595406236596e-01 
 7.112800000000e-09 -4.511474763569e-01 
 7.122800000000e-09 -3.762183314028e-01 
 7.132800000000e-09 -2.440450581406e-01 
 7.142800000000e-09 -7.221009344626e-02 
 7.152800000000e-09  1.150856509992e-01 
 7.162800000000e-09  2.875787150267e-01 
 7.172800000000e-09  4.097631250055e-01 
 7.182800000000e-09  4.626322815567e-01 
 7.192800000000e-09  4.444313526124e-01 
 7.202800000000e-09  3.607464734381e-01 
 7.212800000000e-09  2.216448723579e-01 
 7.222800000000e-09  4.610095669780e-02 
 7.232800000000e-09 -1.411815625306e-01 
 7.242800000000e-09 -3.086041980622e-01 
 7.252800000000e-09 -4.215990575855e-01 
 7.262800000000e-09 -4.642798077438e-01 
 7.272800000000e-09 -4.363914471756e-01 
 7.282800000000e-09 -3.441411810010e-01 
 7.292800000000e-09 -1.985117476249e-01 
 7.302800000000e-09 -1.974820799729e-02 
 7.312800000000e-09  1.668874367092e-01 
 7.322800000000e-09  3.284789253039e-01 
 7.332800000000e-09  4.320033459525e-01 
 7.342800000000e-09  4.645261268825e-01 
 7.352800000000e-09  4.270735388756e-01 
 7.362800000000e-09  3.264563404150e-01 
 7.372800000000e-09  1.747198199988e-01 
 7.382800000000e-09 -6.777933849375e-03 
 7.392800000000e-09 -1.921077759746e-01 
 7.402800000000e-09 -3.471512046210e-01 
 7.412800000000e-09 -4.409755351068e-01 
 7.422800000000e-09 -4.633770326044e-01 
 7.432800000000e-09 -4.164999566592e-01 
 7.442800000000e-09 -3.077370985849e-01 
 7.452800000000e-09 -1.503408521431e-01 
 7.462800000000e-09  3.339965906641e-02 
 7.472800000000e-09  2.167295650716e-01 
 7.482800000000e-09  3.645582160773e-01 
 7.492800000000e-09  4.485007977036e-01 
 7.502800000000e-09  4.608317757332e-01 
 7.512800000000e-09  4.046823271197e-01 
 7.522800000000e-09  2.880215706517e-01 
 7.532800000000e-09  1.254400985597e-01 
 7.542800000000e-09 -6.002415825245e-02 
 7.552800000000e-09 -2.406263904580e-01 
 7.562800000000e-09 -3.806404259136e-01 
 7.572800000000e-09 -4.545710073317e-01 
 7.582800000000e-09 -4.569028392943e-01 
 7.592800000000e-09 -3.916485545730e-01 
 7.602800000000e-09 -2.673738851527e-01 
 7.612800000000e-09 -1.000861007984e-01 
 7.622800000000e-09  8.656575684646e-02 
 7.632800000000e-09  2.636840162709e-01 
 7.642800000000e-09  3.953791123000e-01 
 7.652800000000e-09  4.592305684795e-01 
 7.662800000000e-09  4.516395515360e-01 
 7.672800000000e-09  3.774298019362e-01 
 7.682800000000e-09  2.458350424423e-01 
 7.692800000000e-09  7.432140848213e-02 
 7.702800000000e-09 -1.129505865789e-01 
 7.712800000000e-09 -2.858241388139e-01 
 7.722800000000e-09 -4.087408721371e-01 
 7.732800000000e-09 -4.624376353285e-01 
 7.742800000000e-09 -4.450304292527e-01 
 7.752800000000e-09 -3.620506179182e-01 
 7.762800000000e-09 -2.234975454066e-01 
 7.772800000000e-09 -4.823613648448e-02 
 7.782800000000e-09  1.390718338701e-01 
 7.792800000000e-09  3.069370194634e-01 
 7.802800000000e-09  4.206910242193e-01 
 7.812800000000e-09  4.641995557994e-01 
 7.822800000000e-09  4.370953799509e-01 
 7.832800000000e-09  3.455346955286e-01 
 7.842800000000e-09  2.004207427348e-01 
 7.852800000000e-09  2.190076188461e-02 
 7.862800000000e-09 -1.648121477987e-01 
 7.872800000000e-09 -3.269059799093e-01 
 7.882800000000e-09 -4.312108530962e-01 
 7.892800000000e-09 -4.645594851769e-01 
 7.902800000000e-09 -4.278802330495e-01 
 7.912800000000e-09 -3.279387638143e-01 
 7.922800000000e-09 -1.766852512528e-01 
 7.932800000000e-09  4.609893445626e-03 
 7.942800000000e-09  1.900738589823e-01 
 7.952800000000e-09  3.456787253481e-01 
 7.962800000000e-09  4.403028318529e-01 
 7.972800000000e-09  4.635284850009e-01 
 7.982800000000e-09  4.174138270615e-01 
 7.992800000000e-09  3.093049663203e-01 
 8.002800000000e-09  1.523507222132e-01 
 8.012800000000e-09 -3.122803135205e-02 
 8.022800000000e-09 -2.147496590694e-01 
 8.032800000000e-09 -3.631912400998e-01 
 8.042800000000e-09 -4.479455361189e-01 
 8.052800000000e-09 -4.610951727072e-01 
 8.062800000000e-09 -4.056954631479e-01 
 8.072800000000e-09 -2.896680386229e-01 
 8.082800000000e-09 -1.274901983219e-01 
 8.092800000000e-09  5.785490453795e-02 
 8.102800000000e-09  2.387090754101e-01 
 8.112800000000e-09  3.793822653824e-01 
 8.122800000000e-09  4.541338082575e-01 
 8.132800000000e-09  4.572785912176e-01 
 8.142800000000e-09  3.927557599628e-01 
 8.152800000000e-09  2.690860955304e-01 
 8.162800000000e-09  1.021651210184e-01 
 8.172800000000e-09 -8.440945146132e-02 
 8.182800000000e-09 -2.618381798318e-01 
 8.192800000000e-09 -3.942287551670e-01 
 8.202800000000e-09 -4.589044530707e-01 
 8.212800000000e-09 -4.521170456159e-01 
 8.222800000000e-09 -3.786295391870e-01 
 8.232800000000e-09 -2.476178972598e-01 
 8.242800000000e-09 -7.643114070338e-02 
 8.252800000000e-09  1.108109329373e-01 
 8.262800000000e-09  2.840582725638e-01 
 8.272800000000e-09  4.077044718451e-01 
 8.282800000000e-09  4.622289641046e-01 
 8.292800000000e-09  4.456168300495e-01 
 8.302800000000e-09  3.633442355973e-01 
 8.312800000000e-09  2.253436713403e-01 
 8.322800000000e-09  5.036981502826e-02 
 8.332800000000e-09 -1.369576355477e-01 
 8.342800000000e-09 -3.052588668962e-01 
 8.352800000000e-09 -4.197692490551e-01 
 8.362800000000e-09 -4.641056274779e-01 
 8.372800000000e-09 -4.377871694495e-01 
 8.382800000000e-09 -3.469185937579e-01 
 8.392800000000e-09 -2.023244485125e-01 
 8.402800000000e-09 -2.405281507814e-02 
 8.412800000000e-09  1.627315321053e-01 
 8.422800000000e-09  3.253220079614e-01 
 8.432800000000e-09  4.304055685237e-01 
 8.442800000000e-09  4.645804516508e-01 
 8.452800000000e-09  4.286759006719e-01 
 8.462800000000e-09  3.294092685394e-01 
 8.472800000000e-09  1.786397804936e-01 
 8.482800000000e-09 -2.446901711118e-03 
 8.492800000000e-09 -1.880370689033e-01 
 8.502800000000e-09 -3.441953187602e-01 
 8.512800000000e-09 -4.396149713825e-01 
 8.522800000000e-09 -4.636632379460e-01 
 8.532800000000e-09 -4.183113531659e-01 
 8.542800000000e-09 -3.108586388674e-01 
 8.552800000000e-09 -1.543510298536e-01 
 8.562800000000e-09  2.906031864897e-02 
 8.572800000000e-09  2.127660062230e-01 
 8.582800000000e-09  3.618136635787e-01 
 8.592800000000e-09  4.473765771123e-01 
 8.602800000000e-09  4.613436843943e-01 
 8.612800000000e-09  4.066937076381e-01 
 8.622800000000e-09  2.913010440097e-01 
 8.632800000000e-09  1.295308744373e-01 
 8.642800000000e-09 -5.568966312718e-02 
 8.652800000000e-09 -2.367881567202e-01 
 8.662800000000e-09 -3.781139188820e-01 
 8.672800000000e-09 -4.536831742010e-01 
 8.682800000000e-09 -4.576391370178e-01 
 8.692800000000e-09 -3.938527376670e-01 
 8.702800000000e-09 -2.707941616283e-01 
 8.712800000000e-09 -1.042415719204e-01 
 8.722800000000e-09  8.225311676111e-02 
 8.732800000000e-09  2.599937997914e-01 
 8.742800000000e-09  3.930608190253e-01 
 8.752800000000e-09  4.585413588127e-01 
 8.762800000000e-09  4.525696654661e-01 
 8.772800000000e-09  3.798181258500e-01 
 8.782800000000e-09  2.494041929056e-01 
 8.792800000000e-09  7.854810060859e-02 
 8.802800000000e-09 -1.086647936473e-01 
 8.812800000000e-09 -2.822799071446e-01 
 8.822800000000e-09 -4.066469546262e-01 
 8.832800000000e-09 -4.619988805326e-01 
 8.842800000000e-09 -4.461830753058e-01 
 8.852800000000e-09 -3.646202521160e-01 
 8.862800000000e-09 -2.271781122639e-01 
 8.872800000000e-09 -5.249894585236e-02 
 8.882800000000e-09  1.348387682677e-01 
 8.892800000000e-09  3.035670820040e-01 
 8.902800000000e-09  4.188287012759e-01 
 8.912800000000e-09  4.639920537200e-01 
 8.922800000000e-09  4.384602179258e-01 
 8.932800000000e-09  3.482869087014e-01 
 8.942800000000e-09  2.042179059247e-01 
 8.952800000000e-09  2.620167869221e-02 
 8.962800000000e-09 -1.606461363539e-01 
 8.972800000000e-09 -3.237248096191e-01 
 8.982800000000e-09 -4.295835618628e-01 
 8.992800000000e-09 -4.645837506697e-01 
 9.002800000000e-09 -4.294549956760e-01 
 9.012800000000e-09 -3.308654015416e-01 
 9.022800000000e-09 -1.805851504499e-01 
 9.032800000000e-09  2.870169551932e-04 
 9.042800000000e-09  1.859953128545e-01 
 9.052800000000e-09  3.426995374499e-01 
 9.062800000000e-09  4.389112467163e-01 
 9.072800000000e-09  4.637815567645e-01 
 9.082800000000e-09  4.191933016291e-01 
 9.092800000000e-09  3.123993245653e-01 
 9.102800000000e-09  1.563431330511e-01 
 9.112800000000e-09 -2.689484208725e-02 
 9.122800000000e-09 -2.107771386095e-01 
 9.132800000000e-09 -3.604241913742e-01 
 9.142800000000e-09 -4.467931395157e-01 
 9.152800000000e-09 -4.615770473017e-01 
 9.162800000000e-09 -4.076776233690e-01 
 9.172800000000e-09 -2.929218652510e-01 
 9.182800000000e-09 -1.315639936503e-01 
 9.192800000000e-09  5.352649193735e-02 
 9.202800000000e-09  2.348617958705e-01 
 9.212800000000e-09  3.768342388413e-01 
 9.222800000000e-09  4.532187204376e-01 
 9.232800000000e-09  4.579853948237e-01 
 9.242800000000e-09  3.949361098525e-01 
 9.252800000000e-09  2.724910390131e-01 
 9.262800000000e-09  1.063110842963e-01 
 9.272800000000e-09 -8.009825130521e-02 
 9.282800000000e-09 -2.581381921290e-01 
 9.292800000000e-09 -3.918931250753e-01 
 9.302800000000e-09 -4.581955642953e-01 
 9.312800000000e-09 -4.530259844513e-01 
 9.322800000000e-09 -3.809965961488e-01 
 9.332800000000e-09 -2.511699308149e-01 
 9.342800000000e-09 -8.064785478489e-02 
 9.352800000000e-09  1.065255994126e-01 
 9.362800000000e-09  2.805017187155e-01 
 9.372800000000e-09  4.055906287745e-01 
 9.382800000000e-09  4.617678019602e-01 
 9.392800000000e-09  4.467472849037e-01 
 9.402800000000e-09  3.658936070496e-01 
 9.412800000000e-09  2.290092495301e-01 
 9.422800000000e-09  5.462467717606e-02 
 9.432800000000e-09 -1.327229684833e-01 
 9.442800000000e-09 -3.018755284360e-01 
 9.452800000000e-09 -4.178876119815e-01 
 9.462800000000e-09 -4.638771789314e-01 
 9.472800000000e-09 -4.391311414094e-01 
 9.482800000000e-09 -3.496513892163e-01 
 9.492800000000e-09 -2.061072949690e-01 
 9.502800000000e-09 -2.834635765895e-02 
 9.512800000000e-09  1.585630364560e-01 
 9.522800000000e-09  3.221266143238e-01 
 9.532800000000e-09  4.287585103878e-01 
 9.542800000000e-09  4.645834695562e-01 
 9.552800000000e-09  4.302299792455e-01 
 9.562800000000e-09  3.323173369195e-01 
 9.572800000000e-09  1.825268575977e-01 
 9.582800000000e-09  1.870120097042e-03 
 9.592800000000e-09 -1.839541322044e-01 
 9.602800000000e-09 -3.412010858908e-01 
 9.612800000000e-09 -4.382039847576e-01 
 9.622800000000e-09 -4.638958316297e-01 
 9.632800000000e-09 -4.200707942201e-01 
 9.642800000000e-09 -3.139350220989e-01 
 9.652800000000e-09 -1.583312575626e-01 
 9.662800000000e-09  2.473215558608e-02 
 9.672800000000e-09  2.087878220214e-01 
 9.682800000000e-09  3.590308246892e-01 
 9.692800000000e-09  4.462044635959e-01 
 9.702800000000e-09  4.618049780895e-01 
 9.712800000000e-09  4.086560713093e-01 
 9.722800000000e-09  2.945377426782e-01 
 9.732800000000e-09  1.335935540402e-01 
 9.742800000000e-09 -5.136498851746e-02 
 9.752800000000e-09 -2.329336043316e-01 
 9.762800000000e-09 -3.755497498384e-01 
 9.772800000000e-09 -4.527487407072e-01 
 9.782800000000e-09 -4.583258739671e-01 
 9.792800000000e-09 -3.960136608035e-01 
 9.802800000000e-09 -2.741826073047e-01 
 9.812800000000e-09 -1.083770172784e-01 
 9.822800000000e-09  7.794472952236e-02 
 9.832800000000e-09  2.562797562614e-01 
 9.842800000000e-09  3.907197051719e-01 
 9.852800000000e-09  4.578432397161e-01 
 9.862800000000e-09  4.534760504851e-01 
 9.872800000000e-09  3.821692795946e-01 
 9.882800000000e-09  2.529309845651e-01 
 9.892800000000e-09  8.274466172578e-02 
 9.902800000000e-09 -1.043867913532e-01 
 9.912800000000e-09 -2.787198590332e-01 
 9.922800000000e-09 -4.045284160337e-01 
 9.932800000000e-09 -4.615304393819e-01 
 9.942800000000e-09 -4.473052200389e-01 
 9.952800000000e-09 -3.671609195037e-01 
 9.962800000000e-09 -2.308356648810e-01 
 9.972800000000e-09 -5.674768440402e-02 
 9.982800000000e-09  1.306069353367e-01 
 9.992800000000e-09  3.001793261260e-01 
 1.000000000000e-08  3.915321123015e-01 
