% time-domain voltage integration by openEMS v0.0.35-108-gc651cce @Mon Jan 26 10:16:21 2026
% start-coordinates: (-3.993e-05,-4.3075e-05,0.00015575) m -> [57,45,21]
% stop-coordinates: (-3.6065e-05,-4.3075e-05,0.00015575) m -> [63,45,21]
% t/s	voltage
0	-0
3.56563812637e-13	-5.46220538418e-11
7.13127625273e-13	3.577647293e-12
1.06969143791e-12	6.6629118195e-10
1.42625525055e-12	1.87773439853e-09
1.78281906318e-12	4.43088088442e-09
2.13938287582e-12	8.13648937115e-09
2.49594668846e-12	1.2288194462e-08
2.85251050109e-12	1.38716675924e-08
3.20907431373e-12	7.90402343576e-09
3.56563812637e-12	-1.18351000111e-08
3.922201939e-12	-5.0152978659e-08
4.27876575164e-12	-1.05457921507e-07
4.63532956428e-12	-1.6522244195e-07
4.99189337691e-12	-2.04939397008e-07
5.34845718955e-12	-1.92221948581e-07
5.70502100219e-12	-1.00445049611e-07
6.06158481482e-12	7.40667207566e-08
6.41814862746e-12	3.01094782884e-07
6.7747124401e-12	5.15857436767e-07
7.13127625273e-12	6.39326721341e-07
7.48784006537e-12	6.10112437016e-07
7.84440387801e-12	4.14529985449e-07
8.20096769064e-12	9.94568187807e-08
8.55753150328e-12	-2.4200577009e-07
8.91409531592e-12	-5.07133290029e-07
9.27065912855e-12	-6.23690027624e-07
9.62722294119e-12	-5.76338678115e-07
9.98378675383e-12	-4.05666813919e-07
1.03403505665e-11	-1.85040354594e-07
1.06969143791e-11	1.29508026525e-08
1.10534781917e-11	1.41417732635e-07
1.14100420044e-11	1.89193725575e-07
1.1766605817e-11	1.73222737487e-07
1.21231696296e-11	1.23701275889e-07
1.24797334423e-11	6.83777789945e-08
1.28362972549e-11	2.49981140232e-08
1.31928610676e-11	-7.87698531401e-10
1.35494248802e-11	-1.12059046486e-08
1.39059886928e-11	-1.21235964601e-08
1.42625525055e-11	-9.00049956787e-09
1.46191163181e-11	-5.23279064524e-09
1.49756801307e-11	-2.39537309432e-09
1.53322439434e-11	-7.78871897533e-10
1.5688807756e-11	-1.00200777363e-10
1.60453715686e-11	6.76631251029e-11
1.64019353813e-11	8.32842432172e-12
1.67584991939e-11	-9.77953803008e-11
1.71150630066e-11	-6.92538821429e-11
1.74716268192e-11	-7.19801006993e-11
1.78281906318e-11	-8.49361232388e-11
1.81847544445e-11	-1.16146703366e-10
1.85413182571e-11	-9.73592812273e-11
1.88978820697e-11	-5.58146476086e-11
1.92544458824e-11	-7.40406772351e-11
1.9611009695e-11	-5.63174051664e-11
1.99675735077e-11	-9.39921482659e-11
2.03241373203e-11	-9.27928359151e-11
2.06807011329e-11	-7.49931375679e-11
2.10372649456e-11	-2.83652842425e-11
2.13938287582e-11	-3.88439167984e-11
2.17503925708e-11	-5.56339865669e-11
2.21069563835e-11	-7.09110873319e-11
2.24635201961e-11	-4.57555568954e-11
2.28200840087e-11	-2.93613646851e-11
2.31766478214e-11	-2.40343359364e-11
2.3533211634e-11	-7.37783566879e-11
2.38897754467e-11	-5.2214824478e-11
2.42463392593e-11	-6.57467981967e-11
2.46029030719e-11	-3.57222424384e-11
2.49594668846e-11	-4.66615847523e-11
