% time-domain current integration by openEMS v0.0.35-108-gc651cce @Mon Jan 26 10:16:21 2026
% start-coordinates: (-1.294e-05,-4.46197e-05,0.00016068) m -> [94,42,30]
% stop-coordinates: (-1.194e-05,-4.11275e-05,0.00016068) m -> [96,48,30]
% t/s	current
4.51346598274e-16	0
3.57015159235e-13	-1.39389324735e-12
7.13578971872e-13	2.62722677814e-12
1.07014278451e-12	1.87783748512e-13
1.42670659714e-12	-2.52396909796e-12
1.78327040978e-12	-9.08930569699e-12
2.13983422242e-12	-2.33634552677e-11
2.49639803505e-12	-4.8448474399e-11
2.85296184769e-12	-7.69395519518e-11
3.20952566033e-12	-9.49198428191e-11
3.56608947296e-12	-7.01837338246e-11
3.9226532856e-12	4.25293134043e-11
4.27921709824e-12	2.79795103753e-10
4.63578091087e-12	6.42455921795e-10
4.99234472351e-12	1.05455022492e-09
5.34890853615e-12	1.34932631735e-09
5.70547234878e-12	1.290305085e-09
6.06203616142e-12	6.72020772363e-10
6.41859997406e-12	-5.55863244323e-10
6.77516378669e-12	-2.18332285584e-09
7.13172759933e-12	-3.72342490174e-09
7.48829141197e-12	-4.56556303874e-09
7.8448552246e-12	-4.22248547238e-09
8.20141903724e-12	-2.59118970725e-09
8.55798284988e-12	-6.71513400441e-11
8.91454666251e-12	2.57622478905e-09
9.27111047515e-12	4.49262582691e-09
9.62767428779e-12	5.12202458225e-09
9.98423810042e-12	4.39639125105e-09
1.03408019131e-11	2.73138289764e-09
1.06973657257e-11	7.94930121728e-10
1.10539295383e-11	-7.9803552655e-10
1.1410493351e-11	-1.6931550606e-09
1.17670571636e-11	-1.86388660062e-09
1.21236209762e-11	-1.52302515044e-09
1.24801847889e-11	-9.6497865254e-10
1.28367486015e-11	-4.36191138764e-10
1.31933124142e-11	-6.74950095814e-11
1.35498762268e-11	1.17318516013e-10
1.39064400394e-11	1.62816926608e-10
1.42630038521e-11	1.35209066165e-10
1.46195676647e-11	8.61517246431e-11
1.49761314773e-11	4.41198258483e-11
1.533269529e-11	1.62809609544e-11
1.56892591026e-11	2.1746365559e-12
1.60458229152e-11	-2.56076626917e-12
1.64023867279e-11	-3.32111053068e-12
1.67589505405e-11	-2.15468615172e-12
1.71155143532e-11	7.84668554091e-14
1.74720781658e-11	-5.64623597443e-13
1.78286419784e-11	-1.51931353783e-12
1.81852057911e-11	-1.07783194262e-12
1.85417696037e-11	-6.98698802808e-13
1.88983334163e-11	-3.97493805449e-13
1.9254897229e-11	-6.96198090497e-13
1.96114610416e-11	-1.0885809398e-12
1.99680248543e-11	-1.05897842578e-12
2.03245886669e-11	-9.99150740442e-13
2.06811524795e-11	-7.90174241143e-13
2.10377162922e-11	-2.07232831156e-13
2.13942801048e-11	-1.21373115551e-12
2.17508439174e-11	-9.31723014713e-13
2.21074077301e-11	-5.42745536014e-13
2.24639715427e-11	-3.91886745494e-13
2.28205353553e-11	-1.18597677252e-13
2.3177099168e-11	-1.01157190263e-12
2.35336629806e-11	-8.23050666249e-13
2.38902267933e-11	-7.48803634116e-13
2.42467906059e-11	-5.03055781168e-14
2.46033544185e-11	-3.60856093271e-13
2.49599182312e-11	-4.19806144058e-13
