 1.628000000000e-10  2.141185839902e-02 
 1.728000000000e-10  1.251605691264e-02 
 1.828000000000e-10  1.986175830802e-03 
 1.928000000000e-10 -8.993368835881e-03 
 2.028000000000e-10 -1.916168641303e-02 
 2.128000000000e-10 -2.732236781613e-02 
 2.228000000000e-10 -3.248738533573e-02 
 2.328000000000e-10 -3.399492682987e-02 
 2.428000000000e-10 -3.159615542531e-02 
 2.528000000000e-10 -2.548895004227e-02 
 2.628000000000e-10 -1.630488770490e-02 
 2.728000000000e-10 -5.041975175218e-03 
 2.828000000000e-10  7.039827717141e-03 
 2.928000000000e-10  1.855928122588e-02 
 3.028000000000e-10  2.816831626313e-02 
 3.128000000000e-10  3.471231309142e-02 
 3.228000000000e-10  3.736826711941e-02 
 3.328000000000e-10  3.575014585255e-02 
 3.428000000000e-10  2.995944418857e-02 
 3.528000000000e-10  2.058257820051e-02 
 3.628000000000e-10  8.629560298465e-03 
 3.728000000000e-10 -4.571399972572e-03 
 3.828000000000e-10 -1.751979553139e-02 
 3.928000000000e-10 -2.870934192993e-02 
 4.028000000000e-10 -3.680472749076e-02 
 4.128000000000e-10 -4.080144132786e-02 
 4.228000000000e-10 -4.015283685638e-02 
 4.328000000000e-10 -3.484088717506e-02 
 4.428000000000e-10 -2.538736358349e-02 
 4.528000000000e-10 -1.280055562240e-02 
 4.628000000000e-10  1.529694323080e-03 
 4.728000000000e-10  1.598287579409e-02 
 4.828000000000e-10  2.888547760518e-02 
 4.928000000000e-10  3.870782769294e-02 
 5.028000000000e-10  4.424608653977e-02 
 5.128000000000e-10  4.477050446302e-02 
 5.228000000000e-10  4.012060860323e-02 
 5.328000000000e-10  3.073299301678e-02 
 5.428000000000e-10  1.759719664327e-02 
 5.528000000000e-10  2.152056102654e-03 
 5.628000000000e-10 -1.386535369097e-02 
 5.728000000000e-10 -2.861073350530e-02 
 5.828000000000e-10 -4.034610885242e-02 
 5.928000000000e-10 -4.764578472019e-02 
 6.028000000000e-10 -4.957305600200e-02 
 6.128000000000e-10 -4.579711015737e-02 
 6.228000000000e-10 -3.664386301574e-02 
 6.328000000000e-10 -2.306470703740e-02 
 6.428000000000e-10 -6.537072414512e-03 
 6.528000000000e-10  1.109213348811e-02 
 6.628000000000e-10  2.780443631601e-02 
 6.728000000000e-10  4.164035666659e-02 
 6.828000000000e-10  5.093341161711e-02 
 6.928000000000e-10  5.451178456570e-02 
 7.028000000000e-10  5.184682596290e-02 
 7.128000000000e-10  4.312730199360e-02 
 7.228000000000e-10  2.924182023825e-02 
 7.328000000000e-10  1.168819438374e-02 
 7.428000000000e-10 -7.582242705639e-03 
 7.528000000000e-10 -2.637592500407e-02 
 7.628000000000e-10 -4.250247769108e-02 
 7.728000000000e-10 -5.403269657130e-02 
 7.828000000000e-10 -5.953238092080e-02 
 7.928000000000e-10 -5.824275991293e-02 
 8.028000000000e-10 -5.018446069635e-02 
 8.128000000000e-10 -3.616074120259e-02 
 8.228000000000e-10 -1.766945497677e-02 
 8.328000000000e-10  3.249407693471e-03 
 8.428000000000e-10  2.422728425589e-02 
 8.528000000000e-10  4.283254492092e-02 
 8.628000000000e-10  5.685171313797e-02 
 8.728000000000e-10  6.456087047118e-02 
 8.828000000000e-10  6.494064010296e-02 
 8.928000000000e-10  5.780873587293e-02 
 9.028000000000e-10  4.385057249841e-02 
 9.128000000000e-10  2.454130221661e-02 
 9.228000000000e-10  1.995600302182e-03 
 9.328000000000e-10 -2.124941599354e-02 
 9.428000000000e-10 -4.251462405373e-02 
 9.528000000000e-10 -5.928469067358e-02 
 9.628000000000e-10 -6.951551520395e-02 
 9.728000000000e-10 -7.188848784856e-02 
 9.828000000000e-10 -6.598088792841e-02 
 9.928000000000e-10 -5.232519766435e-02 
 1.002800000000e-09 -3.234985667591e-02 
 1.012800000000e-09 -8.228822846795e-03 
 1.022800000000e-09  1.734303128018e-02 
 1.032800000000e-09  4.143635461805e-02 
 1.042800000000e-09  6.121746461756e-02 
 1.052800000000e-09  7.429077044115e-02 
 1.062800000000e-09  7.900272374491e-02 
 1.072800000000e-09  7.465316801523e-02 
 1.082800000000e-09  6.158403707746e-02 
 1.092800000000e-09  4.114284803992e-02 
 1.102800000000e-09  1.553748120469e-02 
 1.112800000000e-09 -1.239108390284e-02 
 1.122800000000e-09 -3.946392572221e-02 
 1.132800000000e-09 -6.251509824088e-02 
 1.142800000000e-09 -7.877027800311e-02 
 1.152800000000e-09 -8.620021955004e-02 
 1.162800000000e-09 -8.378032137147e-02 
 1.172800000000e-09 -7.162052892855e-02 
 1.182800000000e-09 -5.095330222534e-02 
 1.192800000000e-09 -2.399384604393e-02 
 1.202800000000e-09  6.287783620234e-03 
 1.212800000000e-09  3.646831334600e-02 
 1.222800000000e-09  6.303958146775e-02 
 1.232800000000e-09  8.282186872370e-02 
 1.242800000000e-09  9.336779444580e-02 
 1.252800000000e-09  9.328261822080e-02 
 1.262800000000e-09  8.240023620724e-02 
 1.272800000000e-09  6.179649052589e-02 
 1.282800000000e-09  3.366220703371e-02 
 1.292800000000e-09  1.074675397809e-03 
 1.302800000000e-09 -3.230904972640e-02 
 1.312800000000e-09 -6.263349298773e-02 
 1.322800000000e-09 -8.628964407772e-02 
 1.332800000000e-09 -1.003722910036e-01 
 1.342800000000e-09 -1.030651439747e-01 
 1.352800000000e-09 -9.387296773747e-02 
 1.362800000000e-09 -7.367092723094e-02 
 1.372800000000e-09 -4.459095734259e-02 
 1.382800000000e-09 -9.791681486163e-03 
 1.392800000000e-09  2.685176138510e-02 
 1.402800000000e-09  6.113740420833e-02 
 1.412800000000e-09  8.900776095561e-02 
 1.422800000000e-09  1.070603519276e-01 
 1.432800000000e-09  1.130048246086e-01 
 1.442800000000e-09  1.059604940456e-01 
 1.452800000000e-09  8.655131612767e-02 
 1.462800000000e-09  5.681081107261e-02 
 1.472800000000e-09  1.994867291902e-02 
 1.482800000000e-09 -1.996316621336e-02 
 1.492800000000e-09 -5.838370935401e-02 
 1.502800000000e-09 -9.079356346818e-02 
 1.512800000000e-09 -1.132560268956e-01 
 1.522800000000e-09 -1.229501576454e-01 
 1.532800000000e-09 -1.185508873906e-01 
 1.542800000000e-09 -1.003784468979e-01 
 1.552800000000e-09 -7.032210776823e-02 
 1.562800000000e-09 -3.160766292300e-02 
 1.572800000000e-09  1.152246823258e-02 
 1.582800000000e-09  5.420342083972e-02 
 1.592800000000e-09  9.144868897006e-02 
 1.602800000000e-09  1.187556826217e-01 
 1.612800000000e-09  1.327196481079e-01 
 1.622800000000e-09  1.315053449700e-01 
 1.632800000000e-09  1.150663723550e-01 
 1.642800000000e-09  8.509932255919e-02 
 1.652800000000e-09  4.480820607342e-02 
 1.662800000000e-09 -1.425549243470e-03 
 1.672800000000e-09 -4.843582430915e-02 
 1.682800000000e-09 -9.077290421542e-02 
 1.692800000000e-09 -1.233435892696e-01 
 1.702800000000e-09 -1.421068033677e-01 
 1.712800000000e-09 -1.446497680602e-01 
 1.722800000000e-09 -1.304916327992e-01 
 1.732800000000e-09 -1.010802014655e-01 
 1.742800000000e-09 -5.955629344412e-02 
 1.752800000000e-09 -1.040572527654e-02 
 1.762800000000e-09  4.093400646950e-02 
 1.772800000000e-09  8.856468531464e-02 
 1.782800000000e-09  1.267877778290e-01 
 1.792800000000e-09  1.508780548417e-01 
 1.802800000000e-09  1.577743890129e-01 
 1.812800000000e-09  1.464889798023e-01 
 1.822800000000e-09  1.181602401369e-01 
 1.832800000000e-09  7.581886584160e-02 
 1.842800000000e-09  2.401705407055e-02 
 1.852800000000e-09 -3.157235934729e-02 
 1.862800000000e-09 -8.462867296861e-02 
 1.872800000000e-09 -1.288456927235e-01 
 1.882800000000e-09 -1.587739014994e-01 
 1.892800000000e-09 -1.706350260796e-01 
 1.902800000000e-09 -1.628551500468e-01 
 1.912800000000e-09 -1.361934159967e-01 
 1.922800000000e-09 -9.351973221455e-02 
 1.932800000000e-09 -3.941317056837e-02 
 1.942800000000e-09  2.025841167944e-02 
 1.952800000000e-09  7.878897521078e-02 
 1.962800000000e-09  1.292773172657e-01 
 1.972800000000e-09  1.655208807527e-01 
 1.982800000000e-09  1.829583189150e-01 
 1.992800000000e-09  1.793467919077e-01 
 2.002800000000e-09  1.549889395888e-01 
 2.012800000000e-09  1.125363055260e-01 
 2.022800000000e-09  5.655330358807e-02 
 2.032800000000e-09 -6.939514787796e-03 
 2.042800000000e-09 -7.089745269289e-02 
 2.052800000000e-09 -1.278530479462e-01 
 2.062800000000e-09 -1.708368883021e-01 
 2.072800000000e-09 -1.944459002972e-01 
 2.082800000000e-09 -1.956837731417e-01 
 2.092800000000e-09 -1.743116909879e-01 
 2.102800000000e-09 -1.326970502030e-01 
 2.112800000000e-09 -7.534543686222e-02 
 2.122800000000e-09 -8.388145417688e-03 
 2.132800000000e-09  6.084491691728e-02 
 2.142800000000e-09  1.243658311985e-01 
 2.152800000000e-09  1.744430983482e-01 
 2.162800000000e-09  2.047842619087e-01 
 2.172800000000e-09  2.115561678441e-01 
 2.182800000000e-09  1.938870856076e-01 
 2.192800000000e-09  1.537847292258e-01 
 2.202800000000e-09  9.564678532625e-02 
 2.212800000000e-09  2.567528453285e-02 
 2.222800000000e-09 -4.857076500896e-02 
 2.232800000000e-09 -1.186439692173e-01 
 2.242800000000e-09 -1.760765500156e-01 
 2.252800000000e-09 -2.136550361575e-01 
 2.262800000000e-09 -2.266316262495e-01 
 2.272800000000e-09 -2.134056140537e-01 
 2.282800000000e-09 -1.755391188613e-01 
 2.292800000000e-09 -1.172648931082e-01 
 2.302800000000e-09 -4.481751138490e-02 
 2.312800000000e-09  3.406898897593e-02 
 2.322800000000e-09  1.105608450699e-01 
 2.332800000000e-09  1.755029319636e-01 
 2.342800000000e-09  2.207491631252e-01 
 2.352800000000e-09  2.405680386087e-01 
 2.362800000000e-09  2.325325026492e-01 
 2.372800000000e-09  1.976642587361e-01 
 2.382800000000e-09  1.399629578575e-01 
 2.392800000000e-09  6.565695084544e-02 
 2.402800000000e-09 -1.739267096752e-02 
 2.412800000000e-09 -1.000452874578e-01 
 2.422800000000e-09 -1.725296841520e-01 
 2.432800000000e-09 -2.257791792824e-01 
 2.442800000000e-09 -2.530241468077e-01 
 2.452800000000e-09 -2.509161886660e-01 
 2.462800000000e-09 -2.198347214569e-01 
 2.472800000000e-09 -1.634655599767e-01 
 2.482800000000e-09 -8.798695417977e-02 
 2.492800000000e-09 -1.347211919418e-03 
 2.502800000000e-09  8.708529429485e-02 
 2.512800000000e-09  1.670143135559e-01 
 2.522800000000e-09  2.284917694297e-01 
 2.532800000000e-09  2.636737958328e-01 
 2.542800000000e-09  2.682007338485e-01 
 2.552800000000e-09  2.417050613600e-01 
 2.562800000000e-09  1.874664626434e-01 
 2.572800000000e-09  1.115588472304e-01 
 2.582800000000e-09  2.198473343484e-02 
 2.592800000000e-09 -7.173115325425e-02 
 2.602800000000e-09 -1.588728808975e-01 
 2.612800000000e-09 -2.286781379270e-01 
 2.622800000000e-09 -2.722163375930e-01 
 2.632800000000e-09 -2.840363885564e-01 
 2.642800000000e-09 -2.629182669672e-01 
 2.652800000000e-09 -2.116354765213e-01 
 2.662800000000e-09 -1.360893289581e-01 
 2.672800000000e-09 -4.430551262417e-02 
 2.682800000000e-09  5.409308910779e-02 
 2.692800000000e-09  1.480827494744e-01 
 2.702800000000e-09  2.261815109928e-01 
 2.712800000000e-09  2.783867424099e-01 
 2.722800000000e-09  2.980904255258e-01 
 2.732800000000e-09  2.831157752462e-01 
 2.742800000000e-09  2.356262781869e-01 
 2.752800000000e-09  1.612682618303e-01 
 2.762800000000e-09  6.805458515918e-02 
 2.772800000000e-09 -3.433682762409e-02 
 2.782800000000e-09 -1.346833926859e-01 
 2.792800000000e-09 -2.209020071269e-01 
 2.802800000000e-09 -2.819637378662e-01 
 2.812800000000e-09 -3.100578941293e-01 
 2.822800000000e-09 -3.019489491650e-01 
 2.832800000000e-09 -2.590859229002e-01 
 2.842800000000e-09 -1.867670178184e-01 
 2.852800000000e-09 -9.294488483310e-02 
 2.862800000000e-09  1.267766652391e-02 
 2.872800000000e-09  1.187757730764e-01 
 2.882800000000e-09  2.128016379830e-01 
 2.892800000000e-09  2.827772334545e-01 
 2.902800000000e-09  3.196694480646e-01 
 2.912800000000e-09  3.190891734855e-01 
 2.922800000000e-09  2.816643772116e-01 
 2.932800000000e-09  2.122466991166e-01 
 2.942800000000e-09  1.186669252083e-01 
 2.952800000000e-09  1.062892765762e-02 
 2.962800000000e-09 -1.005173780037e-01 
 2.972800000000e-09 -2.019045846521e-01 
 2.982800000000e-09 -2.807134682581e-01 
 2.992800000000e-09 -3.266994360408e-01 
 3.002800000000e-09 -3.342380815357e-01 
 3.012800000000e-09 -3.030261061406e-01 
 3.022800000000e-09 -2.373687691705e-01 
 3.032800000000e-09 -1.448991983657e-01 
 3.042800000000e-09 -3.529773529846e-02 
 3.052800000000e-09  8.011560501239e-02 
 3.062800000000e-09  1.882964714654e-01 
 3.072800000000e-09  2.757195560224e-01 
 3.082800000000e-09  3.309726678878e-01 
 3.092800000000e-09  3.471350978757e-01 
 3.102800000000e-09  3.228601907439e-01 
 3.112800000000e-09  2.618053003587e-01 
 3.122800000000e-09  1.713185026204e-01 
 3.132800000000e-09  6.102547149834e-02 
 3.142800000000e-09 -5.781801230718e-02 
 3.152800000000e-09 -1.721196441121e-01 
 3.162800000000e-09 -2.678039671483e-01 
 3.172800000000e-09 -3.323700563758e-01 
 3.182800000000e-09 -3.575658423869e-01 
 3.192800000000e-09 -3.408907110342e-01 
 3.202800000000e-09 -2.852494859392e-01 
 3.212800000000e-09 -1.976100737927e-01 
 3.222800000000e-09 -8.750214718996e-02 
 3.232800000000e-09  3.390161642612e-02 
 3.242800000000e-09  1.535670882853e-01 
 3.252800000000e-09  2.570369034062e-01 
 3.262800000000e-09  3.308316920998e-01 
 3.272800000000e-09  3.653646711815e-01 
 3.282800000000e-09  3.568809316518e-01 
 3.292800000000e-09  3.074211961574e-01 
 3.302800000000e-09  2.234751164360e-01 
 3.312800000000e-09  1.144215629783e-01 
 3.322800000000e-09 -8.659887331136e-03 
 3.332800000000e-09 -1.328711411290e-01 
 3.342800000000e-09 -2.435428996891e-01 
 3.352800000000e-09 -3.263549401078e-01 
 3.362800000000e-09 -3.704161937482e-01 
 3.372800000000e-09 -3.706347293041e-01 
 3.382800000000e-09 -3.280710979336e-01 
 3.392800000000e-09 -2.486371512035e-01 
 3.402800000000e-09 -1.414904427546e-01 
 3.412800000000e-09 -1.760990727919e-02 
 3.422800000000e-09  1.102912148555e-01 
 3.432800000000e-09  2.274918869303e-01 
 3.442800000000e-09  3.189896221692e-01 
 3.452800000000e-09  3.726551779039e-01 
 3.462800000000e-09  3.819992309499e-01 
 3.472800000000e-09  3.469855487275e-01 
 3.482800000000e-09  2.728475927384e-01 
 3.492800000000e-09  1.684348688444e-01 
 3.502800000000e-09  4.461569921263e-02 
 3.512800000000e-09 -8.610371554603e-02 
 3.522800000000e-09 -2.090909194138e-01 
 3.532800000000e-09 -3.088334689166e-01 
 3.542800000000e-09 -3.720630570894e-01 
 3.552800000000e-09 -3.908614402601e-01 
 3.562800000000e-09 -3.639852676975e-01 
 3.572800000000e-09 -2.958835307426e-01 
 3.582800000000e-09 -1.950020226701e-01 
 3.592800000000e-09 -7.207856337727e-02 
 3.602800000000e-09  6.058999274787e-02 
 3.612800000000e-09  1.885714547965e-01 
 3.622800000000e-09  2.960218643348e-01 
 3.632800000000e-09  3.686621511892e-01 
 3.642800000000e-09  3.971460057216e-01 
 3.652800000000e-09  3.789229779246e-01 
 3.662800000000e-09  3.175466237083e-01 
 3.672800000000e-09  2.209613763210e-01 
 3.682800000000e-09  9.973720057018e-02 
 3.692800000000e-09 -3.402772486778e-02 
 3.702800000000e-09 -1.661798448399e-01 
 3.712800000000e-09 -2.807203945434e-01 
 3.722800000000e-09 -3.625107160477e-01 
 3.732800000000e-09 -4.008112789982e-01 
 3.742800000000e-09 -3.916794747939e-01 
 3.752800000000e-09 -3.376621666981e-01 
 3.762800000000e-09 -2.461056414864e-01 
 3.772800000000e-09 -1.273518485817e-01 
 3.782800000000e-09  6.683076331775e-03 
 3.792800000000e-09  1.421684993556e-01 
 3.802800000000e-09  2.631173913897e-01 
 3.812800000000e-09  3.536980406961e-01 
 3.822800000000e-09  4.018479987570e-01 
 3.832800000000e-09  4.021653495277e-01 
 3.842800000000e-09  3.560823238083e-01 
 3.852800000000e-09  2.702512807027e-01 
 3.862800000000e-09  1.547052076484e-01 
 3.872800000000e-09  2.119308975818e-02 
 3.882800000000e-09 -1.167911634325e-01 
 3.892800000000e-09 -2.434195220574e-01 
 3.902800000000e-09 -3.423417738337e-01 
 3.912800000000e-09 -4.002750262064e-01 
 3.922800000000e-09 -4.103163765864e-01 
 3.932800000000e-09 -3.726828188244e-01 
 3.942800000000e-09 -2.932336691923e-01 
 3.952800000000e-09 -1.815986416263e-01 
 3.962800000000e-09 -4.936528204956e-02 
 3.972800000000e-09  9.029835410252e-02 
 3.982800000000e-09  2.218439303274e-01 
 3.992800000000e-09  3.285793233861e-01 
 4.002800000000e-09  3.961324564447e-01 
 4.012800000000e-09  4.160888653777e-01 
 4.022800000000e-09  3.873570784220e-01 
 4.032800000000e-09  3.149002481229e-01 
 4.042800000000e-09  2.078491988761e-01 
 4.052800000000e-09  7.761564580580e-02 
 4.062800000000e-09 -6.293149916575e-02 
 4.072800000000e-09 -1.986107257472e-01 
 4.082800000000e-09 -3.125618099767e-01 
 4.092800000000e-09 -3.894776824700e-01 
 4.102800000000e-09 -4.194564186924e-01 
 4.112800000000e-09 -4.000130306017e-01 
 4.122800000000e-09 -3.351114728282e-01 
 4.132800000000e-09 -2.332910202159e-01 
 4.142800000000e-09 -1.057463370862e-01 
 4.152800000000e-09  3.491761199364e-02 
 4.162800000000e-09  1.739373016734e-01 
 4.172800000000e-09  2.944507478163e-01 
 4.182800000000e-09  3.803850727702e-01 
 4.192800000000e-09  4.204116545075e-01 
 4.202800000000e-09  4.105766477210e-01 
 4.212800000000e-09  3.537454168355e-01 
 4.222800000000e-09  2.577767434978e-01 
 4.232800000000e-09  1.335800402115e-01 
 4.242800000000e-09 -6.467646981138e-03 
 4.252800000000e-09 -1.480376183058e-01 
 4.262800000000e-09 -2.744191721367e-01 
 4.272800000000e-09 -3.689496628518e-01 
 4.282800000000e-09 -4.189677108093e-01 
 4.292800000000e-09 -4.189921572523e-01 
 4.302800000000e-09 -3.706978046566e-01 
 4.312800000000e-09 -2.811727425907e-01 
 4.322800000000e-09 -1.609549456297e-01 
 4.332800000000e-09 -2.222146760388e-02 
 4.342800000000e-09  1.211223820312e-01 
 4.352800000000e-09  2.526494807045e-01 
 4.362800000000e-09  3.552836315622e-01 
 4.372800000000e-09  4.151542250762e-01 
 4.382800000000e-09  4.252193296713e-01 
 4.392800000000e-09  3.858777243629e-01 
 4.402800000000e-09  3.033532827224e-01 
 4.412800000000e-09  1.877186035661e-01 
 4.422800000000e-09  5.096271718620e-02 
 4.432800000000e-09 -9.339984175709e-02 
 4.442800000000e-09 -2.293304072722e-01 
 4.452800000000e-09 -3.395113998153e-01 
 4.462800000000e-09 -4.090114194396e-01 
 4.472800000000e-09 -4.292273394511e-01 
 4.482800000000e-09 -3.992008444907e-01 
 4.492800000000e-09 -3.241952544653e-01 
 4.502800000000e-09 -2.137270893068e-01 
 4.512800000000e-09 -7.958276971986e-02 
 4.522800000000e-09  6.506929198933e-02 
 4.532800000000e-09  2.046493894698e-01 
 4.542800000000e-09  3.217641030511e-01 
 4.552800000000e-09  4.005882816427e-01 
 4.562800000000e-09  4.309947317932e-01 
 4.572800000000e-09  4.105906040054e-01 
 4.582800000000e-09  3.435838501122e-01 
 4.592800000000e-09  2.388491532096e-01 
 4.602800000000e-09  1.079253306339e-01 
 4.612800000000e-09 -3.631598099592e-02 
 4.622800000000e-09 -1.787884143113e-01 
 4.632800000000e-09 -3.021790931707e-01 
 4.642800000000e-09 -3.899466947239e-01 
 4.652800000000e-09 -4.305133191493e-01 
 4.662800000000e-09 -4.199819029495e-01 
 4.672800000000e-09 -3.614166253148e-01 
 4.682800000000e-09 -2.629660069407e-01 
 4.692800000000e-09 -1.358497395043e-01 
 4.702800000000e-09  7.311183608777e-03 
 4.712800000000e-09  1.519248255519e-01 
 4.722800000000e-09  2.809019893771e-01 
 4.732800000000e-09  3.771648309899e-01 
 4.742800000000e-09  4.277923312238e-01 
 4.752800000000e-09  4.273268177963e-01 
 4.762800000000e-09  3.776059909537e-01 
 4.772800000000e-09  2.859673896293e-01 
 4.782800000000e-09  1.632247214691e-01 
 4.792800000000e-09  2.178240030050e-02 
 4.802800000000e-09 -1.242367740284e-01 
 4.812800000000e-09 -2.580903625611e-01 
 4.822800000000e-09 -3.623397630725e-01 
 4.832800000000e-09 -4.228554406615e-01 
 4.842800000000e-09 -4.325880274512e-01 
 4.852800000000e-09 -3.920718320579e-01 
 4.862800000000e-09 -3.077444146922e-01 
 4.872800000000e-09 -1.899218669596e-01 
 4.882800000000e-09 -5.080658303580e-02 
 4.892800000000e-09  9.590355881117e-02 
 4.902800000000e-09  2.339091655738e-01 
 4.912800000000e-09  3.455795375268e-01 
 4.922800000000e-09  4.157337189522e-01 
 4.932800000000e-09  4.357337436152e-01 
 4.942800000000e-09  4.047359281820e-01 
 4.952800000000e-09  3.281864388903e-01 
 4.962800000000e-09  2.158169056423e-01 
 4.972800000000e-09  7.961297250259e-02 
 4.982800000000e-09 -6.709834375934e-02 
 4.992800000000e-09 -2.085228473221e-01 
 5.002800000000e-09 -3.269980030922e-01 
 5.012800000000e-09 -4.064647768615e-01 
 5.022800000000e-09 -4.367388238918e-01 
 5.032800000000e-09 -4.155250345110e-01 
 5.042800000000e-09 -3.471887180432e-01 
 5.052800000000e-09 -2.407952678969e-01 
 5.062800000000e-09 -1.080673787255e-01 
 5.072800000000e-09  3.798218528461e-02 
 5.082800000000e-09  1.820907263952e-01 
 5.092800000000e-09  3.067144597896e-01 
 5.102800000000e-09  3.950979214622e-01 
 5.112800000000e-09  4.355898126922e-01 
 5.122800000000e-09  4.243756839794e-01 
 5.132800000000e-09  3.646569736913e-01 
 5.142800000000e-09  2.647519615641e-01 
 5.152800000000e-09  1.360481867185e-01 
 5.162800000000e-09 -8.704524128410e-03 
 5.172800000000e-09 -1.547686043414e-01 
 5.182800000000e-09 -2.848568335995e-01 
 5.192800000000e-09 -3.816987894598e-01 
 5.202800000000e-09 -4.322898440656e-01 
 5.212800000000e-09 -4.312401695026e-01 
 5.222800000000e-09 -3.805095793065e-01 
 5.232800000000e-09 -2.875873559060e-01 
 5.242800000000e-09 -1.634396037405e-01 
 5.252800000000e-09 -2.059057792356e-02 
 5.262800000000e-09  1.267154611870e-01 
 5.272800000000e-09  2.615665372410e-01 
 5.282800000000e-09  3.663528779979e-01 
 5.292800000000e-09  4.268562173501e-01 
 5.302800000000e-09  4.360801321081e-01 
 5.312800000000e-09  3.946701577210e-01 
 5.322800000000e-09  3.092003305423e-01 
 5.332800000000e-09  1.901252915897e-01 
 5.342800000000e-09  4.976012315461e-02 
 5.352800000000e-09 -9.809447084232e-02 
 5.362800000000e-09 -2.369944525399e-01 
 5.372800000000e-09 -3.491576881411e-01 
 5.382800000000e-09 -4.193132599556e-01 
 5.392800000000e-09 -4.388615012175e-01 
 5.402800000000e-09 -4.070623272672e-01 
 5.412800000000e-09 -3.294858754442e-01 
 5.422800000000e-09 -2.159905453846e-01 
 5.432800000000e-09 -7.866831418087e-02 
 5.442800000000e-09  6.906502993197e-02 
 5.452800000000e-09  2.112923584853e-01 
 5.462800000000e-09  3.302168853260e-01 
 5.472800000000e-09  4.096912273898e-01 
 5.482800000000e-09  4.395557837984e-01 
 5.492800000000e-09  4.176133841172e-01 
 5.502800000000e-09  3.483435204565e-01 
 5.512800000000e-09  2.409286209633e-01 
 5.522800000000e-09  1.071917458841e-01 
 5.532800000000e-09 -3.977595030954e-02 
 5.542800000000e-09 -1.846075698488e-01 
 5.552800000000e-09 -3.096395162780e-01 
 5.562800000000e-09 -3.980315598909e-01 
 5.572800000000e-09 -4.381454217589e-01 
 5.582800000000e-09 -4.262595198659e-01 
 5.592800000000e-09 -3.656822115276e-01 
 5.602800000000e-09 -2.648409390534e-01 
 5.612800000000e-09 -1.352180803787e-01 
 5.622800000000e-09  1.036568491245e-02 
 5.632800000000e-09  1.570845233377e-01 
 5.642800000000e-09  2.875435191159e-01 
 5.652800000000e-09  3.843921505095e-01 
 5.662800000000e-09  4.346291624992e-01 
 5.672800000000e-09  4.329520488857e-01 
 5.682800000000e-09  3.814225607092e-01 
 5.692800000000e-09  2.876329194724e-01 
 5.702800000000e-09  1.626392173306e-01 
 5.712800000000e-09  1.903119083644e-02 
 5.722800000000e-09 -1.288720002556e-01 
 5.732800000000e-09 -2.640612354205e-01 
 5.742800000000e-09 -3.688515367028e-01 
 5.752800000000e-09 -4.290201809275e-01 
 5.762800000000e-09 -4.376513809847e-01 
 5.772800000000e-09 -3.954896425611e-01 
 5.782800000000e-09 -3.092072694658e-01 
 5.792800000000e-09 -1.893448419351e-01 
 5.802800000000e-09 -4.827929685563e-02 
 5.812800000000e-09  1.001247962224e-01 
 5.822800000000e-09  2.393359726097e-01 
 5.832800000000e-09  3.515012847864e-01 
 5.842800000000e-09  4.213389022810e-01 
 5.852800000000e-09  4.403218686236e-01 
 5.862800000000e-09  4.078077341029e-01 
 5.872800000000e-09  3.294616520377e-01 
 5.882800000000e-09  2.152248016723e-01 
 5.892800000000e-09  7.724882464107e-02 
 5.902800000000e-09 -7.099556513566e-02 
 5.912800000000e-09 -2.135131060567e-01 
 5.922800000000e-09 -3.324396369511e-01 
 5.932800000000e-09 -4.116114648719e-01 
 5.942800000000e-09 -4.409328867982e-01 
 5.952800000000e-09 -4.183040207473e-01 
 5.962800000000e-09 -3.482973578905e-01 
 5.972800000000e-09 -2.401758626962e-01 
 5.982800000000e-09 -1.058212724187e-01 
 5.992800000000e-09  4.162738900732e-02 
 6.002800000000e-09  1.867340686007e-01 
 6.012800000000e-09  3.117702043455e-01 
 6.022800000000e-09  3.998747601343e-01 
 6.032800000000e-09  4.394642038905e-01 
 6.042800000000e-09  4.269139819730e-01 
 6.052800000000e-09  3.656244578805e-01 
 6.062800000000e-09  2.641023382289e-01 
 6.072800000000e-09  1.338886115923e-01 
 6.082800000000e-09 -1.215350272610e-02 
 6.092800000000e-09 -1.591375941514e-01 
 6.102800000000e-09 -2.896054864494e-01 
 6.112800000000e-09 -3.861820703086e-01 
 6.122800000000e-09 -4.359117117116e-01 
 6.132800000000e-09 -4.335878893374e-01 
 6.142800000000e-09 -3.813643005337e-01 
 6.152800000000e-09 -2.869120974089e-01 
 6.162800000000e-09 -1.613465386531e-01 
 6.172800000000e-09 -1.729622702005e-02 
 6.182800000000e-09  1.308671346338e-01 
 6.192800000000e-09  2.660727755513e-01 
 6.202800000000e-09  3.706077843739e-01 
 6.212800000000e-09  4.302860640220e-01 
 6.222800000000e-09  4.382852284658e-01 
 6.232800000000e-09  3.954425645117e-01 
 6.242800000000e-09  3.085098749328e-01 
 6.252800000000e-09  1.880877859531e-01 
 6.262800000000e-09  4.659016663982e-02 
 6.272800000000e-09 -1.020731884258e-01 
 6.282800000000e-09 -2.413113324420e-01 
 6.292800000000e-09 -3.532401482281e-01 
 6.302800000000e-09 -4.226055259617e-01 
 6.312800000000e-09 -4.409694192510e-01 
 6.322800000000e-09 -4.077838204602e-01 
 6.332800000000e-09 -3.287946679696e-01 
 6.342800000000e-09 -2.140043189719e-01 
 6.352800000000e-09 -7.560118526246e-02 
 6.362800000000e-09  7.290526646247e-02 
 6.372800000000e-09  2.154634117089e-01 
 6.382800000000e-09  3.341745549443e-01 
 6.392800000000e-09  4.128939677711e-01 
 6.402800000000e-09  4.416085356752e-01 
 6.412800000000e-09  4.183149964071e-01 
 6.422800000000e-09  3.476683972492e-01 
 6.432800000000e-09  2.389943345440e-01 
 6.442800000000e-09  1.042127644077e-01 
 6.452800000000e-09 -4.350401533711e-02 
 6.462800000000e-09 -1.886677205604e-01 
 6.472800000000e-09 -3.135117341245e-01 
 6.482800000000e-09 -4.011855756485e-01 
 6.492800000000e-09 -4.401805664808e-01 
 6.502800000000e-09 -4.269708220195e-01 
 6.512800000000e-09 -3.650413152050e-01 
 6.522800000000e-09 -2.629633426417e-01 
 6.532800000000e-09 -1.323187219104e-01 
 6.542800000000e-09  1.400035994423e-02 
 6.552800000000e-09  1.610601925352e-01 
 6.562800000000e-09  2.913611282303e-01 
 6.572800000000e-09  3.875307181638e-01 
 6.582800000000e-09  4.366794416001e-01 
 6.592800000000e-09  4.337006054384e-01 
 6.602800000000e-09  3.808348386409e-01 
 6.612800000000e-09  2.858204138899e-01 
 6.622800000000e-09  1.598166294742e-01 
 6.632800000000e-09  1.547814928636e-02 
 6.642800000000e-09 -1.327814231410e-01 
 6.652800000000e-09 -2.678470507332e-01 
 6.662800000000e-09 -3.720011135024e-01 
 6.672800000000e-09 -4.311141699286e-01 
 6.682800000000e-09 -4.384631335153e-01 
 6.692800000000e-09 -3.949748864944e-01 
 6.702800000000e-09 -3.074714609291e-01 
 6.712800000000e-09 -1.866008219664e-01 
 6.722800000000e-09 -4.480171975791e-02 
 6.732800000000e-09  1.039796433332e-01 
 6.742800000000e-09  2.431064846980e-01 
 6.752800000000e-09  3.546830157754e-01 
 6.762800000000e-09  4.235017671263e-01 
 6.772800000000e-09  4.412212670649e-01 
 6.782800000000e-09  4.073861943188e-01 
 6.792800000000e-09  3.278162023243e-01 
 6.802800000000e-09  2.125642205515e-01 
 6.812800000000e-09  7.384429240386e-02 
 6.822800000000e-09 -7.480298066354e-02 
 6.832800000000e-09 -2.172801824256e-01 
 6.842800000000e-09 -3.356702591086e-01 
 6.852800000000e-09 -4.138647920544e-01 
 6.862800000000e-09 -4.419422409597e-01 
 6.872800000000e-09 -4.179954113448e-01 
 6.882800000000e-09 -3.467566765554e-01 
 6.892800000000e-09 -2.376054572878e-01 
 6.902800000000e-09 -1.024899111757e-01 
 6.912800000000e-09  4.539125899266e-02 
 6.922800000000e-09  1.905056845205e-01 
 6.932800000000e-09  3.150619727586e-01 
 6.942800000000e-09  4.022356764105e-01 
 6.952800000000e-09  4.406027476511e-01 
 6.962800000000e-09  4.267365374148e-01 
 6.972800000000e-09  3.642028807617e-01 
 6.982800000000e-09  2.616304133760e-01 
 6.992800000000e-09  1.306330264288e-01 
 7.002800000000e-09 -1.587453125473e-02 
 7.012800000000e-09 -1.629175687696e-01 
 7.022800000000e-09 -2.929657365671e-01 
 7.032800000000e-09 -3.886627374193e-01 
 7.042800000000e-09 -4.371952170140e-01 
 7.052800000000e-09 -4.335579738622e-01 
 7.062800000000e-09 -3.800759789872e-01 
 7.072800000000e-09 -2.845488524840e-01 
 7.082800000000e-09 -1.581718872339e-01 
 7.092800000000e-09 -1.362026205027e-02 
 7.102800000000e-09  1.346552416791e-01 
 7.112800000000e-09  2.695042261273e-01 
 7.122800000000e-09  3.732158995956e-01 
 7.132800000000e-09  4.317274091138e-01 
 7.142800000000e-09  4.384177066331e-01 
 7.152800000000e-09  3.943015971779e-01 
 7.162800000000e-09  3.062666788456e-01 
 7.172800000000e-09  1.850019754322e-01 
 7.182800000000e-09  4.296531198472e-02 
 7.192800000000e-09 -1.058647765351e-01 
 7.202800000000e-09 -2.448124015637e-01 
 7.212800000000e-09 -3.559798199400e-01 
 7.222800000000e-09 -4.242156614980e-01 
 7.232800000000e-09 -4.412787106349e-01 
 7.242800000000e-09 -4.068053411431e-01 
 7.252800000000e-09 -3.266853249658e-01 
 7.262800000000e-09 -2.110169085493e-01 
 7.272800000000e-09 -7.203432704400e-02 
 7.282800000000e-09  7.669417485873e-02 
 7.292800000000e-09  2.190305522619e-01 
 7.302800000000e-09  3.370474883626e-01 
 7.312800000000e-09  4.146816060398e-01 
 7.322800000000e-09  4.421073552735e-01 
 7.332800000000e-09  4.175131944547e-01 
 7.342800000000e-09  3.457061251880e-01 
 7.352800000000e-09  2.361150094019e-01 
 7.362800000000e-09  1.007112423394e-01 
 7.372800000000e-09 -4.728321006827e-02 
 7.382800000000e-09 -1.922958098688e-01 
 7.392800000000e-09 -3.165170653478e-01 
 7.402800000000e-09 -4.031564022382e-01 
 7.412800000000e-09 -4.408792907272e-01 
 7.422800000000e-09 -4.263584518459e-01 
 7.432800000000e-09 -3.632386176016e-01 
 7.442800000000e-09 -2.602021217223e-01 
 7.452800000000e-09 -1.288905373416e-01 
 7.462800000000e-09  1.776177451818e-02 
 7.472800000000e-09  1.647421127105e-01 
 7.482800000000e-09  2.944948603451e-01 
 7.492800000000e-09  3.896867460418e-01 
 7.502800000000e-09  4.375856735895e-01 
 7.512800000000e-09  4.332886350261e-01 
 7.522800000000e-09  3.792035486886e-01 
 7.532800000000e-09  2.831882912177e-01 
 7.542800000000e-09  1.564709119573e-01 
 7.552800000000e-09  1.174373232902e-02 
 7.562800000000e-09 -1.365078474552e-01 
 7.572800000000e-09 -2.711020983222e-01 
 7.582800000000e-09 -3.743409718565e-01 
 7.592800000000e-09 -4.322332504327e-01 
 7.602800000000e-09 -4.382611851492e-01 
 7.612800000000e-09 -3.935265057727e-01 
 7.622800000000e-09 -3.049799627165e-01 
 7.632800000000e-09 -1.833484151523e-01 
 7.642800000000e-09 -4.110600621834e-02 
 7.652800000000e-09  1.077382419140e-01 
 7.662800000000e-09  2.464726908533e-01 
 7.672800000000e-09  3.572026675360e-01 
 7.682800000000e-09  4.248377566407e-01 
 7.692800000000e-09  4.412388002958e-01 
 7.702800000000e-09  4.061331960556e-01 
 7.712800000000e-09  3.254789277477e-01 
 7.722800000000e-09  2.094168443421e-01 
 7.732800000000e-09  7.019871056996e-02 
 7.742800000000e-09 -7.858113590890e-02 
 7.752800000000e-09 -2.207465525581e-01 
 7.762800000000e-09 -3.383641834475e-01 
 7.772800000000e-09 -4.154202323233e-01 
 7.782800000000e-09 -4.421873843720e-01 
 7.792800000000e-09 -4.169493562603e-01 
 7.802800000000e-09 -3.445863101589e-01 
 7.812800000000e-09 -2.345742598778e-01 
 7.822800000000e-09 -9.890533497279e-02 
 7.832800000000e-09  4.917662244616e-02 
 7.842800000000e-09  1.940607658689e-01 
 7.852800000000e-09  3.179230221566e-01 
 7.862800000000e-09  4.040108151048e-01 
 7.872800000000e-09  4.410816819572e-01 
 7.882800000000e-09  4.259076017294e-01 
 7.892800000000e-09  3.622110964215e-01 
 7.902800000000e-09  2.587262628725e-01 
 7.912800000000e-09  1.271200821162e-01 
 7.922800000000e-09 -1.965478917855e-02 
 7.932800000000e-09 -1.665489891111e-01 
 7.942800000000e-09 -2.959845206119e-01 
 7.952800000000e-09 -3.906547952618e-01 
 7.962800000000e-09 -4.379116868430e-01 
 7.972800000000e-09 -4.329545830542e-01 
 7.982800000000e-09 -3.782735253305e-01 
 7.992800000000e-09 -2.817830138585e-01 
 8.002800000000e-09 -1.547418571503e-01 
 8.012800000000e-09 -9.858210257352e-03 
 8.022800000000e-09  1.383488901186e-01 
 8.032800000000e-09  2.726686929284e-01 
 8.042800000000e-09  3.754190762784e-01 
 8.052800000000e-09  4.326832135781e-01 
 8.062800000000e-09  4.380472042066e-01 
 8.072800000000e-09  3.926990848341e-01 
 8.082800000000e-09  3.036513955087e-01 
 8.092800000000e-09  1.816671160748e-01 
 8.102800000000e-09  3.923537312250e-02 
 8.112800000000e-09 -1.096050611130e-01 
 8.122800000000e-09 -2.481085738892e-01 
 8.132800000000e-09 -3.583862995863e-01 
 8.142800000000e-09 -4.254114839102e-01 
 8.152800000000e-09 -4.411479237305e-01 
 8.162800000000e-09 -4.054135736479e-01 
 8.172800000000e-09 -3.242335136207e-01 
 8.182800000000e-09 -2.077897340977e-01 
 8.192800000000e-09 -6.835016943131e-02 
 8.202800000000e-09  8.046533951864e-02 
 8.212800000000e-09  2.224438514365e-01 
 8.222800000000e-09  3.396483071344e-01 
 8.232800000000e-09  4.161170674977e-01 
 8.242800000000e-09  4.422222554859e-01 
 8.252800000000e-09  4.163425088853e-01 
 8.262800000000e-09  3.434302572875e-01 
 8.272800000000e-09  2.330074131260e-01 
 8.282800000000e-09  9.708549323843e-02 
 8.292800000000e-09 -5.107030604702e-02 
 8.302800000000e-09 -1.958117294138e-01 
 8.312800000000e-09 -3.193020991436e-01 
 8.322800000000e-09 -4.048292172944e-01 
 8.332800000000e-09 -4.412441185559e-01 
 8.342800000000e-09 -4.254178508886e-01 
 8.352800000000e-09 -3.611500226664e-01 
 8.362800000000e-09 -2.572254042014e-01 
 8.372800000000e-09 -1.253351084589e-01 
 8.382800000000e-09  2.155042801125e-02 
 8.392800000000e-09  1.683457734665e-01 
 8.402800000000e-09  2.974521953817e-01 
 8.412800000000e-09  3.915919311716e-01 
 8.422800000000e-09  4.382023984654e-01 
 8.432800000000e-09  4.325853805938e-01 
 8.442800000000e-09  3.773124872926e-01 
 8.452800000000e-09  2.803538857933e-01 
 8.462800000000e-09  1.529979898295e-01 
 8.472800000000e-09  7.968230550747e-03 
 8.482800000000e-09 -1.401830887656e-01 
 8.492800000000e-09 -2.742175160541e-01 
 8.502800000000e-09 -3.764707505767e-01 
 8.512800000000e-09 -4.331020034204e-01 
 8.522800000000e-09 -4.378014541858e-01 
 8.532800000000e-09 -3.918429959900e-01 
 8.542800000000e-09 -3.023001219073e-01 
 8.552800000000e-09 -1.799709229357e-01 
 8.562800000000e-09 -3.735887599671e-02 
 8.572800000000e-09  1.114677222673e-01 
 8.582800000000e-09  2.497302847745e-01 
 8.592800000000e-09  3.595474118451e-01 
 8.602800000000e-09  4.259576727389e-01 
 8.612800000000e-09  4.410283028532e-01 
 8.622800000000e-09  4.046674337507e-01 
 8.632800000000e-09  3.229665226135e-01 
 8.642800000000e-09  2.061478269681e-01 
 8.652800000000e-09  6.649473221734e-02 
 8.662800000000e-09 -8.234756271747e-02 
 8.672800000000e-09 -2.241300132446e-01 
 8.682800000000e-09 -3.409133013442e-01 
 8.692800000000e-09 -4.167895694154e-01 
 8.702800000000e-09 -4.422310975279e-01 
 8.712800000000e-09 -4.157111262509e-01 
 8.722800000000e-09 -3.422537488677e-01 
 8.732800000000e-09 -2.314260091360e-01 
 8.742800000000e-09 -9.525803246050e-02 
 8.752800000000e-09  5.296375014213e-02 
 8.762800000000e-09  1.975541045274e-01 
 8.772800000000e-09  3.206649974485e-01 
 8.782800000000e-09  4.056261446366e-01 
 8.792800000000e-09  4.413829853801e-01 
 8.802800000000e-09  4.249054037275e-01 
 8.812800000000e-09  3.600695950086e-01 
 8.822800000000e-09  2.557103112544e-01 
 8.832800000000e-09  1.235420101839e-01 
 8.842800000000e-09 -2.344723247090e-02 
 8.852800000000e-09 -1.701361357432e-01 
 8.862800000000e-09 -2.989062898895e-01 
 8.872800000000e-09 -3.925101687182e-01 
 8.882800000000e-09 -4.384717722288e-01 
 8.892800000000e-09 -4.321951762571e-01 
 8.902800000000e-09 -3.763331420593e-01 
 8.912800000000e-09 -2.789108666827e-01 
 8.922800000000e-09 -1.512456264484e-01 
 8.932800000000e-09 -6.075925741795e-03 
 8.942800000000e-09  1.420127368883e-01 
 8.952800000000e-09  2.757550639136e-01 
 8.962800000000e-09  3.775058476765e-01 
 8.972800000000e-09  4.335014595510e-01 
 8.982800000000e-09  4.375362334526e-01 
 8.992800000000e-09  3.909695561282e-01 
 9.002800000000e-09  3.009352856902e-01 
 9.012800000000e-09  1.782659575143e-01 
 9.022800000000e-09  3.547909951817e-02 
 9.032800000000e-09 -1.133274439017e-01 
 9.042800000000e-09 -2.513427475430e-01 
 9.052800000000e-09 -3.606940150301e-01 
 9.062800000000e-09 -4.264863071512e-01 
 9.072800000000e-09 -4.408905781346e-01 
 9.082800000000e-09 -4.039048042334e-01 
 9.092800000000e-09 -3.216862882195e-01 
 9.102800000000e-09 -2.044969650756e-01 
 9.112800000000e-09 -6.463525963738e-02 
 9.122800000000e-09  8.422819997402e-02 
 9.132800000000e-09  2.258086795049e-01 
 9.142800000000e-09  3.421656162002e-01 
 9.152800000000e-09  4.174461066692e-01 
 9.162800000000e-09  4.422230712624e-01 
 9.172800000000e-09  4.150640487797e-01 
 9.182800000000e-09  3.410643286833e-01 
 9.192800000000e-09  2.298355549170e-01 
 9.202800000000e-09  9.342595522231e-02 
 9.212800000000e-09 -5.485672844621e-02 
 9.222800000000e-09 -1.992904941657e-01 
 9.232800000000e-09 -3.220168514187e-01 
 9.242800000000e-09 -4.064085641652e-01 
 9.252800000000e-09 -4.415061291855e-01 
 9.262800000000e-09 -4.243780156229e-01 
 9.272800000000e-09 -3.589766021904e-01 
 9.282800000000e-09 -2.541861248027e-01 
 9.292800000000e-09 -1.217438324295e-01 
 9.302800000000e-09  2.534451781520e-02 
 9.312800000000e-09  1.719218437536e-01 
 9.322800000000e-09  3.003508350544e-01 
 9.332800000000e-09  3.934152650468e-01 
 9.342800000000e-09  4.387264954640e-01 
 9.352800000000e-09  4.317907427725e-01 
 9.362800000000e-09  3.753415678643e-01 
 9.372800000000e-09  2.774587163641e-01 
 9.382800000000e-09  1.494877801952e-01 
 9.392800000000e-09  4.182307866345e-03 
 9.402800000000e-09 -1.438389385101e-01 
 9.412800000000e-09 -2.772844496138e-01 
 9.422800000000e-09 -3.785290872781e-01 
 9.432800000000e-09 -4.338872525415e-01 
 9.442800000000e-09 -4.372574308133e-01 
 9.452800000000e-09 -3.900841812430e-01 
 9.462800000000e-09 -2.995612604494e-01 
 9.472800000000e-09 -1.765551437918e-01 
 9.482800000000e-09 -3.359727543331e-02 
 9.492800000000e-09  1.151848121404e-01 
 9.502800000000e-09  2.529483201361e-01 
 9.512800000000e-09  3.618299453735e-01 
 9.522800000000e-09  4.270021695661e-01 
 9.532800000000e-09  4.407398460437e-01 
 9.542800000000e-09  4.031304865387e-01 
 9.552800000000e-09  3.203967989094e-01 
 9.562800000000e-09  2.028399409425e-01 
 9.572800000000e-09  6.277311726449e-02 
 9.582800000000e-09 -8.610744127951e-02 
 9.592800000000e-09 -2.274815927355e-01 
 9.602800000000e-09 -3.434083393241e-01 
 9.612800000000e-09 -4.180906873595e-01 
 9.622800000000e-09 -4.422025647101e-01 
 9.632800000000e-09 -4.144055103974e-01 
 9.642800000000e-09 -3.398656084322e-01 
 9.652800000000e-09 -2.282386842792e-01 
 9.662800000000e-09 -9.159069638688e-02 
 9.672800000000e-09  5.674913243877e-02 
 9.682800000000e-09  2.010221419937e-01 
 9.692800000000e-09  3.233601164668e-01 
 9.702800000000e-09  4.071798107246e-01 
 9.712800000000e-09  4.416173077650e-01 
 9.722800000000e-09  4.238394010610e-01 
 9.732800000000e-09  3.578742952862e-01 
 9.742800000000e-09  2.526553054844e-01 
 9.752800000000e-09  1.199420326412e-01 
 9.762800000000e-09 -2.724195389093e-02 
 9.772800000000e-09 -1.737037387020e-01 
 9.782800000000e-09 -3.017877549554e-01 
 9.792800000000e-09 -3.943099730266e-01 
 9.802800000000e-09 -4.389697697651e-01 
 9.812800000000e-09 -4.313753244223e-01 
 9.822800000000e-09 -3.743406770575e-01 
 9.832800000000e-09 -2.759997159563e-01 
 9.842800000000e-09 -1.477258959890e-01 
 9.852800000000e-09 -2.287866238943e-03 
 9.862800000000e-09  1.456622142239e-01 
 9.872800000000e-09  2.788071550728e-01 
 9.882800000000e-09  3.795427235358e-01 
 9.892800000000e-09  4.342620968671e-01 
 9.902800000000e-09  4.369678682112e-01 
 9.912800000000e-09  3.891894685193e-01 
 9.922800000000e-09  2.981801450050e-01 
 9.932800000000e-09  1.748398860207e-01 
 9.942800000000e-09  3.171399964592e-02 
 9.952800000000e-09 -1.170400980914e-01 
 9.962800000000e-09 -2.545481215098e-01 
 9.972800000000e-09 -3.629570329719e-01 
 9.982800000000e-09 -4.275075491058e-01 
 9.992800000000e-09 -4.405785497530e-01 
 1.000000000000e-08 -4.177242971035e-01 
