% time-domain voltage integration by openEMS v0.0.35-108-gc651cce @Mon Jan 26 10:15:00 2026
% start-coordinates: (-7.246e-05,-4.3075e-05,0.00015727) m -> [12,45,24]
% stop-coordinates: (-7.246e-05,-4.3075e-05,0.00016498) m -> [12,45,34]
% t/s	voltage
0	-0
3.56563812637e-13	-8.14880007222e-10
7.13127625273e-13	-8.03904165458e-10
1.06969143791e-12	4.29286224624e-10
1.42625525055e-12	4.77825440326e-09
1.78281906318e-12	1.49624697077e-08
2.13938287582e-12	3.38156367352e-08
2.49594668846e-12	6.1959843034e-08
2.85251050109e-12	9.36085977621e-08
3.20907431373e-12	1.1176748016e-07
3.56563812637e-12	8.51046841888e-08
3.922201939e-12	-2.85091900087e-08
4.27876575164e-12	-2.68212323462e-07
4.63532956428e-12	-6.45719470782e-07
4.99189337691e-12	-1.11716840934e-06
5.34845718955e-12	-1.56608302859e-06
5.70502100219e-12	-1.81455076387e-06
6.06158481482e-12	-1.67148878916e-06
6.41814862746e-12	-1.00997588959e-06
6.7747124401e-12	1.55973847171e-07
7.13127625273e-12	1.63439198531e-06
7.48784006537e-12	3.08757702783e-06
7.84440387801e-12	4.13321700421e-06
8.20096769064e-12	4.47809625825e-06
8.55753150328e-12	4.02704833391e-06
8.91409531592e-12	2.91760764526e-06
9.27065912855e-12	1.46494160447e-06
9.62722294119e-12	4.39194431934e-08
9.98378675383e-12	-1.03804718776e-06
1.03403505665e-11	-1.62506923118e-06
1.06969143791e-11	-1.72792007902e-06
1.10534781917e-11	-1.47876965428e-06
1.14100420044e-11	-1.05709985121e-06
1.1766605817e-11	-6.22149219254e-07
1.21231696296e-11	-2.74543584311e-07
1.24797334423e-11	-5.06413957435e-08
1.28362972549e-11	6.06050929441e-08
1.31928610676e-11	9.31156050044e-08
1.35494248802e-11	8.3250971894e-08
1.39059886928e-11	5.84250123836e-08
1.42625525055e-11	3.42631223393e-08
1.46191163181e-11	1.68462843675e-08
1.49756801307e-11	6.6179867142e-09
1.53322439434e-11	1.64723806123e-09
1.5688807756e-11	-2.39582555184e-10
1.60453715686e-11	-6.8309250964e-10
1.64019353813e-11	-6.42895299496e-10
1.67584991939e-11	-7.13972481831e-10
1.71150630066e-11	-6.62897913645e-10
1.74716268192e-11	-6.35502601931e-10
1.78281906318e-11	-6.22918525789e-10
1.81847544445e-11	-6.31485093383e-10
1.85413182571e-11	-6.39650932915e-10
1.88978820697e-11	-6.30449657757e-10
1.92544458824e-11	-6.18705215533e-10
1.9611009695e-11	-6.17081944571e-10
1.99675735077e-11	-6.14067754978e-10
2.03241373203e-11	-6.12746482026e-10
2.06807011329e-11	-6.10129662071e-10
2.10372649456e-11	-6.02357063534e-10
2.13938287582e-11	-5.9534546043e-10
2.17503925708e-11	-5.90306949155e-10
2.21069563835e-11	-6.03336172689e-10
2.24635201961e-11	-5.94021342532e-10
2.28200840087e-11	-5.91202420352e-10
2.31766478214e-11	-5.84156206046e-10
2.3533211634e-11	-5.84807618997e-10
2.38897754467e-11	-5.81057157251e-10
2.42463392593e-11	-5.79603722656e-10
2.46029030719e-11	-5.72801077403e-10
2.49594668846e-11	-5.67289756837e-10
