% time-domain voltage integration by openEMS v0.0.35-108-gc651cce @Mon Jan 26 10:15:00 2026
% start-coordinates: (-1.244e-05,-4.2175e-05,0.00015727) m -> [95,46,24]
% stop-coordinates: (-1.244e-05,-4.2175e-05,0.00016498) m -> [95,46,34]
% t/s	voltage
0	-0
3.56563812637e-13	-2.66066845883e-12
7.13127625273e-13	-3.03744314856e-11
1.06969143791e-12	-2.74922029586e-11
1.42625525055e-12	3.83205459552e-11
1.78281906318e-12	1.54956815608e-10
2.13938287582e-12	4.45856332756e-10
2.49594668846e-12	9.28303670045e-10
2.85251050109e-12	1.55434790039e-09
3.20907431373e-12	2.07595260426e-09
3.56563812637e-12	1.93428217887e-09
3.922201939e-12	2.35107579238e-10
4.27876575164e-12	-3.95226709693e-09
4.63532956428e-12	-1.10708502365e-08
4.99189337691e-12	-2.03561038026e-08
5.34845718955e-12	-2.9177496419e-08
5.70502100219e-12	-3.31900438244e-08
6.06158481482e-12	-2.73710333287e-08
6.41814862746e-12	-8.45131042926e-09
6.7747124401e-12	2.27336917069e-08
7.13127625273e-12	5.96786549067e-08
7.48784006537e-12	9.12019810784e-08
7.84440387801e-12	1.05057607946e-07
8.20096769064e-12	9.30725949644e-08
8.55753150328e-12	5.54593149182e-08
8.91409531592e-12	1.83056844683e-09
9.27065912855e-12	-5.19530658494e-08
9.62722294119e-12	-8.99765484341e-08
9.98378675383e-12	-1.0247983484e-07
1.03403505665e-11	-8.91665301594e-08
1.06969143791e-11	-5.82513572933e-08
1.10534781917e-11	-2.20720407507e-08
1.14100420044e-11	8.15346268279e-09
1.1766605817e-11	2.60942477626e-08
1.21231696296e-11	3.11455397028e-08
1.24797334423e-11	2.68102251511e-08
1.28362972549e-11	1.81415837908e-08
1.31928610676e-11	9.37997973738e-09
1.35494248802e-11	2.90844097417e-09
1.39059886928e-11	-6.75092141911e-10
1.42625525055e-11	-1.94402943743e-09
1.46191163181e-11	-1.87913069827e-09
1.49756801307e-11	-1.30827589734e-09
1.53322439434e-11	-7.3439006959e-10
1.5688807756e-11	-3.2375816264e-10
1.60453715686e-11	-1.0141186892e-10
1.64019353813e-11	-9.37182216597e-12
1.67584991939e-11	2.07793618466e-11
1.71150630066e-11	-2.38626463424e-12
1.74716268192e-11	-2.14359959904e-11
1.78281906318e-11	-2.07448042034e-11
1.81847544445e-11	-1.48061943565e-11
1.85413182571e-11	-1.25404509368e-11
1.88978820697e-11	-1.37121928937e-11
1.92544458824e-11	-1.0409491357e-11
1.9611009695e-11	-1.39568352535e-11
1.99675735077e-11	-1.20760956031e-11
2.03241373203e-11	-1.13869447183e-11
2.06807011329e-11	-6.88803923838e-12
2.10372649456e-11	-1.47338859863e-11
2.13938287582e-11	-5.15218439743e-12
2.17503925708e-11	-1.51143296013e-11
2.21069563835e-11	-4.59624609965e-12
2.24635201961e-11	-2.82633776951e-12
2.28200840087e-11	-1.33407331406e-11
2.31766478214e-11	-1.79189109297e-11
2.3533211634e-11	-1.13202525695e-11
2.38897754467e-11	-3.86830259665e-12
2.42463392593e-11	-5.37423282417e-12
2.46029030719e-11	-8.8231735286e-12
2.49594668846e-11	-1.11702183961e-11
