% time-domain voltage integration by openEMS v0.0.35-108-gc651cce @Mon Jan 26 10:15:00 2026
% start-coordinates: (-3.993e-05,-4.3075e-05,0.00015575) m -> [57,45,21]
% stop-coordinates: (-3.6065e-05,-4.3075e-05,0.00015575) m -> [63,45,21]
% t/s	voltage
0	-0
3.56563812637e-13	2.85446338875e-11
7.13127625273e-13	-2.68338790858e-11
1.06969143791e-12	-7.66037352908e-12
1.42625525055e-12	9.58867739983e-12
1.78281906318e-12	4.3944882672e-11
2.13938287582e-12	1.37681223193e-10
2.49594668846e-12	3.11155406996e-10
2.85251050109e-12	5.30535025633e-10
3.20907431373e-12	6.93611727082e-10
3.56563812637e-12	6.04479338112e-10
3.922201939e-12	-9.29809944317e-11
4.27876575164e-12	-1.67135998097e-09
4.63532956428e-12	-4.21551915597e-09
4.99189337691e-12	-7.24079163295e-09
5.34845718955e-12	-9.5749707052e-09
5.70502100219e-12	-9.46326167428e-09
6.06158481482e-12	-5.30993204961e-09
6.41814862746e-12	3.41466671605e-09
6.7747124401e-12	1.529348026e-08
7.13127625273e-12	2.67637609852e-08
7.48784006537e-12	3.32156318006e-08
7.84440387801e-12	3.08535677007e-08
8.20096769064e-12	1.87689679354e-08
8.55753150328e-12	-1.4146642191e-10
8.91409531592e-12	-2.00111012205e-08
9.27065912855e-12	-3.43385289092e-08
9.62722294119e-12	-3.88121139672e-08
9.98378675383e-12	-3.28997533661e-08
1.03403505665e-11	-1.98502593252e-08
1.06969143791e-11	-4.88399183596e-09
1.10534781917e-11	7.25960080938e-09
1.14100420044e-11	1.38717259901e-08
1.1766605817e-11	1.48251282361e-08
1.21231696296e-11	1.18656351411e-08
1.24797334423e-11	7.32262950276e-09
1.28362972549e-11	3.11852352275e-09
1.31928610676e-11	2.53969357697e-10
1.35494248802e-11	-1.12257700358e-09
1.39059886928e-11	-1.399320812e-09
1.42625525055e-11	-1.12051757456e-09
1.46191163181e-11	-6.94920614108e-10
1.49756801307e-11	-3.46436629384e-10
1.53322439434e-11	-1.17546280869e-10
1.5688807756e-11	-6.37723062563e-12
1.60453715686e-11	2.6812521604e-11
1.64019353813e-11	3.25795037649e-11
1.67584991939e-11	2.37361471624e-11
1.71150630066e-11	1.11547693283e-12
1.74716268192e-11	8.5063305141e-12
1.78281906318e-11	1.76644649429e-11
1.81847544445e-11	1.16963208866e-11
1.85413182571e-11	9.46707463942e-12
1.88978820697e-11	7.59310810842e-12
1.92544458824e-11	9.05671284496e-12
1.9611009695e-11	1.46896247336e-11
1.99675735077e-11	1.26303910906e-11
2.03241373203e-11	1.52300982156e-11
2.06807011329e-11	9.16735502614e-12
2.10372649456e-11	5.25883628094e-12
2.13938287582e-11	1.41531676786e-11
2.17503925708e-11	1.22913378694e-11
2.21069563835e-11	8.78216862297e-12
2.24635201961e-11	5.85792406336e-12
2.28200840087e-11	4.04782273238e-12
2.31766478214e-11	1.06915917092e-11
2.3533211634e-11	8.6316807109e-12
2.38897754467e-11	9.08277289101e-12
2.42463392593e-11	2.29080400753e-12
2.46029030719e-11	4.31661127741e-12
2.49594668846e-11	7.41785533822e-12
