 1.628000000000e-10  6.471567316122e-03 
 1.728000000000e-10 -8.303326080260e-03 
 1.828000000000e-10 -2.254479218235e-02 
 1.928000000000e-10 -3.409413465156e-02 
 2.028000000000e-10 -4.109109813020e-02 
 2.128000000000e-10 -4.232768274734e-02 
 2.228000000000e-10 -3.748146689588e-02 
 2.328000000000e-10 -2.715576754035e-02 
 2.428000000000e-10 -1.275183396109e-02 
 2.528000000000e-10  3.785125653913e-03 
 2.628000000000e-10  2.024012210148e-02 
 2.728000000000e-10  3.438923392947e-02 
 2.828000000000e-10  4.423859455753e-02 
 2.928000000000e-10  4.827953457436e-02 
 3.028000000000e-10  4.571507708222e-02 
 3.128000000000e-10  3.662223738728e-02 
 3.228000000000e-10  2.198875632547e-02 
 3.328000000000e-10  3.635452667853e-03 
 3.428000000000e-10 -1.598156075573e-02 
 3.528000000000e-10 -3.406659922310e-02 
 3.628000000000e-10 -4.789399378147e-02 
 3.728000000000e-10 -5.526609567498e-02 
 3.828000000000e-10 -5.491379352501e-02 
 3.928000000000e-10 -4.671395392724e-02 
 4.028000000000e-10 -3.169313886563e-02 
 4.128000000000e-10 -1.182909417210e-02 
 4.228000000000e-10  1.025536158674e-02 
 4.328000000000e-10  3.161773417826e-02 
 4.428000000000e-10  4.930289183756e-02 
 4.528000000000e-10  6.070002360727e-02 
 4.628000000000e-10  6.394031613546e-02 
 4.728000000000e-10  5.824458987277e-02 
 4.828000000000e-10  4.409173304702e-02 
 4.928000000000e-10  2.318316727623e-02 
 5.028000000000e-10 -1.776526446816e-03 
 5.128000000000e-10 -2.740489538694e-02 
 5.228000000000e-10 -5.004930701117e-02 
 5.328000000000e-10 -6.629381638088e-02 
 5.428000000000e-10 -7.354052532189e-02 
 5.528000000000e-10 -7.048501224354e-02 
 5.628000000000e-10 -5.734210036020e-02 
 5.728000000000e-10 -3.577774346130e-02 
 5.828000000000e-10 -8.605642963249e-03 
 5.928000000000e-10  2.062576956984e-02 
 6.028000000000e-10  4.800273773915e-02 
 6.128000000000e-10  6.962528971700e-02 
 6.228000000000e-10  8.214360600382e-02 
 6.328000000000e-10  8.338450507087e-02 
 6.428000000000e-10  7.279011896944e-02 
 6.528000000000e-10  5.153303347399e-02 
 6.628000000000e-10  2.231786630638e-02 
 6.728000000000e-10 -1.102479432582e-02 
 6.828000000000e-10 -4.399731546385e-02 
 6.928000000000e-10 -7.188929765969e-02 
 7.028000000000e-10 -9.042252691819e-02 
 7.128000000000e-10 -9.655053935018e-02 
 7.228000000000e-10 -8.906056584264e-02 
 7.328000000000e-10 -6.876445992400e-02 
 7.428000000000e-10 -3.830064896029e-02 
 7.528000000000e-10 -1.634635716757e-03 
 7.628000000000e-10  3.649218477230e-02 
 7.728000000000e-10  7.092806582121e-02 
 7.828000000000e-10  9.656703498188e-02 
 7.928000000000e-10  1.092412376378e-01 
 8.028000000000e-10  1.066370060030e-01 
 8.128000000000e-10  8.874671560214e-02 
 8.228000000000e-10  5.781670752028e-02 
 8.328000000000e-10  1.790598626374e-02 
 8.428000000000e-10 -2.578945091017e-02 
 8.528000000000e-10 -6.744461875682e-02 
 8.628000000000e-10 -1.010041615426e-01 
 8.728000000000e-10 -1.211253237437e-01 
 8.828000000000e-10 -1.243829704727e-01 
 8.928000000000e-10 -1.099507767240e-01 
 9.028000000000e-10 -7.965227802530e-02 
 9.128000000000e-10 -3.752997101884e-02 
 9.228000000000e-10  1.096731851463e-02 
 9.328000000000e-10  5.967671529248e-02 
 9.428000000000e-10  1.018737391905e-01 
 9.528000000000e-10  1.309478595076e-01 
 9.628000000000e-10  1.419715918015e-01 
 9.728000000000e-10  1.328552521108e-01 
 9.828000000000e-10  1.046118643075e-01 
 9.928000000000e-10  6.103927166611e-02 
 1.002800000000e-09  7.920402259734e-03 
 1.012800000000e-09 -4.801280055554e-02 
 1.022800000000e-09 -9.935486819652e-02 
 1.032800000000e-09 -1.382825274776e-01 
 1.042800000000e-09 -1.583038314574e-01 
 1.052800000000e-09 -1.559479166264e-01 
 1.062800000000e-09 -1.312898857044e-01 
 1.072800000000e-09 -8.770615419763e-02 
 1.082800000000e-09 -3.112286453272e-02 
 1.092800000000e-09  3.130141042416e-02 
 1.102800000000e-09  9.181314436862e-02 
 1.112800000000e-09  1.416167265056e-01 
 1.122800000000e-09  1.723995318645e-01 
 1.132800000000e-09  1.788697070217e-01 
 1.142800000000e-09  1.597623764042e-01 
 1.152800000000e-09  1.177012489382e-01 
 1.162800000000e-09  5.855136318936e-02 
 1.172800000000e-09 -9.900974662793e-03 
 1.182800000000e-09 -7.939175432843e-02 
 1.192800000000e-09 -1.404778884535e-01 
 1.202800000000e-09 -1.831304456530e-01 
 1.212800000000e-09 -2.000469688232e-01 
 1.222800000000e-09 -1.883866151379e-01 
 1.232800000000e-09 -1.497980168178e-01 
 1.242800000000e-09 -8.978541583614e-02 
 1.252800000000e-09 -1.655794221540e-02 
 1.262800000000e-09  6.107556551688e-02 
 1.272800000000e-09  1.335052333683e-01 
 1.282800000000e-09  1.892016412972e-01 
 1.292800000000e-09  2.184773782115e-01 
 1.302800000000e-09  2.164737856397e-01 
 1.312800000000e-09  1.835073469429e-01 
 1.322800000000e-09  1.244070798898e-01 
 1.332800000000e-09  4.754978058629e-02 
 1.342800000000e-09 -3.731507348447e-02 
 1.352800000000e-09 -1.204874374805e-01 
 1.362800000000e-09 -1.896283906873e-01 
 1.372800000000e-09 -2.326170238780e-01 
 1.382800000000e-09 -2.422513795134e-01 
 1.392800000000e-09 -2.171879421050e-01 
 1.402800000000e-09 -1.613125591631e-01 
 1.412800000000e-09 -8.272534901987e-02 
 1.422800000000e-09  7.968892498583e-03 
 1.432800000000e-09  1.007454095669e-01 
 1.442800000000e-09  1.833304046186e-01 
 1.452800000000e-09  2.412635709318e-01 
 1.462800000000e-09  2.645560823457e-01 
 1.472800000000e-09  2.497672977841e-01 
 1.482800000000e-09  1.995113291778e-01 
 1.492800000000e-09  1.212677857409e-01 
 1.502800000000e-09  2.615115885204e-02 
 1.512800000000e-09 -7.473367562690e-02 
 1.522800000000e-09 -1.698546954284e-01 
 1.532800000000e-09 -2.432066136886e-01 
 1.542800000000e-09 -2.817328575723e-01 
 1.552800000000e-09 -2.794761140045e-01 
 1.562800000000e-09 -2.374116282313e-01 
 1.572800000000e-09 -1.621246063844e-01 
 1.582800000000e-09 -6.456657572490e-02 
 1.592800000000e-09  4.273700616181e-02 
 1.602800000000e-09  1.488665996616e-01 
 1.612800000000e-09  2.375868805479e-01 
 1.622800000000e-09  2.926207822398e-01 
 1.632800000000e-09  3.050146221170e-01 
 1.642800000000e-09  2.736658009375e-01 
 1.652800000000e-09  2.039760493671e-01 
 1.662800000000e-09  1.062720447633e-01 
 1.672800000000e-09 -5.804697405022e-03 
 1.682800000000e-09 -1.208137966209e-01 
 1.692800000000e-09 -2.238996009581e-01 
 1.702800000000e-09 -2.960217701672e-01 
 1.712800000000e-09 -3.248101277978e-01 
 1.722800000000e-09 -3.066138783200e-01 
 1.732800000000e-09 -2.452815740578e-01 
 1.742800000000e-09 -1.502469005511e-01 
 1.752800000000e-09 -3.530108331919e-02 
 1.762800000000e-09  8.637963894012e-02 
 1.772800000000e-09  2.020706622490e-01 
 1.782800000000e-09  2.912451966891e-01 
 1.792800000000e-09  3.377650989378e-01 
 1.802800000000e-09  3.349161791659e-01 
 1.812800000000e-09  2.845752803960e-01 
 1.822800000000e-09  1.950583766995e-01 
 1.832800000000e-09  7.952097950391e-02 
 1.842800000000e-09 -4.684656714383e-02 
 1.852800000000e-09 -1.725582760535e-01 
 1.862800000000e-09 -2.778558301134e-01 
 1.872800000000e-09 -3.428234785452e-01 
 1.882800000000e-09 -3.571891653622e-01 
 1.892800000000e-09 -3.203692946300e-01 
 1.902800000000e-09 -2.392256224269e-01 
 1.912800000000e-09 -1.259272392725e-01 
 1.922800000000e-09  3.356214723381e-03 
 1.932800000000e-09  1.362522117626e-01 
 1.942800000000e-09  2.559507754229e-01 
 1.952800000000e-09  3.394314017415e-01 
 1.962800000000e-09  3.724301342610e-01 
 1.972800000000e-09  3.513877364001e-01 
 1.982800000000e-09  2.812996445663e-01 
 1.992800000000e-09  1.732093275002e-01 
 2.002800000000e-09  4.296305766857e-02 
 2.012800000000e-09 -9.453461063340e-02 
 2.022800000000e-09 -2.260140856777e-01 
 2.032800000000e-09 -3.272740259546e-01 
 2.042800000000e-09 -3.797880707104e-01 
 2.052800000000e-09 -3.764562237659e-01 
 2.062800000000e-09 -3.199684564978e-01 
 2.072800000000e-09 -2.199933031393e-01 
 2.082800000000e-09 -9.128561670803e-02 
 2.092800000000e-09  4.891028549860e-02 
 2.102800000000e-09  1.889744789623e-01 
 2.112800000000e-09  3.064936090333e-01 
 2.122800000000e-09  3.787649236760e-01 
 2.132800000000e-09  3.946427953370e-01 
 2.142800000000e-09  3.540298049959e-01 
 2.152800000000e-09  2.648538621838e-01 
 2.162800000000e-09  1.406087759792e-01 
 2.172800000000e-09 -7.062874147727e-04 
 2.182800000000e-09 -1.460820980788e-01 
 2.192800000000e-09 -2.775262355434e-01 
 2.202800000000e-09 -3.690917990574e-01 
 2.212800000000e-09 -4.052009140385e-01 
 2.222800000000e-09 -3.824511606846e-01 
 2.232800000000e-09 -3.065960922910e-01 
 2.242800000000e-09 -1.897697549374e-01 
 2.252800000000e-09 -4.920597971765e-02 
 2.262800000000e-09  9.892200410690e-02 
 2.272800000000e-09  2.412081295790e-01 
 2.282800000000e-09  3.508606391902e-01 
 2.292800000000e-09  4.076800375465e-01 
 2.302800000000e-09  4.043650326762e-01 
 2.312800000000e-09  3.440980720423e-01 
 2.322800000000e-09  2.374100600222e-01 
 2.332800000000e-09  1.001152683458e-01 
 2.342800000000e-09 -4.909277639539e-02 
 2.352800000000e-09 -1.986195601611e-01 
 2.362800000000e-09 -3.243884111304e-01 
 2.372800000000e-09 -4.017687050332e-01 
 2.382800000000e-09 -4.190426617929e-01 
 2.392800000000e-09 -3.763824319732e-01 
 2.402800000000e-09 -2.823367469933e-01 
 2.412800000000e-09 -1.512257235984e-01 
 2.422800000000e-09 -2.242267014173e-03 
 2.432800000000e-09  1.511347454903e-01 
 2.442800000000e-09  2.903369982820e-01 
 2.452800000000e-09  3.874444491787e-01 
 2.462800000000e-09  4.259825576985e-01 
 2.472800000000e-09  4.026129539199e-01 
 2.482800000000e-09  3.234849118027e-01 
 2.492800000000e-09  2.013789524399e-01 
 2.502800000000e-09  5.439948890653e-02 
 2.512800000000e-09 -1.003613536653e-01 
 2.522800000000e-09 -2.495920753212e-01 
 2.532800000000e-09 -3.648753218185e-01 
 2.542800000000e-09 -4.248635087242e-01 
 2.552800000000e-09 -4.220765352700e-01 
 2.562800000000e-09 -3.599136988425e-01 
 2.572800000000e-09 -2.493788898280e-01 
 2.582800000000e-09 -1.069097187716e-01 
 2.592800000000e-09  4.783812345314e-02 
 2.602800000000e-09  2.033051111182e-01 
 2.612800000000e-09  3.345112360788e-01 
 2.622800000000e-09  4.155254549784e-01 
 2.632800000000e-09  4.341967315119e-01 
 2.642800000000e-09  3.907811531750e-01 
 2.652800000000e-09  2.941331084189e-01 
 2.662800000000e-09  1.590380920903e-01 
 2.672800000000e-09  5.424810141189e-03 
 2.682800000000e-09 -1.528401780715e-01 
 2.692800000000e-09 -2.970478522819e-01 
 2.702800000000e-09 -3.980040994807e-01 
 2.712800000000e-09 -4.385773296762e-01 
 2.722800000000e-09 -4.153802744931e-01 
 2.732800000000e-09 -3.347167367840e-01 
 2.742800000000e-09 -2.097070374952e-01 
 2.752800000000e-09 -5.894569801514e-02 
 2.762800000000e-09  9.980362944096e-02 
 2.772800000000e-09  2.534166258706e-01 
 2.782800000000e-09  3.725307985421e-01 
 2.792800000000e-09  4.349823533226e-01 
 2.802800000000e-09  4.330820648935e-01 
 2.812800000000e-09  3.702747886474e-01 
 2.822800000000e-09  2.577878246765e-01 
 2.832800000000e-09  1.123886750574e-01 
 2.842800000000e-09 -4.563974980157e-02 
 2.852800000000e-09 -2.047467213529e-01 
 2.862800000000e-09 -3.395784496679e-01 
 2.872800000000e-09 -4.233077491021e-01 
 2.882800000000e-09 -4.434030884182e-01 
 2.892800000000e-09 -4.000799648692e-01 
 2.902800000000e-09 -3.023013097387e-01 
 2.912800000000e-09 -1.650822697200e-01 
 2.922800000000e-09 -8.770920433753e-03 
 2.932800000000e-09  1.524163896680e-01 
 2.942800000000e-09  2.998882474020e-01 
 2.952800000000e-09  4.036367707015e-01 
 2.962800000000e-09  4.460081131383e-01 
 2.972800000000e-09  4.234836813045e-01 
 2.982800000000e-09  3.423795676381e-01 
 2.992800000000e-09  2.159673198829e-01 
 3.002800000000e-09  6.308563207865e-02 
 3.012800000000e-09 -9.799618079927e-02 
 3.022800000000e-09 -2.543814722115e-01 
 3.032800000000e-09 -3.762108931179e-01 
 3.042800000000e-09 -4.407013743475e-01 
 3.052800000000e-09 -4.399184709926e-01 
 3.062800000000e-09 -3.772496788872e-01 
 3.072800000000e-09 -2.639931857414e-01 
 3.082800000000e-09 -1.170597899764e-01 
 3.092800000000e-09  4.286363380084e-02 
 3.102800000000e-09  2.041942684561e-01 
 3.112800000000e-09  3.415360692519e-01 
 3.122800000000e-09  4.274193107021e-01 
 3.132800000000e-09  4.489538082605e-01 
 3.142800000000e-09  4.062391283235e-01 
 3.152800000000e-09  3.082310213305e-01 
 3.162800000000e-09  1.700323303013e-01 
 3.172800000000e-09  1.220948537737e-02 
 3.182800000000e-09 -1.506954765246e-01 
 3.192800000000e-09 -3.003632210806e-01 
 3.202800000000e-09 -4.062620418143e-01 
 3.212800000000e-09 -4.502906705383e-01 
 3.222800000000e-09 -4.287438494558e-01 
 3.232800000000e-09 -3.478664453566e-01 
 3.242800000000e-09 -2.209673529242e-01 
 3.252800000000e-09 -6.697531686972e-02 
 3.262800000000e-09  9.544307508114e-02 
 3.272800000000e-09  2.536220980405e-01 
 3.282800000000e-09  3.774885094217e-01 
 3.292800000000e-09  4.437594908704e-01 
 3.302800000000e-09  4.442292598780e-01 
 3.312800000000e-09  3.821681879263e-01 
 3.322800000000e-09  2.688553166720e-01 
 3.332800000000e-09  1.212338510633e-01 
 3.342800000000e-09 -3.974881912261e-02 
 3.352800000000e-09 -2.024450849403e-01 
 3.362800000000e-09 -3.416216475029e-01 
 3.372800000000e-09 -4.293209447449e-01 
 3.382800000000e-09 -4.523030647968e-01 
 3.392800000000e-09 -4.105055148784e-01 
 3.402800000000e-09 -3.128088361673e-01 
 3.412800000000e-09 -1.743189112339e-01 
 3.422800000000e-09 -1.569475708250e-02 
 3.432800000000e-09  1.482087378477e-01 
 3.442800000000e-09  2.994269403851e-01 
 3.452800000000e-09  4.070871928447e-01 
 3.462800000000e-09  4.526851808459e-01 
 3.472800000000e-09  4.322945131373e-01 
 3.482800000000e-09  3.520406138909e-01 
 3.492800000000e-09  2.252026705780e-01 
 3.502800000000e-09  7.070748770183e-02 
 3.512800000000e-09 -9.245350037242e-02 
 3.522800000000e-09 -2.518363244582e-01 
 3.532800000000e-09 -3.773311990678e-01 
 3.542800000000e-09 -4.452268421912e-01 
 3.552800000000e-09 -4.470284051076e-01 
 3.562800000000e-09 -3.858536240714e-01 
 3.572800000000e-09 -2.729090151913e-01 
 3.582800000000e-09 -1.251049118146e-01 
 3.592800000000e-09  3.644240555743e-02 
 3.602800000000e-09  1.999914519619e-01 
 3.612800000000e-09  3.405953303180e-01 
 3.622800000000e-09  4.299053550894e-01 
 3.632800000000e-09  4.543368217707e-01 
 3.642800000000e-09  4.136373704665e-01 
 3.652800000000e-09  3.165726591593e-01 
 3.662800000000e-09  1.782022212128e-01 
 3.672800000000e-09  1.920060561902e-02 
 3.682800000000e-09 -1.452736378242e-01 
 3.692800000000e-09 -2.976534205320e-01 
 3.702800000000e-09 -4.068405011510e-01 
 3.712800000000e-09 -4.539537155993e-01 
 3.722800000000e-09 -4.348354926656e-01 
 3.732800000000e-09 -3.554503821844e-01 
 3.742800000000e-09 -2.289941324694e-01 
 3.752800000000e-09 -7.435033030843e-02 
 3.762800000000e-09  8.921146571157e-02 
 3.772800000000e-09  2.494522563153e-01 
 3.782800000000e-09  3.763364461487e-01 
 3.792800000000e-09  4.457663717269e-01 
 3.802800000000e-09  4.489464728419e-01 
 3.812800000000e-09  3.888208432954e-01 
 3.822800000000e-09  2.764922220263e-01 
 3.832800000000e-09  1.288013076306e-01 
 3.842800000000e-09 -3.302464506779e-02 
 3.852800000000e-09 -1.971263918341e-01 
 3.862800000000e-09 -3.389183210497e-01 
 3.872800000000e-09 -4.297196565685e-01 
 3.882800000000e-09 -4.556028701002e-01 
 3.892800000000e-09 -4.161083065210e-01 
 3.902800000000e-09 -3.198634357820e-01 
 3.912800000000e-09 -1.818530092153e-01 
 3.922800000000e-09 -2.272033176242e-02 
 3.932800000000e-09  1.420773178429e-01 
 3.942800000000e-09  2.953893646469e-01 
 3.952800000000e-09  4.059658233762e-01 
 3.962800000000e-09  4.545636707476e-01 
 3.972800000000e-09  4.367659082365e-01 
 3.982800000000e-09  3.583757544702e-01 
 3.992800000000e-09  2.324982770463e-01 
 4.002800000000e-09  7.792651711607e-02 
 4.012800000000e-09 -8.582565544020e-02 
 4.022800000000e-09 -2.467039045119e-01 
 4.032800000000e-09 -3.748226163721e-01 
 4.042800000000e-09 -4.457258016256e-01 
 4.052800000000e-09 -4.503100116328e-01 
 4.062800000000e-09 -3.913325511482e-01 
 4.072800000000e-09 -2.797728593835e-01 
 4.082800000000e-09 -1.323801196030e-01 
 4.092800000000e-09  2.954803561310e-02 
 4.102800000000e-09  1.940142135048e-01 
 4.112800000000e-09  3.368403067578e-01 
 4.122800000000e-09  4.290539240045e-01 
 4.132800000000e-09  4.563866235124e-01 
 4.142800000000e-09  4.181602596929e-01 
 4.152800000000e-09  3.228499320862e-01 
 4.162800000000e-09  1.853485998485e-01 
 4.172800000000e-09  2.623846574920e-02 
 4.182800000000e-09 -1.387285482559e-01 
 4.192800000000e-09 -2.928239975567e-01 
 4.202800000000e-09 -4.046988635363e-01 
 4.212800000000e-09 -4.547585263213e-01 
 4.222800000000e-09 -4.383172311902e-01 
 4.232800000000e-09 -3.610066475422e-01 
 4.242800000000e-09 -2.358265609715e-01 
 4.252800000000e-09 -8.146055224146e-02 
 4.262800000000e-09  8.235860808733e-02 
 4.272800000000e-09  2.437392525780e-01 
 4.282800000000e-09  3.729968476402e-01 
 4.292800000000e-09  4.453349798319e-01 
 4.302800000000e-09  4.513364783909e-01 
 4.312800000000e-09  3.935603131801e-01 
 4.322800000000e-09  2.828579685286e-01 
 4.332800000000e-09  1.358780514526e-01 
 4.342800000000e-09 -2.604470302084e-02 
 4.352800000000e-09 -1.907562417861e-01 
 4.362800000000e-09 -3.345159251748e-01 
 4.372800000000e-09 -4.280886755761e-01 
 4.382800000000e-09 -4.568668413248e-01 
 4.392800000000e-09 -4.199462324195e-01 
 4.402800000000e-09 -3.256407777915e-01 
 4.412800000000e-09 -1.887413602453e-01 
 4.422800000000e-09 -2.974926788083e-02 
 4.432800000000e-09  1.352929398389e-01 
 4.442800000000e-09  2.900751759522e-01 
 4.452800000000e-09  4.031880344760e-01 
 4.462800000000e-09  4.546924178627e-01 
 4.472800000000e-09  4.396275995824e-01 
 4.482800000000e-09  3.634474953723e-01 
 4.492800000000e-09  2.390376077834e-01 
 4.502800000000e-09  8.496136670187e-02 
 4.512800000000e-09 -7.884953920856e-02 
 4.522800000000e-09 -2.406439186559e-01 
 4.532800000000e-09 -3.709762313848e-01 
 4.542800000000e-09 -4.447222252229e-01 
 4.552800000000e-09 -4.521476848368e-01 
 4.562800000000e-09 -3.956128319638e-01 
 4.572800000000e-09 -2.858276459783e-01 
 4.582800000000e-09 -1.393290464377e-01 
 4.592800000000e-09  2.252653919831e-02 
 4.602800000000e-09  1.874126792454e-01 
 4.612800000000e-09  3.320440245498e-01 
 4.622800000000e-09  4.269432679558e-01 
 4.632800000000e-09  4.571644429684e-01 
 4.642800000000e-09  4.215719929874e-01 
 4.652800000000e-09  3.283133218231e-01 
 4.662800000000e-09  1.920715529767e-01 
 4.672800000000e-09  3.325470640402e-02 
 4.682800000000e-09 -1.318070402043e-01 
 4.692800000000e-09 -2.872144320292e-01 
 4.702800000000e-09 -4.015273347652e-01 
 4.712800000000e-09 -4.544663063429e-01 
 4.722800000000e-09 -4.407908142734e-01 
 4.732800000000e-09 -3.657729158300e-01 
 4.742800000000e-09 -2.421780202838e-01 
 4.752800000000e-09 -8.844185663265e-02 
 4.762800000000e-09  7.531873946254e-02 
 4.772800000000e-09  2.374717515722e-01 
 4.782800000000e-09  3.688360721223e-01 
 4.792800000000e-09  4.439732690968e-01 
 4.802800000000e-09  4.528263916120e-01 
 4.812800000000e-09  3.975539286856e-01 
 4.822800000000e-09  2.887197832992e-01 
 4.832800000000e-09  1.427452090191e-01 
 4.842800000000e-09 -1.900683521367e-02 
 4.852800000000e-09 -1.840221144906e-01 
 4.862800000000e-09 -3.294812076125e-01 
 4.872800000000e-09 -4.256824112653e-01 
 4.882800000000e-09 -4.573422737314e-01 
 4.892800000000e-09 -4.230905215707e-01 
 4.902800000000e-09 -3.309043136596e-01 
 4.912800000000e-09 -1.953561369025e-01 
 4.922800000000e-09 -3.675188302239e-02 
 4.932800000000e-09  1.282945509115e-01 
 4.942800000000e-09  2.842842012135e-01 
 4.952800000000e-09  3.997700397599e-01 
 4.962800000000e-09  4.541354213109e-01 
 4.972800000000e-09  4.418560147205e-01 
 4.982800000000e-09  3.680196581232e-01 
 4.992800000000e-09  2.452675716288e-01 
 5.002800000000e-09  9.190678980262e-02 
 5.012800000000e-09 -7.177794681354e-02 
 5.022800000000e-09 -2.342491835715e-01 
 5.032800000000e-09 -3.666174053459e-01 
 5.042800000000e-09 -4.431316503883e-01 
 5.052800000000e-09 -4.534139719819e-01 
 5.062800000000e-09 -3.994179586444e-01 
 5.072800000000e-09 -2.915580927057e-01 
 5.082800000000e-09 -1.461388589251e-01 
 5.092800000000e-09  1.548362283997e-02 
 5.102800000000e-09  1.805956131248e-01 
 5.112800000000e-09  3.268524868168e-01 
 5.122800000000e-09  4.243405068460e-01 
 5.132800000000e-09  4.574387477709e-01 
 5.142800000000e-09  4.245380308711e-01 
 5.152800000000e-09  3.334428475465e-01 
 5.162800000000e-09  1.986124513341e-01 
 5.172800000000e-09  4.024437181644e-02 
 5.182800000000e-09 -1.247660339168e-01 
 5.192800000000e-09 -2.813057722683e-01 
 5.202800000000e-09 -3.979441275556e-01 
 5.212800000000e-09 -4.537296616372e-01 
 5.222800000000e-09 -4.428513831627e-01 
 5.232800000000e-09 -3.702107695655e-01 
 5.242800000000e-09 -2.483221550949e-01 
 5.252800000000e-09 -9.536237888038e-02 
 5.262800000000e-09  6.822964031306e-02 
 5.272800000000e-09  2.309900613870e-01 
 5.282800000000e-09  3.643409709030e-01 
 5.292800000000e-09  4.422239237730e-01 
 5.302800000000e-09  4.539376832281e-01 
 5.312800000000e-09  4.012287163349e-01 
 5.322800000000e-09  2.943592644977e-01 
 5.332800000000e-09  1.495164499882e-01 
 5.342800000000e-09 -1.196149499620e-02 
 5.352800000000e-09 -1.771478192550e-01 
 5.362800000000e-09 -3.241778895173e-01 
 5.372800000000e-09 -4.229393143540e-01 
 5.382800000000e-09 -4.574742131561e-01 
 5.392800000000e-09 -4.259312925835e-01 
 5.402800000000e-09 -3.359405659720e-01 
 5.412800000000e-09 -2.018465275581e-01 
 5.422800000000e-09 -4.373359880640e-02 
 5.432800000000e-09  1.212260133271e-01 
 5.442800000000e-09  2.782907929844e-01 
 5.452800000000e-09  3.960665479784e-01 
 5.462800000000e-09  4.532682739949e-01 
 5.472800000000e-09  4.437953328082e-01 
 5.482800000000e-09  3.723610589865e-01 
 5.492800000000e-09  2.513506512048e-01 
 5.502800000000e-09  9.881018748148e-02 
 5.512800000000e-09 -6.467937748540e-02 
 5.522800000000e-09 -2.277056093292e-01 
 5.532800000000e-09 -3.620209796675e-01 
 5.542800000000e-09 -4.412648771412e-01 
 5.552800000000e-09 -4.544111247158e-01 
 5.562800000000e-09 -4.029971198624e-01 
 5.572800000000e-09 -2.971306372958e-01 
 5.582800000000e-09 -1.528813635427e-01 
 5.592800000000e-09  8.440516503341e-03 
 5.602800000000e-09  1.736840428592e-01 
 5.612800000000e-09  3.214673898980e-01 
 5.622800000000e-09  4.214916511526e-01 
 5.632800000000e-09  4.574621227799e-01 
 5.642800000000e-09  4.272822933248e-01 
 5.652800000000e-09  3.384062297983e-01 
 5.662800000000e-09  2.050625798760e-01 
 5.672800000000e-09  4.721902852760e-02 
 5.682800000000e-09 -1.176796597379e-01 
 5.692800000000e-09 -2.752476314128e-01 
 5.702800000000e-09 -3.941472943656e-01 
 5.712800000000e-09 -4.527614037085e-01 
 5.722800000000e-09 -4.446969618219e-01 
 5.732800000000e-09 -3.744776534153e-01 
 5.742800000000e-09 -2.543575331744e-01 
 5.752800000000e-09 -1.022519437785e-01 
 5.762800000000e-09  6.112846786811e-02 
 5.772800000000e-09  2.244010517746e-01 
 5.782800000000e-09  3.596654773200e-01 
 5.792800000000e-09  4.402638280855e-01 
 5.802800000000e-09  4.548434208000e-01 
 5.812800000000e-09  4.047307124010e-01 
 5.822800000000e-09  2.998771284639e-01 
 5.832800000000e-09  1.562351849497e-01 
 5.842800000000e-09 -4.921972044629e-03 
 5.852800000000e-09 -1.702086349757e-01 
 5.862800000000e-09 -3.187271513621e-01 
 5.872800000000e-09 -4.200045365878e-01 
 5.882800000000e-09 -4.574094140965e-01 
 5.892800000000e-09 -4.285970920069e-01 
 5.902800000000e-09 -3.408443850099e-01 
 5.912800000000e-09 -2.082631859340e-01 
 5.922800000000e-09 -5.070135214036e-02 
 5.932800000000e-09  1.141290378386e-01 
 5.942800000000e-09  2.721808689249e-01 
 5.952800000000e-09  3.921925046704e-01 
 5.962800000000e-09  4.522156298640e-01 
 5.972800000000e-09  4.455622883282e-01 
 5.982800000000e-09  3.765651682665e-01 
 5.992800000000e-09  2.573453720548e-01 
 6.002800000000e-09  1.056880118476e-01 
 6.012800000000e-09 -5.757846336044e-02 
 6.022800000000e-09 -2.210818247596e-01 
 6.032800000000e-09 -3.572688457911e-01 
 6.042800000000e-09 -4.392022227355e-01 
 6.052800000000e-09 -4.552237933568e-01 
 6.062800000000e-09 -4.064239032247e-01 
 6.072800000000e-09 -3.025995103494e-01 
 6.082800000000e-09 -1.595854265665e-01 
 6.092800000000e-09  1.391543140028e-03 
 6.102800000000e-09  1.667015155849e-01 
 6.112800000000e-09  3.159361639503e-01 
 6.122800000000e-09  4.184602419865e-01 
 6.132800000000e-09  4.573048187281e-01 
 6.142800000000e-09  4.298718082941e-01 
 6.152800000000e-09  3.432588055647e-01 
 6.162800000000e-09  2.114582759281e-01 
 6.172800000000e-09  5.419434045304e-02 
 6.182800000000e-09 -1.105587704865e-01 
 6.192800000000e-09 -2.690740446971e-01 
 6.202800000000e-09 -3.901873051011e-01 
 6.212800000000e-09 -4.516198419898e-01 
 6.222800000000e-09 -4.463855271032e-01 
 6.232800000000e-09 -3.786236475091e-01 
 6.242800000000e-09 -2.603201302356e-01 
 6.252800000000e-09 -1.091296435248e-01 
 6.262800000000e-09  5.401333303834e-02 
 6.272800000000e-09  2.177258535515e-01 
 6.282800000000e-09  3.548350215700e-01 
 6.292800000000e-09  4.381151516233e-01 
 6.302800000000e-09  4.555775631878e-01 
 6.312800000000e-09  4.080967132847e-01 
 6.322800000000e-09  3.053086330167e-01 
 6.332800000000e-09  1.629309383408e-01 
 6.342800000000e-09  2.135844059568e-03 
 6.352800000000e-09 -1.631922244323e-01 
 6.362800000000e-09 -3.131290505013e-01 
 6.372800000000e-09 -4.168912780963e-01 
 6.382800000000e-09 -4.571728529524e-01 
 6.392800000000e-09 -4.311205126674e-01 
 6.402800000000e-09 -3.456516914975e-01 
 6.412800000000e-09 -2.146397162427e-01 
 6.422800000000e-09 -5.768370688099e-02 
 6.432800000000e-09  1.069869427177e-01 
 6.442800000000e-09  2.659493934726e-01 
 6.452800000000e-09  3.881551960402e-01 
 6.462800000000e-09  4.509955325827e-01 
 6.472800000000e-09  4.471831221555e-01 
 6.482800000000e-09  3.806624942463e-01 
 6.492800000000e-09  2.632824606186e-01 
 6.502800000000e-09  1.125679802634e-01 
 6.512800000000e-09 -5.045201600341e-02 
 6.522800000000e-09 -2.143611489304e-01 
 6.532800000000e-09 -3.523801288960e-01 
 6.542800000000e-09 -4.370007443997e-01 
 6.552800000000e-09 -4.559033370580e-01 
 6.562800000000e-09 -4.097447060417e-01 
 6.572800000000e-09 -3.079989601612e-01 
 6.582800000000e-09 -1.662671998019e-01 
 6.592800000000e-09 -5.660363238943e-03 
 6.602800000000e-09  1.596765336897e-01 
 6.612800000000e-09  3.103010401717e-01 
 6.622800000000e-09  4.152941506714e-01 
 6.632800000000e-09  4.570123086190e-01 
 6.642800000000e-09  4.323440376584e-01 
 6.652800000000e-09  3.480255102968e-01 
 6.662800000000e-09  2.178101657526e-01 
 6.672800000000e-09  6.117022133697e-02 
 6.682800000000e-09 -1.034161323531e-01 
 6.692800000000e-09 -2.628099530750e-01 
 6.702800000000e-09 -3.860976741443e-01 
 6.712800000000e-09 -4.503421855411e-01 
 6.722800000000e-09 -4.479528405283e-01 
 6.732800000000e-09 -3.826784451950e-01 
 6.742800000000e-09 -2.662290567424e-01 
 6.752800000000e-09 -1.160013692258e-01 
 6.762800000000e-09  4.689300584350e-02 
 6.772800000000e-09  2.109848967024e-01 
 6.782800000000e-09  3.499016360669e-01 
 6.792800000000e-09  4.358575946463e-01 
 6.802800000000e-09  4.562009585083e-01 
 6.812800000000e-09  4.113687892031e-01 
 6.822800000000e-09  3.106718610011e-01 
 6.832800000000e-09  1.695951310821e-01 
 6.842800000000e-09  9.181472310365e-03 
 6.852800000000e-09 -1.561565838742e-01 
 6.862800000000e-09 -3.074535915351e-01 
 6.872800000000e-09 -4.136690376456e-01 
 6.882800000000e-09 -4.568221348841e-01 
 6.892800000000e-09 -4.335405039529e-01 
 6.902800000000e-09 -3.503781225009e-01 
 6.912800000000e-09 -2.209679135411e-01 
 6.922800000000e-09 -6.465386570149e-02 
 6.932800000000e-09  9.984502259059e-02 
 6.942800000000e-09  2.596541507478e-01 
 6.952800000000e-09  3.840136578745e-01 
 6.962800000000e-09  4.496593566753e-01 
 6.972800000000e-09  4.486948947093e-01 
 6.982800000000e-09  3.846720612256e-01 
 6.992800000000e-09  2.691604810255e-01 
 7.002800000000e-09  1.194297308302e-01 
 7.012800000000e-09 -4.333719540977e-02 
 7.022800000000e-09 -2.075984148824e-01 
 7.032800000000e-09 -3.474000640157e-01 
 7.042800000000e-09 -4.346853088914e-01 
 7.052800000000e-09 -4.564693977934e-01 
 7.062800000000e-09 -4.129676152085e-01 
 7.072800000000e-09 -3.133260876317e-01 
 7.082800000000e-09 -1.729139895513e-01 
 7.092800000000e-09 -1.269971466756e-02 
 7.102800000000e-09  1.526316211386e-01 
 7.112800000000e-09  3.045860162913e-01 
 7.122800000000e-09  4.120155286861e-01 
 7.132800000000e-09  4.566022745617e-01 
 7.142800000000e-09  4.347100514570e-01 
 7.152800000000e-09  3.527097435642e-01 
 7.162800000000e-09  2.241129457818e-01 
 7.172800000000e-09  6.813431770342e-02 
 7.182800000000e-09 -9.627448092127e-02 
 7.192800000000e-09 -2.564826396367e-01 
 7.202800000000e-09 -3.819031869917e-01 
 7.212800000000e-09 -4.489465457194e-01 
 7.222800000000e-09 -4.494084842158e-01 
 7.232800000000e-09 -3.866424987612e-01 
 7.242800000000e-09 -2.720760658820e-01 
 7.252800000000e-09 -1.228528622676e-01 
 7.262800000000e-09  3.978412732817e-02 
 7.272800000000e-09  2.042014587231e-01 
 7.282800000000e-09  3.448752099667e-01 
 7.292800000000e-09  4.334837756139e-01 
 7.302800000000e-09  4.567086404021e-01 
 7.312800000000e-09  4.145411885897e-01 
 7.322800000000e-09  3.159615630371e-01 
 7.332800000000e-09  1.762234581038e-01 
 7.342800000000e-09  1.621479994358e-02 
 7.352800000000e-09 -1.491023138403e-01 
 7.362800000000e-09 -3.016985669009e-01 
 7.372800000000e-09 -4.103334633943e-01 
 7.382800000000e-09 -4.563522793642e-01 
 7.392800000000e-09 -4.358521154206e-01 
 7.402800000000e-09 -3.550198610583e-01 
 7.412800000000e-09 -2.272449137909e-01 
 7.422800000000e-09 -7.161169066783e-02 
 7.432800000000e-09  9.270440801386e-02 
 7.442800000000e-09  2.532954443145e-01 
 7.452800000000e-09  3.797662913121e-01 
 7.462800000000e-09  4.482037419664e-01 
 7.472800000000e-09  4.500935802698e-01 
 7.482800000000e-09  3.885896548632e-01 
 7.492800000000e-09  2.749755874423e-01 
 7.502800000000e-09  1.262703778329e-01 
 7.512800000000e-09 -3.623407544641e-02 
 7.522800000000e-09 -2.007944708042e-01 
 7.532800000000e-09 -3.423271679451e-01 
 7.542800000000e-09 -4.322527764891e-01 
 7.552800000000e-09 -4.569183339211e-01 
 7.562800000000e-09 -4.160891137666e-01 
 7.572800000000e-09 -3.185779691542e-01 
 7.582800000000e-09 -1.795233056352e-01 
 7.592800000000e-09 -1.972692540755e-02 
 7.602800000000e-09  1.455688442643e-01 
 7.612800000000e-09  2.987913823484e-01 
 7.622800000000e-09  4.086229054802e-01 
 7.632800000000e-09  4.560721435684e-01 
 7.642800000000e-09  4.369784840932e-01 
 7.652800000000e-09  3.573305864837e-01 
 7.662800000000e-09  2.303807658847e-01 
 7.672800000000e-09  7.509590741257e-02 
 7.682800000000e-09 -8.913280353317e-02 
 7.692800000000e-09 -2.500995608413e-01 
 7.702800000000e-09 -3.776178325300e-01 
 7.712800000000e-09 -4.474509243371e-01 
 7.722800000000e-09 -4.507721167470e-01 
 7.732800000000e-09 -3.905342881303e-01 
 7.742800000000e-09 -2.778758805777e-01 
 7.752800000000e-09 -1.296931390836e-01 
 7.762800000000e-09  3.268256057686e-02 
 7.772800000000e-09  1.973801654060e-01 
 7.782800000000e-09  3.397654545979e-01 
 7.792800000000e-09  4.310070134681e-01 
 7.802800000000e-09  4.571160598334e-01 
 7.812800000000e-09  4.176293808753e-01 
 7.822800000000e-09  3.211913869409e-01 
 7.832800000000e-09  1.828257079855e-01 
 7.842800000000e-09  2.324341107975e-02 
 7.852800000000e-09 -1.420299914886e-01 
 7.862800000000e-09 -2.958696889158e-01 
 7.872800000000e-09 -4.068946497824e-01 
 7.882800000000e-09 -4.557762780321e-01 
 7.892800000000e-09 -4.380788771739e-01 
 7.902800000000e-09 -3.596085528913e-01 
 7.912800000000e-09 -2.334957540046e-01 
 7.922800000000e-09 -7.857348414270e-02 
 7.932800000000e-09  8.556086554516e-02 
 7.942800000000e-09  2.468818705658e-01 
 7.952800000000e-09  3.754323174342e-01 
 7.962800000000e-09  4.466551087750e-01 
 7.972800000000e-09  4.514091177522e-01 
 7.982800000000e-09  3.924445270578e-01 
 7.992800000000e-09  2.807524277331e-01 
 8.002800000000e-09  1.331069102784e-01 
 8.012800000000e-09 -2.913299510708e-02 
 8.022800000000e-09 -1.939518457665e-01 
 8.032800000000e-09 -3.371732900213e-01 
 8.042800000000e-09 -4.297224362821e-01 
 8.052800000000e-09 -4.572742829081e-01 
 8.062800000000e-09 -4.191346629114e-01 
 8.072800000000e-09 -3.237781197942e-01 
 8.082800000000e-09 -1.861132941985e-01 
 8.092800000000e-09 -2.675536083790e-02 
 8.102800000000e-09  1.384856439655e-01 
 8.112800000000e-09  2.929230115276e-01 
 8.122800000000e-09  4.051298944682e-01 
 8.132800000000e-09  4.554410995090e-01 
 8.142800000000e-09  4.391430432519e-01 
 8.152800000000e-09  3.618579724441e-01 
 8.162800000000e-09  2.365928952597e-01 
 8.172800000000e-09  8.204635938399e-02 
 8.182800000000e-09 -8.198897564289e-02 
 8.192800000000e-09 -2.436459082728e-01 
 8.202800000000e-09 -3.732153667353e-01 
 8.212800000000e-09 -4.458227253369e-01 
 8.222800000000e-09 -4.520093915296e-01 
 8.232800000000e-09 -3.943180915686e-01 
 8.242800000000e-09 -2.835980989232e-01 
 8.252800000000e-09 -1.365051252141e-01 
 8.262800000000e-09  2.559033504686e-02 
 8.272800000000e-09  1.905119851155e-01 
 8.282800000000e-09  3.345497607201e-01 
 8.292800000000e-09  4.283953013519e-01 
 8.302800000000e-09  4.573875388810e-01 
 8.312800000000e-09  4.205988773743e-01 
 8.322800000000e-09  3.263325370122e-01 
 8.332800000000e-09  1.893816167159e-01 
 8.342800000000e-09  3.025996385229e-02 
 8.352800000000e-09 -1.349384071188e-01 
 8.362800000000e-09 -2.899527530105e-01 
 8.372800000000e-09 -4.033281816335e-01 
 8.382800000000e-09 -4.550641998263e-01 
 8.392800000000e-09 -4.401668764635e-01 
 8.402800000000e-09 -3.640735351498e-01 
 8.412800000000e-09 -2.396662948780e-01 
 8.422800000000e-09 -8.550916986673e-02 
 8.432800000000e-09  7.842108987897e-02 
 8.442800000000e-09  2.403935208180e-01 
 8.452800000000e-09  3.709663606668e-01 
 8.462800000000e-09  4.449510688028e-01 
 8.472800000000e-09  4.525699789052e-01 
 8.482800000000e-09  3.961616296651e-01 
 8.492800000000e-09  2.864256291063e-01 
 8.502800000000e-09  1.398958292442e-01 
 8.512800000000e-09 -2.205118164834e-02 
 8.522800000000e-09 -1.870637197247e-01 
 8.532800000000e-09 -3.319034784809e-01 
 8.542800000000e-09 -4.270377996711e-01 
 8.552800000000e-09 -4.574693780383e-01 
 8.562800000000e-09 -4.220348171628e-01 
 8.572800000000e-09 -3.288649010883e-01 
 8.582800000000e-09 -1.926371539408e-01 
 8.592800000000e-09 -3.376014375869e-02 
 8.602800000000e-09  1.313888874819e-01 
 8.612800000000e-09  2.869631079839e-01 
 8.622800000000e-09  4.014969647788e-01 
 8.632800000000e-09  4.546552463655e-01 
 8.642800000000e-09  4.411609975859e-01 
 8.652800000000e-09  3.662654781297e-01 
 8.662800000000e-09  2.427244821947e-01 
 8.672800000000e-09  8.896609822147e-02 
 8.682800000000e-09 -7.485735057394e-02 
 8.692800000000e-09 -2.371301511697e-01 
 8.702800000000e-09 -3.686923382441e-01 
 8.712800000000e-09 -4.440497076240e-01 
 8.722800000000e-09 -4.531007068456e-01 
 8.732800000000e-09 -3.979789047495e-01 
 8.742800000000e-09 -2.892330278525e-01 
 8.752800000000e-09 -1.432754432248e-01 
 8.762800000000e-09  1.852038500685e-02 
 8.772800000000e-09  1.836126442957e-01 
 8.782800000000e-09  3.292384229048e-01 
 8.792800000000e-09  4.256519029949e-01 
 8.802800000000e-09  4.575196406071e-01 
 8.812800000000e-09  4.234407847297e-01 
 8.822800000000e-09  3.313723990449e-01 
 8.832800000000e-09  1.958768127208e-01 
 8.842800000000e-09  3.725332478645e-02 
 8.852800000000e-09 -1.278400594677e-01 
 8.862800000000e-09 -2.839573816124e-01 
 8.872800000000e-09 -3.996390427658e-01 
 8.882800000000e-09 -4.542160877500e-01 
 8.892800000000e-09 -4.421257782343e-01 
 8.902800000000e-09 -3.684326585718e-01 
 8.912800000000e-09 -2.457646379256e-01 
 8.922800000000e-09 -9.241639622997e-02 
 8.932800000000e-09  7.129819455159e-02 
 8.942800000000e-09  2.338543174583e-01 
 8.952800000000e-09  3.663946130744e-01 
 8.962800000000e-09  4.431176670791e-01 
 8.972800000000e-09  4.536002345643e-01 
 8.982800000000e-09  3.997690110120e-01 
 8.992800000000e-09  2.920204323395e-01 
 9.002800000000e-09  1.466467744372e-01 
 9.012800000000e-09 -1.499149344083e-02 
 9.022800000000e-09 -1.801510898144e-01 
 9.032800000000e-09 -3.265493114683e-01 
 9.042800000000e-09 -4.242356206773e-01 
 9.052800000000e-09 -4.575399775864e-01 
 9.062800000000e-09 -4.248208832995e-01 
 9.072800000000e-09 -3.338606710111e-01 
 9.082800000000e-09 -1.991057735384e-01 
 9.092800000000e-09 -4.074283773917e-02 
 9.102800000000e-09  1.242907792480e-01 
 9.112800000000e-09  2.809343170635e-01 
 9.122800000000e-09  3.977530935240e-01 
 9.132800000000e-09  4.537454984783e-01 
 9.142800000000e-09  4.430608504159e-01 
 9.152800000000e-09  3.705758217943e-01 
 9.162800000000e-09  2.487892032526e-01 
 9.172800000000e-09  9.586280793541e-02 
 9.182800000000e-09 -6.773975921700e-02 
 9.192800000000e-09 -2.305638212056e-01 
 9.202800000000e-09 -3.640709216986e-01 
 9.212800000000e-09 -4.421555904183e-01 
 9.222800000000e-09 -4.540708487608e-01 
 9.232800000000e-09 -4.015350312196e-01 
 9.242800000000e-09 -2.947905868842e-01 
 9.252800000000e-09 -1.500105540114e-01 
 9.262800000000e-09  1.146657391061e-02 
 9.272800000000e-09  1.766828093385e-01 
 9.282800000000e-09  3.238385120154e-01 
 9.292800000000e-09  4.227894855405e-01 
 9.302800000000e-09  4.575292969100e-01 
 9.312800000000e-09  4.261731584470e-01 
 9.322800000000e-09  3.363276743413e-01 
 9.332800000000e-09  2.023229443856e-01 
 9.342800000000e-09  4.422987991194e-02 
 9.352800000000e-09 -1.207388970469e-01 
 9.362800000000e-09 -2.778925476557e-01 
 9.372800000000e-09 -3.958390504301e-01 
 9.382800000000e-09 -4.532445772687e-01 
 9.392800000000e-09 -4.439679227032e-01 
 9.402800000000e-09 -3.726966756504e-01 
 9.412800000000e-09 -2.517991060177e-01 
 9.422800000000e-09 -9.930478161771e-02 
 9.432800000000e-09  6.418397329373e-02 
 9.442800000000e-09  2.272605841700e-01 
 9.452800000000e-09  3.617220963555e-01 
 9.462800000000e-09  4.411631775487e-01 
 9.472800000000e-09  4.545115963212e-01 
 9.482800000000e-09  4.032757955432e-01 
 9.492800000000e-09  2.975426606465e-01 
 9.502800000000e-09  1.533667484908e-01 
 9.512800000000e-09 -7.944348791841e-03 
 9.522800000000e-09 -1.732069208666e-01 
 9.532800000000e-09 -3.211058174445e-01 
 9.542800000000e-09 -4.213139863289e-01 
 9.552800000000e-09 -4.574885336262e-01 
 9.562800000000e-09 -4.274986086066e-01 
 9.572800000000e-09 -3.387740882330e-01 
 9.582800000000e-09 -2.055282802863e-01 
 9.592800000000e-09 -4.771371097247e-02 
 9.602800000000e-09  1.171857440979e-01 
 9.612800000000e-09  2.748328954558e-01 
 9.622800000000e-09  3.938970155915e-01 
 9.632800000000e-09  4.527129061338e-01 
 9.642800000000e-09  4.448463561346e-01 
 9.652800000000e-09  3.747946912477e-01 
 9.662800000000e-09  2.547941404278e-01 
 9.672800000000e-09  1.027427398403e-01 
 9.682800000000e-09 -6.063013181604e-02 
 9.692800000000e-09 -2.239445049035e-01 
 9.702800000000e-09 -3.593484427907e-01 
 9.712800000000e-09 -4.401409645712e-01 
 9.722800000000e-09 -4.549230932779e-01 
 9.732800000000e-09 -4.049917466859e-01 
 9.742800000000e-09 -3.002767403508e-01 
 9.752800000000e-09 -1.567148902396e-01 
 9.762800000000e-09  4.425363449985e-03 
 9.772800000000e-09  1.697242057403e-01 
 9.782800000000e-09  3.183514894145e-01 
 9.792800000000e-09  4.198089777054e-01 
 9.802800000000e-09  4.574173378480e-01 
 9.812800000000e-09  4.287968814889e-01 
 9.822800000000e-09  3.411997245193e-01 
 9.832800000000e-09  2.087218342958e-01 
 9.842800000000e-09  5.119484400442e-02 
 9.852800000000e-09 -1.136312170511e-01 
 9.862800000000e-09 -2.717555987925e-01 
 9.872800000000e-09 -3.919273885317e-01 
 9.882800000000e-09 -4.521509060564e-01 
 9.892800000000e-09 -4.456964700259e-01 
 9.902800000000e-09 -3.768699835466e-01 
 9.912800000000e-09 -2.577741068104e-01 
 9.922800000000e-09 -1.061762491365e-01 
 9.932800000000e-09  5.707864297854e-02 
 9.942800000000e-09  2.206179868539e-01 
 9.952800000000e-09  3.569399236790e-01 
 9.962800000000e-09  4.390653197159e-01 
 9.972800000000e-09  4.552896068283e-01 
 9.982800000000e-09  4.066731140209e-01 
 9.992800000000e-09  3.029907032722e-01 
 1.000000000000e-08  2.023714611556e-01 
